Time elapsed	Time stamp	Loop Index	GP2Y ADC
s			Cts

5.01558160e+00	2022-05-17T19:14:41.941764	1	2.17000000e+02
5.02587510e+00	2022-05-17T19:14:41.941764	2	2.21000000e+02
5.05231990e+00	2022-05-17T19:14:41.972385	3	2.33000000e+02
5.06493170e+00	2022-05-17T19:14:41.988007	4	2.19000000e+02
5.07821510e+00	2022-05-17T19:14:42.003627	5	2.19000000e+02
5.09047310e+00	2022-05-17T19:14:42.003627	6	2.21000000e+02
5.09933860e+00	2022-05-17T19:14:42.019567	7	2.18000000e+02
5.11689570e+00	2022-05-17T19:14:42.034870	8	2.18000000e+02
5.12436540e+00	2022-05-17T19:14:42.050492	9	2.20000000e+02
5.13545600e+00	2022-05-17T19:14:42.050492	10	2.20000000e+02
5.14788870e+00	2022-05-17T19:14:42.066155	11	2.22000000e+02
5.15663470e+00	2022-05-17T19:14:42.082053	12	2.28000000e+02
5.16457550e+00	2022-05-17T19:14:42.082053	13	2.25000000e+02
5.18487140e+00	2022-05-17T19:14:42.097671	14	2.23000000e+02
5.19378340e+00	2022-05-17T19:14:42.112977	15	2.19000000e+02
5.20564350e+00	2022-05-17T19:14:42.128633	16	2.20000000e+02
5.21388910e+00	2022-05-17T19:14:42.128633	17	2.24000000e+02
5.22272370e+00	2022-05-17T19:14:42.144713	18	2.55000000e+02
5.24076530e+00	2022-05-17T19:14:42.160329	19	2.19000000e+02
5.25142670e+00	2022-05-17T19:14:42.175499	20	2.20000000e+02
5.26387680e+00	2022-05-17T19:14:42.191091	21	2.19000000e+02
5.27272520e+00	2022-05-17T19:14:42.191091	22	2.20000000e+02
5.28376300e+00	2022-05-17T19:14:42.206997	23	2.19000000e+02
5.29213460e+00	2022-05-17T19:14:42.206997	24	2.37000000e+02
5.30864490e+00	2022-05-17T19:14:42.222736	25	2.19000000e+02
5.32663860e+00	2022-05-17T19:14:42.253611	26	2.32000000e+02
5.33313680e+00	2022-05-17T19:14:42.253611	27	2.23000000e+02
5.34531830e+00	2022-05-17T19:14:42.269636	28	2.18000000e+02
5.35346630e+00	2022-05-17T19:14:42.269636	29	2.39000000e+02
5.37361470e+00	2022-05-17T19:14:42.300432	30	2.18000000e+02
5.38266380e+00	2022-05-17T19:14:42.300432	31	2.18000000e+02
5.39457480e+00	2022-05-17T19:14:42.316781	32	2.55000000e+02
5.40660990e+00	2022-05-17T19:14:42.332910	33	2.19000000e+02
5.41425780e+00	2022-05-17T19:14:42.332910	34	2.23000000e+02
5.43653200e+00	2022-05-17T19:14:42.363648	35	2.18000000e+02
5.45579760e+00	2022-05-17T19:14:42.379305	36	2.19000000e+02
5.46366790e+00	2022-05-17T19:14:42.379305	37	2.19000000e+02
5.47235830e+00	2022-05-17T19:14:42.395408	38	2.19000000e+02
5.49019220e+00	2022-05-17T19:14:42.410824	39	2.23000000e+02
5.49861590e+00	2022-05-17T19:14:42.426133	40	2.18000000e+02
5.51871770e+00	2022-05-17T19:14:42.441792	41	2.20000000e+02
5.52903980e+00	2022-05-17T19:14:42.441792	42	2.19000000e+02
5.53785280e+00	2022-05-17T19:14:42.457728	43	2.18000000e+02
5.55899270e+00	2022-05-17T19:14:42.473285	44	2.27000000e+02
5.57432630e+00	2022-05-17T19:14:42.491821	45	2.23000000e+02
5.58287640e+00	2022-05-17T19:14:42.507475	46	2.18000000e+02
5.59575560e+00	2022-05-17T19:14:42.523073	47	2.08000000e+02
5.60731810e+00	2022-05-17T19:14:42.523073	48	2.55000000e+02
5.62374780e+00	2022-05-17T19:14:42.538688	49	2.20000000e+02
5.64086980e+00	2022-05-17T19:14:42.554309	50	2.19000000e+02
5.65234670e+00	2022-05-17T19:14:42.570383	51	2.23000000e+02
5.67296050e+00	2022-05-17T19:14:42.586113	52	2.23000000e+02
5.69247140e+00	2022-05-17T19:14:42.616835	53	2.19000000e+02
5.70155500e+00	2022-05-17T19:14:42.616835	54	2.19000000e+02
5.70972750e+00	2022-05-17T19:14:42.632920	55	2.55000000e+02
5.71797030e+00	2022-05-17T19:14:42.632920	56	2.19000000e+02
5.73425570e+00	2022-05-17T19:14:42.648504	57	2.17000000e+02
5.75148950e+00	2022-05-17T19:14:42.663658	58	2.17000000e+02
5.76259420e+00	2022-05-17T19:14:42.679280	59	2.29000000e+02
5.78929350e+00	2022-05-17T19:14:42.710521	60	2.25000000e+02
5.80199620e+00	2022-05-17T19:14:42.726177	61	2.23000000e+02
5.81215320e+00	2022-05-17T19:14:42.726177	62	2.19000000e+02
5.82036570e+00	2022-05-17T19:14:42.742229	63	2.21000000e+02
5.82908050e+00	2022-05-17T19:14:42.742229	64	2.23000000e+02
5.85045000e+00	2022-05-17T19:14:42.773008	65	2.20000000e+02
5.86385550e+00	2022-05-17T19:14:42.788665	66	2.08000000e+02
5.87296990e+00	2022-05-17T19:14:42.788665	67	2.23000000e+02
5.88166160e+00	2022-05-17T19:14:42.804298	68	2.26000000e+02
5.89045290e+00	2022-05-17T19:14:42.804298	69	2.14000000e+02
5.90818020e+00	2022-05-17T19:14:42.835492	70	2.23000000e+02
5.92736130e+00	2022-05-17T19:14:42.851152	71	2.14000000e+02
5.93929560e+00	2022-05-17T19:14:42.866735	72	2.16000000e+02
5.94751550e+00	2022-05-17T19:14:42.866735	73	2.18000000e+02
5.96972920e+00	2022-05-17T19:14:42.882778	74	2.18000000e+02
5.98761390e+00	2022-05-17T19:14:42.913601	75	2.19000000e+02
5.99641980e+00	2022-05-17T19:14:42.913601	76	2.19000000e+02
6.00458870e+00	2022-05-17T19:14:42.929753	77	2.29000000e+02
6.01307170e+00	2022-05-17T19:14:42.929753	78	2.18000000e+02
6.03487760e+00	2022-05-17T19:14:42.960462	79	2.19000000e+02
6.04600870e+00	2022-05-17T19:14:42.960462	80	2.19000000e+02
6.06041980e+00	2022-05-17T19:14:42.976570	81	2.21000000e+02
6.07005000e+00	2022-05-17T19:14:42.992165	82	2.26000000e+02
6.07895360e+00	2022-05-17T19:14:42.992165	83	2.20000000e+02
6.09508870e+00	2022-05-17T19:14:43.007327	84	2.18000000e+02
6.11343850e+00	2022-05-17T19:14:43.038570	85	2.18000000e+02
6.12342390e+00	2022-05-17T19:14:43.038570	86	2.19000000e+02
6.13184490e+00	2022-05-17T19:14:43.054698	87	2.20000000e+02
6.15495390e+00	2022-05-17T19:14:43.070228	88	1.96000000e+02
6.15678490e+00	2022-05-17T19:14:43.070228	89	2.27000000e+02
6.16910920e+00	2022-05-17T19:14:43.085433	90	2.19000000e+02
6.18031610e+00	2022-05-17T19:14:43.101099	91	2.31000000e+02
6.18920810e+00	2022-05-17T19:14:43.116675	92	2.31000000e+02
6.20118470e+00	2022-05-17T19:14:43.116675	93	2.18000000e+02
6.22595440e+00	2022-05-17T19:14:43.147920	94	2.18000000e+02
6.23925390e+00	2022-05-17T19:14:43.163580	95	2.55000000e+02
6.25036300e+00	2022-05-17T19:14:43.163580	96	2.18000000e+02
6.25873100e+00	2022-05-17T19:14:43.179576	97	2.21000000e+02
6.28178350e+00	2022-05-17T19:14:43.195217	98	2.23000000e+02
6.30041590e+00	2022-05-17T19:14:43.226025	99	2.30000000e+02
6.31188630e+00	2022-05-17T19:14:43.226025	100	2.22000000e+02
6.32007540e+00	2022-05-17T19:14:43.242105	101	2.23000000e+02
6.32948860e+00	2022-05-17T19:14:43.242105	102	2.23000000e+02
6.34266290e+00	2022-05-17T19:14:43.257267	103	2.24000000e+02
6.36116210e+00	2022-05-17T19:14:43.288549	104	2.31000000e+02
6.36349130e+00	2022-05-17T19:14:43.288549	105	2.23000000e+02
6.37325510e+00	2022-05-17T19:14:43.288549	106	2.23000000e+02
6.38100470e+00	2022-05-17T19:14:43.305496	107	2.23000000e+02
6.38983210e+00	2022-05-17T19:14:43.305496	108	2.23000000e+02
6.40943790e+00	2022-05-17T19:14:43.336740	109	2.20000000e+02
6.42720830e+00	2022-05-17T19:14:43.352411	110	2.27000000e+02
6.43926790e+00	2022-05-17T19:14:43.352411	111	2.19000000e+02
6.45099080e+00	2022-05-17T19:14:43.368379	112	2.19000000e+02
6.47170910e+00	2022-05-17T19:14:43.399227	113	2.18000000e+02
6.48828110e+00	2022-05-17T19:14:43.414884	114	2.24000000e+02
6.49580330e+00	2022-05-17T19:14:43.414884	115	2.25000000e+02
6.50446260e+00	2022-05-17T19:14:43.430761	116	2.27000000e+02
6.51651580e+00	2022-05-17T19:14:43.430761	117	2.18000000e+02
6.53353650e+00	2022-05-17T19:14:43.446555	118	2.33000000e+02
6.55115880e+00	2022-05-17T19:14:43.477369	119	2.22000000e+02
6.55696910e+00	2022-05-17T19:14:43.477369	120	2.18000000e+02
6.56589670e+00	2022-05-17T19:14:43.493530	121	2.23000000e+02
6.57861060e+00	2022-05-17T19:14:43.493530	122	2.63000000e+02
6.59601870e+00	2022-05-17T19:14:43.509629	123	2.22000000e+02
6.61303370e+00	2022-05-17T19:14:43.540437	124	2.24000000e+02
6.61894980e+00	2022-05-17T19:14:43.540437	125	2.23000000e+02
6.62748000e+00	2022-05-17T19:14:43.540437	126	2.25000000e+02
6.63937840e+00	2022-05-17T19:14:43.556195	127	2.19000000e+02
6.65987320e+00	2022-05-17T19:14:43.587273	128	2.23000000e+02
6.66924630e+00	2022-05-17T19:14:43.587273	129	2.00000000e+02
6.68323380e+00	2022-05-17T19:14:43.602925	130	2.19000000e+02
6.69267710e+00	2022-05-17T19:14:43.619022	131	2.27000000e+02
6.70100190e+00	2022-05-17T19:14:43.619022	132	2.19000000e+02
6.72892510e+00	2022-05-17T19:14:43.649746	133	2.18000000e+02
6.73868900e+00	2022-05-17T19:14:43.665402	134	2.21000000e+02
6.74565370e+00	2022-05-17T19:14:43.665402	135	2.20000000e+02
6.75433510e+00	2022-05-17T19:14:43.680988	136	2.19000000e+02
6.76629240e+00	2022-05-17T19:14:43.680988	137	2.19000000e+02
6.78756340e+00	2022-05-17T19:14:43.712231	138	2.18000000e+02
6.80058510e+00	2022-05-17T19:14:43.727889	139	2.22000000e+02
6.80837890e+00	2022-05-17T19:14:43.727889	140	2.19000000e+02
6.81956870e+00	2022-05-17T19:14:43.743922	141	2.31000000e+02
6.82850080e+00	2022-05-17T19:14:43.743922	142	2.18000000e+02
6.84655130e+00	2022-05-17T19:14:43.759594	143	2.18000000e+02
6.86680120e+00	2022-05-17T19:14:43.790381	144	2.19000000e+02
6.87725650e+00	2022-05-17T19:14:43.790381	145	2.25000000e+02
6.88955640e+00	2022-05-17T19:14:43.806263	146	2.08000000e+02
6.91104600e+00	2022-05-17T19:14:43.837201	147	2.19000000e+02
6.92592760e+00	2022-05-17T19:14:43.852858	148	2.25000000e+02
6.93429030e+00	2022-05-17T19:14:43.852858	149	2.19000000e+02
6.94284440e+00	2022-05-17T19:14:43.868964	150	2.19000000e+02
6.95478580e+00	2022-05-17T19:14:43.868964	151	2.20000000e+02
6.97395510e+00	2022-05-17T19:14:43.899690	152	2.25000000e+02
6.98760950e+00	2022-05-17T19:14:43.915308	153	2.19000000e+02
6.99519010e+00	2022-05-17T19:14:43.915308	154	2.29000000e+02
7.00422520e+00	2022-05-17T19:14:43.930929	155	2.21000000e+02
7.01653140e+00	2022-05-17T19:14:43.930929	156	2.18000000e+02
7.03766880e+00	2022-05-17T19:14:43.962172	157	2.18000000e+02
7.05080880e+00	2022-05-17T19:14:43.977807	158	2.19000000e+02
7.06159060e+00	2022-05-17T19:14:43.977807	159	2.18000000e+02
7.07382710e+00	2022-05-17T19:14:43.993924	160	2.19000000e+02
7.08868970e+00	2022-05-17T19:14:44.009442	161	2.19000000e+02
7.10548810e+00	2022-05-17T19:14:44.024657	162	2.23000000e+02
7.12575520e+00	2022-05-17T19:14:44.040279	163	2.23000000e+02
7.13507330e+00	2022-05-17T19:14:44.056022	164	2.25000000e+02
7.14349640e+00	2022-05-17T19:14:44.056022	165	2.22000000e+02
7.16150080e+00	2022-05-17T19:14:44.087142	166	2.23000000e+02
7.17974890e+00	2022-05-17T19:14:44.102799	167	2.23000000e+02
7.18823900e+00	2022-05-17T19:14:44.102799	168	2.23000000e+02
7.19681540e+00	2022-05-17T19:14:44.118882	169	2.23000000e+02
7.21628050e+00	2022-05-17T19:14:44.134506	170	2.24000000e+02
7.22425720e+00	2022-05-17T19:14:44.149628	171	2.25000000e+02
7.24490400e+00	2022-05-17T19:14:44.165287	172	2.28000000e+02
7.25408930e+00	2022-05-17T19:14:44.180870	173	2.22000000e+02
7.26593790e+00	2022-05-17T19:14:44.180870	174	2.25000000e+02
7.28584950e+00	2022-05-17T19:14:44.212125	175	2.26000000e+02
7.30548150e+00	2022-05-17T19:14:44.227775	176	2.23000000e+02
7.31133120e+00	2022-05-17T19:14:44.227775	177	2.32000000e+02
7.32340750e+00	2022-05-17T19:14:44.243895	178	2.25000000e+02
7.33166320e+00	2022-05-17T19:14:44.258976	179	2.23000000e+02
7.33993850e+00	2022-05-17T19:14:44.258976	180	2.18000000e+02
7.36170600e+00	2022-05-17T19:14:44.274598	181	2.27000000e+02
7.37550410e+00	2022-05-17T19:14:44.290220	182	2.18000000e+02
7.38488200e+00	2022-05-17T19:14:44.306112	183	2.23000000e+02
7.39323180e+00	2022-05-17T19:14:44.306112	184	2.16000000e+02
7.40535370e+00	2022-05-17T19:14:44.322027	185	2.22000000e+02
7.42608660e+00	2022-05-17T19:14:44.352980	186	2.08000000e+02
7.44161750e+00	2022-05-17T19:14:44.368601	187	2.24000000e+02
7.44704520e+00	2022-05-17T19:14:44.368601	188	2.33000000e+02
7.45837750e+00	2022-05-17T19:14:44.384734	189	2.24000000e+02
7.46684200e+00	2022-05-17T19:14:44.384734	190	2.26000000e+02
7.48960250e+00	2022-05-17T19:14:44.415464	191	2.22000000e+02
7.52905300e+00	2022-05-17T19:14:44.446706	192	2.23000000e+02
7.53602110e+00	2022-05-17T19:14:44.462333	193	2.23000000e+02
7.54534280e+00	2022-05-17T19:14:44.462333	194	2.19000000e+02
7.55691850e+00	2022-05-17T19:14:44.478483	195	2.18000000e+02
7.56514150e+00	2022-05-17T19:14:44.478483	196	2.28000000e+02
7.58266020e+00	2022-05-17T19:14:44.510159	197	2.18000000e+02
7.60303700e+00	2022-05-17T19:14:44.525781	198	2.18000000e+02
7.61035820e+00	2022-05-17T19:14:44.525781	199	2.18000000e+02
7.62240790e+00	2022-05-17T19:14:44.541878	200	2.18000000e+02
7.63711580e+00	2022-05-17T19:14:44.557022	201	2.63000000e+02
7.64666540e+00	2022-05-17T19:14:44.572643	202	2.22000000e+02
7.66739510e+00	2022-05-17T19:14:44.588266	203	2.23000000e+02
7.67578580e+00	2022-05-17T19:14:44.588266	204	2.25000000e+02
7.68393010e+00	2022-05-17T19:14:44.603896	205	2.22000000e+02
7.70668230e+00	2022-05-17T19:14:44.619507	206	2.21000000e+02
7.71039240e+00	2022-05-17T19:14:44.635138	207	2.65000000e+02
7.72893400e+00	2022-05-17T19:14:44.650787	208	2.19000000e+02
7.73295630e+00	2022-05-17T19:14:44.650787	209	2.39000000e+02
7.74069560e+00	2022-05-17T19:14:44.666942	210	1.96000000e+02
7.74945770e+00	2022-05-17T19:14:44.666942	211	2.17000000e+02
7.76963090e+00	2022-05-17T19:14:44.682539	212	2.18000000e+02
7.78892400e+00	2022-05-17T19:14:44.713265	213	2.18000000e+02
7.79852400e+00	2022-05-17T19:14:44.713265	214	2.26000000e+02
7.80683300e+00	2022-05-17T19:14:44.729354	215	2.23000000e+02
7.81528130e+00	2022-05-17T19:14:44.729354	216	2.27000000e+02
7.83045390e+00	2022-05-17T19:14:44.744926	217	2.00000000e+02
7.85082950e+00	2022-05-17T19:14:44.775721	218	2.31000000e+02
7.85983320e+00	2022-05-17T19:14:44.775721	219	2.22000000e+02
7.86797510e+00	2022-05-17T19:14:44.791355	220	2.28000000e+02
7.87641220e+00	2022-05-17T19:14:44.791355	221	2.32000000e+02
7.89335020e+00	2022-05-17T19:14:44.807453	222	1.96000000e+02
7.91203230e+00	2022-05-17T19:14:44.838241	223	2.22000000e+02
7.91657020e+00	2022-05-17T19:14:44.838241	224	2.34000000e+02
7.92557080e+00	2022-05-17T19:14:44.838241	225	2.18000000e+02
7.93379370e+00	2022-05-17T19:14:44.854068	226	2.19000000e+02
7.94201290e+00	2022-05-17T19:14:44.869449	227	2.25000000e+02
7.95568640e+00	2022-05-17T19:14:44.869449	228	2.19000000e+02
7.97470610e+00	2022-05-17T19:14:44.900744	229	2.22000000e+02
7.98280070e+00	2022-05-17T19:14:44.900744	230	2.34000000e+02
7.99059190e+00	2022-05-17T19:14:44.916887	231	2.36000000e+02
7.99933230e+00	2022-05-17T19:14:44.916887	232	2.23000000e+02
8.01873120e+00	2022-05-17T19:14:44.932413	233	2.33000000e+02
8.02815750e+00	2022-05-17T19:14:44.947555	234	2.23000000e+02
8.03709990e+00	2022-05-17T19:14:44.963177	235	2.23000000e+02
8.04828850e+00	2022-05-17T19:14:44.963177	236	2.35000000e+02
8.05660810e+00	2022-05-17T19:14:44.979286	237	2.23000000e+02
8.06479580e+00	2022-05-17T19:14:44.979286	238	2.32000000e+02
8.08794100e+00	2022-05-17T19:14:45.010040	239	2.22000000e+02
8.09696600e+00	2022-05-17T19:14:45.010040	240	2.40000000e+02
8.11111660e+00	2022-05-17T19:14:45.026081	241	2.24000000e+02
8.12240920e+00	2022-05-17T19:14:45.041760	242	2.24000000e+02
8.14288920e+00	2022-05-17T19:14:45.057303	243	2.19000000e+02
8.16379700e+00	2022-05-17T19:14:45.088182	244	2.19000000e+02
8.17536570e+00	2022-05-17T19:14:45.088182	245	2.25000000e+02
8.18363500e+00	2022-05-17T19:14:45.103911	246	2.19000000e+02
8.19203330e+00	2022-05-17T19:14:45.119388	247	2.18000000e+02
8.20492900e+00	2022-05-17T19:14:45.119388	248	2.22000000e+02
8.22059760e+00	2022-05-17T19:14:45.135010	249	2.19000000e+02
8.23267990e+00	2022-05-17T19:14:45.150670	250	2.18000000e+02
8.24056820e+00	2022-05-17T19:14:45.166823	251	2.39000000e+02
8.24911630e+00	2022-05-17T19:14:45.166823	252	2.18000000e+02
8.27081140e+00	2022-05-17T19:14:45.197495	253	2.17000000e+02
8.28640340e+00	2022-05-17T19:14:45.213116	254	2.21000000e+02
8.29404270e+00	2022-05-17T19:14:45.213116	255	2.17000000e+02
8.30253370e+00	2022-05-17T19:14:45.228790	256	2.19000000e+02
8.31454900e+00	2022-05-17T19:14:45.228790	257	2.23000000e+02
8.33333890e+00	2022-05-17T19:14:45.259980	258	2.23000000e+02
8.34858930e+00	2022-05-17T19:14:45.275638	259	2.24000000e+02
8.35537510e+00	2022-05-17T19:14:45.275638	260	2.23000000e+02
8.36327960e+00	2022-05-17T19:14:45.275638	261	2.23000000e+02
8.37206720e+00	2022-05-17T19:14:45.291227	262	2.23000000e+02
8.39227650e+00	2022-05-17T19:14:45.307334	263	2.23000000e+02
8.40123220e+00	2022-05-17T19:14:45.322959	264	2.37000000e+02
8.41479930e+00	2022-05-17T19:14:45.338616	265	2.27000000e+02
8.42524300e+00	2022-05-17T19:14:45.338616	266	2.29000000e+02
8.43351760e+00	2022-05-17T19:14:45.354401	267	2.24000000e+02
8.45793520e+00	2022-05-17T19:14:45.385444	268	2.29000000e+02
8.47289410e+00	2022-05-17T19:14:45.385444	269	2.23000000e+02
8.48047360e+00	2022-05-17T19:14:45.401064	270	2.00000000e+02
8.49089070e+00	2022-05-17T19:14:45.417114	271	2.25000000e+02
8.49899170e+00	2022-05-17T19:14:45.417114	272	2.23000000e+02
8.51805490e+00	2022-05-17T19:14:45.432862	273	2.23000000e+02
8.52715310e+00	2022-05-17T19:14:45.447928	274	2.32000000e+02
8.53611580e+00	2022-05-17T19:14:45.463549	275	2.23000000e+02
8.54805450e+00	2022-05-17T19:14:45.463549	276	2.24000000e+02
8.55636720e+00	2022-05-17T19:14:45.479682	277	2.23000000e+02
8.56446160e+00	2022-05-17T19:14:45.479682	278	2.34000000e+02
8.58321190e+00	2022-05-17T19:14:45.495943	279	2.22000000e+02
8.60456860e+00	2022-05-17T19:14:45.527228	280	2.55000000e+02
8.61296510e+00	2022-05-17T19:14:45.527228	281	2.19000000e+02
8.62173920e+00	2022-05-17T19:14:45.543292	282	2.18000000e+02
8.63012260e+00	2022-05-17T19:14:45.543292	283	2.31000000e+02
8.64442460e+00	2022-05-17T19:14:45.558780	284	2.00000000e+02
8.66294590e+00	2022-05-17T19:14:45.589714	285	2.23000000e+02
8.67088820e+00	2022-05-17T19:14:45.589714	286	2.39000000e+02
8.67905540e+00	2022-05-17T19:14:45.605298	287	2.22000000e+02
8.68749010e+00	2022-05-17T19:14:45.605298	288	1.96000000e+02
8.70917690e+00	2022-05-17T19:14:45.636538	289	2.24000000e+02
8.72439940e+00	2022-05-17T19:14:45.636538	290	2.24000000e+02
8.73647720e+00	2022-05-17T19:14:45.652159	291	2.31000000e+02
8.74417470e+00	2022-05-17T19:14:45.668298	292	2.18000000e+02
8.75336120e+00	2022-05-17T19:14:45.668298	293	2.19000000e+02
8.77279850e+00	2022-05-17T19:14:45.699027	294	2.43000000e+02
8.79328150e+00	2022-05-17T19:14:45.714684	295	2.30000000e+02
8.80238940e+00	2022-05-17T19:14:45.714684	296	2.23000000e+02
8.81418810e+00	2022-05-17T19:14:45.730266	297	2.23000000e+02
8.83275630e+00	2022-05-17T19:14:45.746411	298	2.19000000e+02
8.85019530e+00	2022-05-17T19:14:45.777169	299	2.17000000e+02
8.85881570e+00	2022-05-17T19:14:45.777169	300	2.19000000e+02
8.86701290e+00	2022-05-17T19:14:45.793296	301	2.16000000e+02
8.87592620e+00	2022-05-17T19:14:45.793296	302	2.32000000e+02
8.89706580e+00	2022-05-17T19:14:45.823995	303	2.22000000e+02
8.91762960e+00	2022-05-17T19:14:45.839615	304	2.23000000e+02
8.92021230e+00	2022-05-17T19:14:45.839615	305	2.25000000e+02
8.92889680e+00	2022-05-17T19:14:45.855238	306	2.28000000e+02
8.93739250e+00	2022-05-17T19:14:45.855238	307	2.24000000e+02
8.96628910e+00	2022-05-17T19:14:45.886479	308	2.31000000e+02
8.98078270e+00	2022-05-17T19:14:45.902139	309	2.24000000e+02
8.99057160e+00	2022-05-17T19:14:45.917722	310	2.24000000e+02
9.00269180e+00	2022-05-17T19:14:45.917722	311	2.16000000e+02
9.02196500e+00	2022-05-17T19:14:45.948964	312	2.23000000e+02
9.04323360e+00	2022-05-17T19:14:45.964587	313	2.55000000e+02
9.04774860e+00	2022-05-17T19:14:45.964587	314	2.39000000e+02
9.05588610e+00	2022-05-17T19:14:45.980744	315	2.22000000e+02
9.06421650e+00	2022-05-17T19:14:45.980744	316	2.20000000e+02
9.08405600e+00	2022-05-17T19:14:46.011450	317	2.27000000e+02
9.10585020e+00	2022-05-17T19:14:46.027108	318	2.22000000e+02
9.11689210e+00	2022-05-17T19:14:46.042740	319	2.00000000e+02
9.12567640e+00	2022-05-17T19:14:46.042740	320	2.23000000e+02
9.14687770e+00	2022-05-17T19:14:46.073934	321	2.24000000e+02
9.16182570e+00	2022-05-17T19:14:46.073934	322	2.27000000e+02
9.17045450e+00	2022-05-17T19:14:46.089556	323	2.23000000e+02
9.17874550e+00	2022-05-17T19:14:46.105183	324	2.28000000e+02
9.18749600e+00	2022-05-17T19:14:46.105183	325	2.26000000e+02
9.20817250e+00	2022-05-17T19:14:46.120843	326	2.23000000e+02
9.22486870e+00	2022-05-17T19:14:46.152083	327	2.22000000e+02
9.23659260e+00	2022-05-17T19:14:46.152083	328	2.24000000e+02
9.24840670e+00	2022-05-17T19:14:46.168169	329	2.23000000e+02
9.25682190e+00	2022-05-17T19:14:46.183284	330	2.28000000e+02
9.26884930e+00	2022-05-17T19:14:46.183284	331	2.24000000e+02
9.28794330e+00	2022-05-17T19:14:46.214526	332	2.23000000e+02
9.30321900e+00	2022-05-17T19:14:46.230149	333	2.35000000e+02
9.31398750e+00	2022-05-17T19:14:46.230149	334	2.22000000e+02
9.32217330e+00	2022-05-17T19:14:46.246292	335	2.27000000e+02
9.33033020e+00	2022-05-17T19:14:46.246292	336	2.24000000e+02
9.35817060e+00	2022-05-17T19:14:46.277011	337	2.28000000e+02
9.37384000e+00	2022-05-17T19:14:46.292671	338	2.31000000e+02
9.38345590e+00	2022-05-17T19:14:46.309816	339	2.37000000e+02
9.39193800e+00	2022-05-17T19:14:46.309816	340	2.22000000e+02
9.41402130e+00	2022-05-17T19:14:46.341063	341	2.27000000e+02
9.42987380e+00	2022-05-17T19:14:46.356721	342	2.27000000e+02
9.43732090e+00	2022-05-17T19:14:46.356721	343	2.27000000e+02
9.44947820e+00	2022-05-17T19:14:46.372552	344	2.23000000e+02
9.46088370e+00	2022-05-17T19:14:46.387927	345	2.25000000e+02
9.47805810e+00	2022-05-17T19:14:46.403549	346	2.08000000e+02
9.49963330e+00	2022-05-17T19:14:46.419204	347	2.23000000e+02
9.50191950e+00	2022-05-17T19:14:46.419204	348	2.25000000e+02
9.51107320e+00	2022-05-17T19:14:46.435283	349	2.23000000e+02
9.52298040e+00	2022-05-17T19:14:46.450412	350	2.24000000e+02
9.53968710e+00	2022-05-17T19:14:46.466033	351	2.33000000e+02
9.55587050e+00	2022-05-17T19:14:46.481655	352	2.24000000e+02
9.56794450e+00	2022-05-17T19:14:46.481655	353	2.55000000e+02
9.57632380e+00	2022-05-17T19:14:46.498768	354	2.24000000e+02
9.59687630e+00	2022-05-17T19:14:46.514704	355	2.23000000e+02
9.62106930e+00	2022-05-17T19:14:46.545673	356	2.35000000e+02
9.62888550e+00	2022-05-17T19:14:46.545673	357	2.23000000e+02
9.63754990e+00	2022-05-17T19:14:46.561806	358	2.24000000e+02
9.64554810e+00	2022-05-17T19:14:46.561806	359	2.23000000e+02
9.66601640e+00	2022-05-17T19:14:46.592499	360	2.23000000e+02
9.68876570e+00	2022-05-17T19:14:46.608157	361	2.00000000e+02
9.69885640e+00	2022-05-17T19:14:46.624200	362	2.28000000e+02
9.70733650e+00	2022-05-17T19:14:46.624200	363	2.34000000e+02
9.73183960e+00	2022-05-17T19:14:46.654984	364	2.28000000e+02
9.75221920e+00	2022-05-17T19:14:46.670642	365	2.23000000e+02
9.75561310e+00	2022-05-17T19:14:46.670642	366	2.24000000e+02
9.76448690e+00	2022-05-17T19:14:46.686520	367	2.26000000e+02
9.77309480e+00	2022-05-17T19:14:46.686520	368	2.30000000e+02
9.79058910e+00	2022-05-17T19:14:46.717469	369	2.23000000e+02
9.81123180e+00	2022-05-17T19:14:46.733090	370	2.26000000e+02
9.81777880e+00	2022-05-17T19:14:46.733090	371	2.37000000e+02
9.82607300e+00	2022-05-17T19:14:46.749220	372	2.24000000e+02
9.84353850e+00	2022-05-17T19:14:46.764519	373	2.23000000e+02
9.85485390e+00	2022-05-17T19:14:46.779955	374	2.23000000e+02
9.86352190e+00	2022-05-17T19:14:46.779955	375	2.36000000e+02
9.87968190e+00	2022-05-17T19:14:46.795628	376	2.24000000e+02
9.89146890e+00	2022-05-17T19:14:46.811718	377	2.24000000e+02
9.89976170e+00	2022-05-17T19:14:46.826818	378	2.35000000e+02
9.91221220e+00	2022-05-17T19:14:46.826818	379	2.23000000e+02
9.93058090e+00	2022-05-17T19:14:46.858061	380	2.24000000e+02
9.95237740e+00	2022-05-17T19:14:46.873683	381	2.23000000e+02
9.95705310e+00	2022-05-17T19:14:46.873683	382	2.24000000e+02
9.96521540e+00	2022-05-17T19:14:46.889698	383	2.35000000e+02
9.97353190e+00	2022-05-17T19:14:46.889698	384	2.23000000e+02
9.99572830e+00	2022-05-17T19:14:46.920546	385	2.24000000e+02
1.00120784e+01	2022-05-17T19:14:46.936212	386	2.31000000e+02
1.00225350e+01	2022-05-17T19:14:46.936212	387	2.08000000e+02
1.00306584e+01	2022-05-17T19:14:46.952222	388	2.24000000e+02
1.00390280e+01	2022-05-17T19:14:46.952222	389	2.23000000e+02
1.00571982e+01	2022-05-17T19:14:46.983031	390	2.24000000e+02
1.00740321e+01	2022-05-17T19:14:46.998690	391	2.23000000e+02
1.00832555e+01	2022-05-17T19:14:46.998690	392	2.39000000e+02
1.00928161e+01	2022-05-17T19:14:47.014711	393	2.08000000e+02
1.01214762e+01	2022-05-17T19:14:47.045517	394	2.23000000e+02
1.01333764e+01	2022-05-17T19:14:47.045517	395	2.41000000e+02
1.01429919e+01	2022-05-17T19:14:47.061138	396	2.25000000e+02
1.01534553e+01	2022-05-17T19:14:47.076791	397	2.55000000e+02
1.01616755e+01	2022-05-17T19:14:47.076791	398	2.26000000e+02
1.01700321e+01	2022-05-17T19:14:47.092882	399	2.16000000e+02
1.01784764e+01	2022-05-17T19:14:47.092882	400	2.23000000e+02
1.01977062e+01	2022-05-17T19:14:47.123623	401	2.26000000e+02
1.02142419e+01	2022-05-17T19:14:47.139287	402	2.55000000e+02
1.02209887e+01	2022-05-17T19:14:47.139287	403	2.26000000e+02
1.02274058e+01	2022-05-17T19:14:47.154868	404	2.19000000e+02
1.02356260e+01	2022-05-17T19:14:47.154868	405	2.24000000e+02
1.02606445e+01	2022-05-17T19:14:47.186109	406	2.21000000e+02
1.02771264e+01	2022-05-17T19:14:47.201766	407	2.26000000e+02
1.02887970e+01	2022-05-17T19:14:47.201766	408	2.25000000e+02
1.02969917e+01	2022-05-17T19:14:47.217755	409	2.68000000e+02
1.03057637e+01	2022-05-17T19:14:47.232972	410	2.23000000e+02
1.03240304e+01	2022-05-17T19:14:47.248593	411	2.27000000e+02
1.03417363e+01	2022-05-17T19:14:47.264252	412	2.23000000e+02
1.03494908e+01	2022-05-17T19:14:47.264252	413	2.20000000e+02
1.03585168e+01	2022-05-17T19:14:47.280333	414	2.37000000e+02
1.03817834e+01	2022-05-17T19:14:47.295942	415	2.23000000e+02
1.04063732e+01	2022-05-17T19:14:47.327290	416	2.31000000e+02
1.04159688e+01	2022-05-17T19:14:47.342911	417	2.43000000e+02
1.04282538e+01	2022-05-17T19:14:47.342911	418	2.25000000e+02
1.04447142e+01	2022-05-17T19:14:47.358924	419	2.24000000e+02
1.04615924e+01	2022-05-17T19:14:47.374154	420	2.23000000e+02
1.04729744e+01	2022-05-17T19:14:47.389811	421	2.25000000e+02
1.04812561e+01	2022-05-17T19:14:47.405675	422	2.22000000e+02
1.04896046e+01	2022-05-17T19:14:47.405675	423	2.24000000e+02
1.05080210e+01	2022-05-17T19:14:47.421309	424	2.08000000e+02
1.05309986e+01	2022-05-17T19:14:47.452262	425	2.22000000e+02
1.05338151e+01	2022-05-17T19:14:47.452262	426	2.24000000e+02
1.05423241e+01	2022-05-17T19:14:47.468477	427	2.24000000e+02
1.05510799e+01	2022-05-17T19:14:47.468477	428	2.25000000e+02
1.05709985e+01	2022-05-17T19:14:47.484034	429	2.24000000e+02
1.05793999e+01	2022-05-17T19:14:47.499124	430	2.24000000e+02
1.05948996e+01	2022-05-17T19:14:47.515479	431	2.31000000e+02
1.06000799e+01	2022-05-17T19:14:47.515479	432	2.23000000e+02
1.06083445e+01	2022-05-17T19:14:47.531141	433	2.55000000e+02
1.06164752e+01	2022-05-17T19:14:47.531141	434	2.23000000e+02
1.06350058e+01	2022-05-17T19:14:47.562347	435	2.25000000e+02
1.06594980e+01	2022-05-17T19:14:47.577968	436	2.23000000e+02
1.06654984e+01	2022-05-17T19:14:47.577968	437	2.23000000e+02
1.06738608e+01	2022-05-17T19:14:47.593589	438	2.31000000e+02
1.06822306e+01	2022-05-17T19:14:47.609209	439	2.24000000e+02
1.06970481e+01	2022-05-17T19:14:47.609209	440	2.23000000e+02
1.07193116e+01	2022-05-17T19:14:47.640492	441	2.23000000e+02
1.07228333e+01	2022-05-17T19:14:47.640492	442	2.26000000e+02
1.07308679e+01	2022-05-17T19:14:47.656593	443	2.22000000e+02
1.07395682e+01	2022-05-17T19:14:47.656593	444	2.25000000e+02
1.07660666e+01	2022-05-17T19:14:47.687316	445	2.23000000e+02
1.07817906e+01	2022-05-17T19:14:47.702938	446	2.20000000e+02
1.07884188e+01	2022-05-17T19:14:47.702938	447	2.23000000e+02
1.07966364e+01	2022-05-17T19:14:47.719043	448	2.55000000e+02
1.08051092e+01	2022-05-17T19:14:47.719043	449	2.23000000e+02
1.08202769e+01	2022-05-17T19:14:47.734180	450	2.20000000e+02
1.08291129e+01	2022-05-17T19:14:47.749802	451	2.26000000e+02
1.08454398e+01	2022-05-17T19:14:47.765425	452	2.35000000e+02
1.08544387e+01	2022-05-17T19:14:47.781044	453	2.27000000e+02
1.08662604e+01	2022-05-17T19:14:47.781044	454	2.26000000e+02
1.08830016e+01	2022-05-17T19:14:47.797146	455	2.23000000e+02
1.09068751e+01	2022-05-17T19:14:47.827907	456	2.43000000e+02
1.09154535e+01	2022-05-17T19:14:47.827907	457	2.22000000e+02
1.09238152e+01	2022-05-17T19:14:47.843936	458	2.28000000e+02
1.09450149e+01	2022-05-17T19:14:47.859545	459	2.23000000e+02
1.09636536e+01	2022-05-17T19:14:47.890394	460	2.25000000e+02
1.09727846e+01	2022-05-17T19:14:47.890394	461	2.25000000e+02
1.09809054e+01	2022-05-17T19:14:47.906454	462	2.23000000e+02
1.09892335e+01	2022-05-17T19:14:47.906454	463	2.26000000e+02
1.10086193e+01	2022-05-17T19:14:47.921675	464	2.23000000e+02
1.10258447e+01	2022-05-17T19:14:47.952914	465	2.33000000e+02
1.10340919e+01	2022-05-17T19:14:47.952914	466	2.31000000e+02
1.10432063e+01	2022-05-17T19:14:47.968784	467	2.24000000e+02
1.10546847e+01	2022-05-17T19:14:47.968784	468	2.25000000e+02
1.10714582e+01	2022-05-17T19:14:47.984573	469	2.23000000e+02
1.10889756e+01	2022-05-17T19:14:48.015363	470	2.24000000e+02
1.10996701e+01	2022-05-17T19:14:48.015363	471	2.24000000e+02
1.11079787e+01	2022-05-17T19:14:48.031503	472	2.43000000e+02
1.11162321e+01	2022-05-17T19:14:48.031503	473	2.25000000e+02
1.11417394e+01	2022-05-17T19:14:48.062228	474	2.23000000e+02
1.11523892e+01	2022-05-17T19:14:48.077884	475	2.23000000e+02
1.11672652e+01	2022-05-17T19:14:48.093472	476	2.23000000e+02
1.11776429e+01	2022-05-17T19:14:48.093472	477	2.29000000e+02
1.11855528e+01	2022-05-17T19:14:48.109604	478	2.23000000e+02
1.11937519e+01	2022-05-17T19:14:48.109604	479	2.20000000e+02
1.12191932e+01	2022-05-17T19:14:48.140333	480	2.27000000e+02
1.12350919e+01	2022-05-17T19:14:48.155994	481	2.26000000e+02
1.12389434e+01	2022-05-17T19:14:48.155994	482	2.23000000e+02
1.12472201e+01	2022-05-17T19:14:48.171577	483	2.23000000e+02
1.12554423e+01	2022-05-17T19:14:48.171577	484	2.67000000e+02
1.12742482e+01	2022-05-17T19:14:48.187489	485	2.23000000e+02
1.12980253e+01	2022-05-17T19:14:48.218444	486	2.23000000e+02
1.13085089e+01	2022-05-17T19:14:48.234563	487	2.24000000e+02
1.13168949e+01	2022-05-17T19:14:48.234563	488	2.23000000e+02
1.13371984e+01	2022-05-17T19:14:48.250232	489	2.23000000e+02
1.13550674e+01	2022-05-17T19:14:48.280961	490	2.23000000e+02
1.13629261e+01	2022-05-17T19:14:48.280961	491	2.27000000e+02
1.13739777e+01	2022-05-17T19:14:48.296547	492	2.23000000e+02
1.13824378e+01	2022-05-17T19:14:48.296547	493	2.26000000e+02
1.13996242e+01	2022-05-17T19:14:48.312885	494	2.22000000e+02
1.14231145e+01	2022-05-17T19:14:48.344130	495	2.00000000e+02
1.14315334e+01	2022-05-17T19:14:48.344130	496	2.24000000e+02
1.14397849e+01	2022-05-17T19:14:48.360128	497	1.96000000e+02
1.14478896e+01	2022-05-17T19:14:48.375374	498	2.27000000e+02
1.14691389e+01	2022-05-17T19:14:48.390994	499	2.27000000e+02
1.14850733e+01	2022-05-17T19:14:48.406616	500	2.24000000e+02
1.14886243e+01	2022-05-17T19:14:48.406616	501	2.55000000e+02
1.14964856e+01	2022-05-17T19:14:48.422659	502	2.41000000e+02
1.15057876e+01	2022-05-17T19:14:48.422659	503	2.23000000e+02
1.15241190e+01	2022-05-17T19:14:48.438151	504	2.24000000e+02
1.15471157e+01	2022-05-17T19:14:48.469102	505	2.23000000e+02
1.15543165e+01	2022-05-17T19:14:48.469102	506	2.23000000e+02
1.15624564e+01	2022-05-17T19:14:48.485215	507	2.23000000e+02
1.15708516e+01	2022-05-17T19:14:48.485215	508	2.27000000e+02
1.16048202e+01	2022-05-17T19:14:48.532153	509	2.23000000e+02
1.16123011e+01	2022-05-17T19:14:48.532153	510	2.22000000e+02
1.16239380e+01	2022-05-17T19:14:48.548216	511	2.24000000e+02
1.16323402e+01	2022-05-17T19:14:48.548216	512	2.23000000e+02
1.16519062e+01	2022-05-17T19:14:48.579017	513	2.26000000e+02
1.16765794e+01	2022-05-17T19:14:48.594673	514	2.23000000e+02
1.16851388e+01	2022-05-17T19:14:48.610793	515	2.26000000e+02
1.16932736e+01	2022-05-17T19:14:48.610793	516	2.25000000e+02
1.17130312e+01	2022-05-17T19:14:48.626414	517	2.22000000e+02
1.17219036e+01	2022-05-17T19:14:48.641502	518	2.69000000e+02
1.17331512e+01	2022-05-17T19:14:48.657159	519	2.23000000e+02
1.17429252e+01	2022-05-17T19:14:48.657159	520	2.24000000e+02
1.17510513e+01	2022-05-17T19:14:48.673223	521	2.23000000e+02
1.17600582e+01	2022-05-17T19:14:48.673223	522	2.00000000e+02
1.17751676e+01	2022-05-17T19:14:48.688724	523	2.29000000e+02
1.17984678e+01	2022-05-17T19:14:48.719608	524	2.24000000e+02
1.18041961e+01	2022-05-17T19:14:48.719608	525	2.26000000e+02
1.18120492e+01	2022-05-17T19:14:48.735753	526	2.24000000e+02
1.18211123e+01	2022-05-17T19:14:48.735753	527	2.24000000e+02
1.18385675e+01	2022-05-17T19:14:48.751326	528	2.24000000e+02
1.18560173e+01	2022-05-17T19:14:48.782095	529	2.23000000e+02
1.18656998e+01	2022-05-17T19:14:48.782095	530	2.23000000e+02
1.18738530e+01	2022-05-17T19:14:48.798251	531	2.23000000e+02
1.18821241e+01	2022-05-17T19:14:48.798251	532	2.30000000e+02
1.19014863e+01	2022-05-17T19:14:48.828958	533	2.22000000e+02
1.19104945e+01	2022-05-17T19:14:48.828958	534	2.27000000e+02
1.19213442e+01	2022-05-17T19:14:48.844638	535	2.23000000e+02
1.19312167e+01	2022-05-17T19:14:48.844638	536	2.25000000e+02
1.19394468e+01	2022-05-17T19:14:48.860631	537	2.23000000e+02
1.19621599e+01	2022-05-17T19:14:48.876283	538	2.34000000e+02
1.19881014e+01	2022-05-17T19:14:48.907102	539	2.27000000e+02
1.19969153e+01	2022-05-17T19:14:48.923072	540	2.24000000e+02
1.20091370e+01	2022-05-17T19:14:48.923072	541	2.29000000e+02
1.20255464e+01	2022-05-17T19:14:48.938307	542	2.22000000e+02
1.20424542e+01	2022-05-17T19:14:48.969587	543	2.24000000e+02
1.20500874e+01	2022-05-17T19:14:48.969587	544	2.27000000e+02
1.20617953e+01	2022-05-17T19:14:48.985548	545	2.23000000e+02
1.20707268e+01	2022-05-17T19:14:48.985548	546	2.25000000e+02
1.20892106e+01	2022-05-17T19:14:49.016413	547	2.55000000e+02
1.21123053e+01	2022-05-17T19:14:49.032072	548	2.35000000e+02
1.21195758e+01	2022-05-17T19:14:49.032072	549	2.24000000e+02
1.21277756e+01	2022-05-17T19:14:49.048033	550	2.20000000e+02
1.21398748e+01	2022-05-17T19:14:49.063277	551	2.23000000e+02
1.21534079e+01	2022-05-17T19:14:49.078898	552	2.50000000e+02
1.21704605e+01	2022-05-17T19:14:49.094556	553	2.23000000e+02
1.21804523e+01	2022-05-17T19:14:49.094556	554	2.24000000e+02
1.21891558e+01	2022-05-17T19:14:49.110601	555	2.22000000e+02
1.21973048e+01	2022-05-17T19:14:49.110601	556	2.32000000e+02
1.22126706e+01	2022-05-17T19:14:49.126123	557	2.23000000e+02
1.22216872e+01	2022-05-17T19:14:49.141384	558	2.33000000e+02
1.22387314e+01	2022-05-17T19:14:49.157043	559	2.24000000e+02
1.22418825e+01	2022-05-17T19:14:49.157043	560	2.23000000e+02
1.22510754e+01	2022-05-17T19:14:49.173109	561	2.29000000e+02
1.22739125e+01	2022-05-17T19:14:49.188648	562	2.71000000e+02
1.22827579e+01	2022-05-17T19:14:49.203868	563	2.27000000e+02
1.23006250e+01	2022-05-17T19:14:49.219527	564	2.24000000e+02
1.23117749e+01	2022-05-17T19:14:49.235477	565	2.25000000e+02
1.23202335e+01	2022-05-17T19:14:49.235477	566	2.45000000e+02
1.23374365e+01	2022-05-17T19:14:49.251230	567	2.23000000e+02
1.23611476e+01	2022-05-17T19:14:49.281975	568	2.67000000e+02
1.23696252e+01	2022-05-17T19:14:49.281975	569	2.22000000e+02
1.23817628e+01	2022-05-17T19:14:49.298007	570	2.31000000e+02
1.24090933e+01	2022-05-17T19:14:49.330015	571	2.25000000e+02
1.24270643e+01	2022-05-17T19:14:49.345671	572	2.27000000e+02
1.24390446e+01	2022-05-17T19:14:49.361388	573	2.26000000e+02
1.24473243e+01	2022-05-17T19:14:49.361388	574	2.26000000e+02
1.24666903e+01	2022-05-17T19:14:49.392500	575	2.28000000e+02
1.24757299e+01	2022-05-17T19:14:49.392500	576	2.24000000e+02
1.24926657e+01	2022-05-17T19:14:49.408162	577	2.23000000e+02
1.25044496e+01	2022-05-17T19:14:49.424268	578	2.08000000e+02
1.25127390e+01	2022-05-17T19:14:49.439364	579	2.27000000e+02
1.25210704e+01	2022-05-17T19:14:49.439364	580	2.23000000e+02
1.25419686e+01	2022-05-17T19:14:49.455367	581	2.23000000e+02
1.25509821e+01	2022-05-17T19:14:49.470607	582	2.23000000e+02
1.25680812e+01	2022-05-17T19:14:49.486913	583	2.26000000e+02
1.25782529e+01	2022-05-17T19:14:49.502537	584	2.29000000e+02
1.25865243e+01	2022-05-17T19:14:49.502537	585	2.40000000e+02
1.26062661e+01	2022-05-17T19:14:49.533780	586	2.26000000e+02
1.26249762e+01	2022-05-17T19:14:49.549439	587	2.25000000e+02
1.26353452e+01	2022-05-17T19:14:49.549439	588	2.26000000e+02
1.26439221e+01	2022-05-17T19:14:49.565496	589	2.27000000e+02
1.26717256e+01	2022-05-17T19:14:49.596265	590	2.34000000e+02
1.26801567e+01	2022-05-17T19:14:49.596265	591	2.24000000e+02
1.26979750e+01	2022-05-17T19:14:49.611889	592	2.39000000e+02
1.27093054e+01	2022-05-17T19:14:49.627987	593	2.23000000e+02
1.27317478e+01	2022-05-17T19:14:49.658750	594	2.33000000e+02
1.27511401e+01	2022-05-17T19:14:49.674409	595	2.23000000e+02
1.27624813e+01	2022-05-17T19:14:49.689992	596	2.27000000e+02
1.27709296e+01	2022-05-17T19:14:49.689992	597	2.24000000e+02
1.27937698e+01	2022-05-17T19:14:49.721235	598	2.30000000e+02
1.28190894e+01	2022-05-17T19:14:49.736894	599	2.26000000e+02
1.28279363e+01	2022-05-17T19:14:49.752479	600	2.27000000e+02
1.28364638e+01	2022-05-17T19:14:49.752479	601	2.37000000e+02
1.28563954e+01	2022-05-17T19:14:49.783720	602	2.24000000e+02
1.28798543e+01	2022-05-17T19:14:49.799382	603	2.00000000e+02
1.28854490e+01	2022-05-17T19:14:49.799382	604	2.31000000e+02
1.28935434e+01	2022-05-17T19:14:49.815434	605	2.33000000e+02
1.29023531e+01	2022-05-17T19:14:49.815434	606	2.28000000e+02
1.29197562e+01	2022-05-17T19:14:49.846205	607	2.23000000e+02
1.29437752e+01	2022-05-17T19:14:49.861863	608	2.28000000e+02
1.29465192e+01	2022-05-17T19:14:49.861863	609	2.23000000e+02
1.29552695e+01	2022-05-17T19:14:49.877954	610	2.23000000e+02
1.29811746e+01	2022-05-17T19:14:49.908690	611	2.25000000e+02
1.29837195e+01	2022-05-17T19:14:49.908690	612	2.23000000e+02
1.30038137e+01	2022-05-17T19:14:49.924352	613	2.27000000e+02
1.30123903e+01	2022-05-17T19:14:49.939933	614	2.31000000e+02
1.30207721e+01	2022-05-17T19:14:49.939933	615	2.24000000e+02
1.30434469e+01	2022-05-17T19:14:49.955911	616	2.28000000e+02
1.30664042e+01	2022-05-17T19:14:49.986834	617	2.26000000e+02
1.30692392e+01	2022-05-17T19:14:49.986834	618	2.28000000e+02
1.30779043e+01	2022-05-17T19:14:50.002419	619	2.22000000e+02
1.30865369e+01	2022-05-17T19:14:50.002419	620	2.27000000e+02
1.31057781e+01	2022-05-17T19:14:50.018494	621	2.23000000e+02
1.31144517e+01	2022-05-17T19:14:50.033661	622	2.23000000e+02
1.31322303e+01	2022-05-17T19:14:50.049319	623	2.33000000e+02
1.31432586e+01	2022-05-17T19:14:50.065462	624	2.29000000e+02
1.31518610e+01	2022-05-17T19:14:50.065462	625	2.28000000e+02
1.31718280e+01	2022-05-17T19:14:50.096147	626	2.33000000e+02
1.31921892e+01	2022-05-17T19:14:50.111837	627	2.23000000e+02
1.32018361e+01	2022-05-17T19:14:50.127424	628	2.25000000e+02
1.32129485e+01	2022-05-17T19:14:50.127424	629	2.23000000e+02
1.32212939e+01	2022-05-17T19:14:50.143483	630	2.28000000e+02
1.32297319e+01	2022-05-17T19:14:50.143483	631	2.23000000e+02
1.32465379e+01	2022-05-17T19:14:50.174252	632	2.27000000e+02
1.32701423e+01	2022-05-17T19:14:50.189910	633	2.22000000e+02
1.32740327e+01	2022-05-17T19:14:50.189910	634	2.28000000e+02
1.32828723e+01	2022-05-17T19:14:50.205989	635	2.29000000e+02
1.32912581e+01	2022-05-17T19:14:50.205989	636	2.47000000e+02
1.33084142e+01	2022-05-17T19:14:50.221117	637	2.22000000e+02
1.33323751e+01	2022-05-17T19:14:50.252396	638	2.32000000e+02
1.33405848e+01	2022-05-17T19:14:50.267980	639	2.26000000e+02
1.33523386e+01	2022-05-17T19:14:50.267980	640	2.27000000e+02
1.33716054e+01	2022-05-17T19:14:50.299222	641	2.29000000e+02
1.33809762e+01	2022-05-17T19:14:50.299222	642	2.28000000e+02
1.33924882e+01	2022-05-17T19:14:50.315516	643	2.27000000e+02
1.34015701e+01	2022-05-17T19:14:50.315516	644	2.43000000e+02
1.34093911e+01	2022-05-17T19:14:50.331189	645	2.27000000e+02
1.34181293e+01	2022-05-17T19:14:50.331189	646	2.43000000e+02
1.34356443e+01	2022-05-17T19:14:50.362383	647	2.26000000e+02
1.34555269e+01	2022-05-17T19:14:50.378040	648	2.26000000e+02
1.34671237e+01	2022-05-17T19:14:50.393625	649	2.27000000e+02
1.34755389e+01	2022-05-17T19:14:50.393625	650	2.27000000e+02
1.34966917e+01	2022-05-17T19:14:50.409821	651	2.28000000e+02
1.35070889e+01	2022-05-17T19:14:50.424868	652	2.23000000e+02
1.35194951e+01	2022-05-17T19:14:50.440528	653	2.70000000e+02
1.35285543e+01	2022-05-17T19:14:50.456110	654	2.35000000e+02
1.35368130e+01	2022-05-17T19:14:50.456110	655	2.23000000e+02
1.35594697e+01	2022-05-17T19:14:50.472170	656	2.27000000e+02
1.35686650e+01	2022-05-17T19:14:50.487894	657	2.31000000e+02
1.35855314e+01	2022-05-17T19:14:50.503528	658	2.27000000e+02
1.35898135e+01	2022-05-17T19:14:50.503528	659	2.26000000e+02
1.35981368e+01	2022-05-17T19:14:50.519424	660	2.29000000e+02
1.36066174e+01	2022-05-17T19:14:50.519424	661	2.71000000e+02
1.36235032e+01	2022-05-17T19:14:50.550382	662	2.28000000e+02
1.36473858e+01	2022-05-17T19:14:50.566040	663	2.31000000e+02
1.36513625e+01	2022-05-17T19:14:50.566040	664	2.40000000e+02
1.36590286e+01	2022-05-17T19:14:50.582114	665	2.27000000e+02
1.36683030e+01	2022-05-17T19:14:50.582114	666	2.31000000e+02
1.36872898e+01	2022-05-17T19:14:50.612867	667	2.30000000e+02
1.36956537e+01	2022-05-17T19:14:50.612867	668	2.28000000e+02
1.37134585e+01	2022-05-17T19:14:50.628529	669	2.26000000e+02
1.37255646e+01	2022-05-17T19:14:50.644604	670	2.27000000e+02
1.37476197e+01	2022-05-17T19:14:50.659730	671	2.25000000e+02
1.37666459e+01	2022-05-17T19:14:50.691009	672	2.23000000e+02
1.37749519e+01	2022-05-17T19:14:50.691009	673	2.23000000e+02
1.37865590e+01	2022-05-17T19:14:50.707133	674	2.29000000e+02
1.37941650e+01	2022-05-17T19:14:50.707133	675	2.31000000e+02
1.38115032e+01	2022-05-17T19:14:50.737837	676	2.27000000e+02
1.38297557e+01	2022-05-17T19:14:50.753499	677	2.22000000e+02
1.38378129e+01	2022-05-17T19:14:50.753499	678	2.00000000e+02
1.38480318e+01	2022-05-17T19:14:50.769372	679	2.24000000e+02
1.38563881e+01	2022-05-17T19:14:50.769372	680	2.28000000e+02
1.38806882e+01	2022-05-17T19:14:50.800322	681	2.27000000e+02
1.38930449e+01	2022-05-17T19:14:50.815978	682	2.26000000e+02
1.39006027e+01	2022-05-17T19:14:50.815978	683	2.29000000e+02
1.39092889e+01	2022-05-17T19:14:50.831855	684	2.35000000e+02
1.39177583e+01	2022-05-17T19:14:50.831855	685	2.27000000e+02
1.39359863e+01	2022-05-17T19:14:50.862807	686	2.27000000e+02
1.39442302e+01	2022-05-17T19:14:50.862807	687	2.02000000e+02
1.39613221e+01	2022-05-17T19:14:50.878465	688	2.23000000e+02
1.39668246e+01	2022-05-17T19:14:50.894049	689	2.27000000e+02
1.39792504e+01	2022-05-17T19:14:50.894049	690	2.40000000e+02
1.39982054e+01	2022-05-17T19:14:50.925292	691	2.29000000e+02
1.40078736e+01	2022-05-17T19:14:50.925292	692	2.30000000e+02
1.40253084e+01	2022-05-17T19:14:50.940952	693	2.39000000e+02
1.40364213e+01	2022-05-17T19:14:50.957063	694	2.27000000e+02
1.40441821e+01	2022-05-17T19:14:50.957063	695	2.30000000e+02
1.40606903e+01	2022-05-17T19:14:50.987777	696	2.29000000e+02
1.40856810e+01	2022-05-17T19:14:51.003437	697	2.27000000e+02
1.40894509e+01	2022-05-17T19:14:51.003437	698	2.27000000e+02
1.40979051e+01	2022-05-17T19:14:51.019305	699	2.27000000e+02
1.41223534e+01	2022-05-17T19:14:51.034960	700	2.29000000e+02
1.41323869e+01	2022-05-17T19:14:51.050263	701	2.26000000e+02
1.41449595e+01	2022-05-17T19:14:51.065919	702	2.73000000e+02
1.41556424e+01	2022-05-17T19:14:51.081549	703	2.27000000e+02
1.41674321e+01	2022-05-17T19:14:51.081549	704	2.23000000e+02
1.41869563e+01	2022-05-17T19:14:51.112747	705	2.29000000e+02
1.42075160e+01	2022-05-17T19:14:51.128408	706	2.26000000e+02
1.42227342e+01	2022-05-17T19:14:51.143992	707	2.27000000e+02
1.42329922e+01	2022-05-17T19:14:51.159612	708	2.24000000e+02
1.42416516e+01	2022-05-17T19:14:51.159612	709	2.27000000e+02
1.42714153e+01	2022-05-17T19:14:51.190855	710	2.32000000e+02
1.42736650e+01	2022-05-17T19:14:51.190855	711	2.27000000e+02
1.42854642e+01	2022-05-17T19:14:51.206526	712	2.27000000e+02
1.42938918e+01	2022-05-17T19:14:51.206526	713	2.30000000e+02
1.43030277e+01	2022-05-17T19:14:51.222470	714	2.27000000e+02
1.43260323e+01	2022-05-17T19:14:51.253342	715	2.33000000e+02
1.43362964e+01	2022-05-17T19:14:51.253342	716	2.41000000e+02
1.43536593e+01	2022-05-17T19:14:51.268998	717	2.27000000e+02
1.43640483e+01	2022-05-17T19:14:51.284882	718	2.27000000e+02
1.43726895e+01	2022-05-17T19:14:51.300204	719	2.38000000e+02
1.43903913e+01	2022-05-17T19:14:51.316410	720	2.04000000e+02
1.43977277e+01	2022-05-17T19:14:51.316410	721	2.27000000e+02
1.44158177e+01	2022-05-17T19:14:51.332070	722	2.31000000e+02
1.44254290e+01	2022-05-17T19:14:51.347742	723	2.42000000e+02
1.44337718e+01	2022-05-17T19:14:51.347742	724	2.27000000e+02
1.44528667e+01	2022-05-17T19:14:51.378898	725	2.31000000e+02
1.44720114e+01	2022-05-17T19:14:51.394555	726	2.28000000e+02
1.44741103e+01	2022-05-17T19:14:51.394555	727	2.30000000e+02
1.44825190e+01	2022-05-17T19:14:51.410140	728	2.27000000e+02
1.44912969e+01	2022-05-17T19:14:51.410140	729	2.28000000e+02
1.45138744e+01	2022-05-17T19:14:51.441382	730	2.55000000e+02
1.45335588e+01	2022-05-17T19:14:51.457043	731	2.33000000e+02
1.45442106e+01	2022-05-17T19:14:51.457043	732	2.28000000e+02
1.45524800e+01	2022-05-17T19:14:51.472975	733	2.33000000e+02
1.45603906e+01	2022-05-17T19:14:51.472975	734	2.27000000e+02
1.45808014e+01	2022-05-17T19:14:51.504815	735	2.27000000e+02
1.46021388e+01	2022-05-17T19:14:51.520476	736	2.26000000e+02
1.46049005e+01	2022-05-17T19:14:51.520476	737	2.42000000e+02
1.46139165e+01	2022-05-17T19:14:51.536353	738	2.31000000e+02
1.46221173e+01	2022-05-17T19:14:51.536353	739	2.28000000e+02
1.46407075e+01	2022-05-17T19:14:51.567299	740	2.28000000e+02
1.46615515e+01	2022-05-17T19:14:51.582962	741	2.27000000e+02
1.46712432e+01	2022-05-17T19:14:51.598542	742	2.32000000e+02
1.46794452e+01	2022-05-17T19:14:51.598542	743	2.26000000e+02
1.47053097e+01	2022-05-17T19:14:51.629784	744	2.55000000e+02
1.47291917e+01	2022-05-17T19:14:51.645443	745	2.28000000e+02
1.47411975e+01	2022-05-17T19:14:51.661462	746	2.27000000e+02
1.47656167e+01	2022-05-17T19:14:51.692269	747	2.26000000e+02
1.47910639e+01	2022-05-17T19:14:51.707931	748	2.27000000e+02
1.48023322e+01	2022-05-17T19:14:51.724045	749	2.31000000e+02
1.48102232e+01	2022-05-17T19:14:51.724045	750	2.30000000e+02
1.48276198e+01	2022-05-17T19:14:51.754755	751	2.30000000e+02
1.48484486e+01	2022-05-17T19:14:51.770413	752	2.55000000e+02
1.48560091e+01	2022-05-17T19:14:51.770413	753	2.27000000e+02
1.48638439e+01	2022-05-17T19:14:51.786205	754	2.32000000e+02
1.48721187e+01	2022-05-17T19:14:51.786205	755	2.27000000e+02
1.48908092e+01	2022-05-17T19:14:51.817240	756	2.40000000e+02
1.49148845e+01	2022-05-17T19:14:51.832901	757	2.27000000e+02
1.49210602e+01	2022-05-17T19:14:51.848484	758	2.28000000e+02
1.49293308e+01	2022-05-17T19:14:51.848484	759	2.29000000e+02
1.49522510e+01	2022-05-17T19:14:51.879725	760	2.71000000e+02
1.49546510e+01	2022-05-17T19:14:51.879725	761	2.31000000e+02
1.49742177e+01	2022-05-17T19:14:51.895396	762	2.27000000e+02
1.49820189e+01	2022-05-17T19:14:51.895396	763	2.28000000e+02
1.49909598e+01	2022-05-17T19:14:51.911418	764	2.27000000e+02
1.50170893e+01	2022-05-17T19:14:51.942236	765	2.26000000e+02
1.50432619e+01	2022-05-17T19:14:51.957868	766	2.35000000e+02
1.50522086e+01	2022-05-17T19:14:51.973941	767	2.30000000e+02
1.50772391e+01	2022-05-17T19:14:52.004696	768	2.28000000e+02
1.50800425e+01	2022-05-17T19:14:52.004696	769	2.34000000e+02
1.50888152e+01	2022-05-17T19:14:52.004696	770	2.26000000e+02
1.51060751e+01	2022-05-17T19:14:52.020355	771	2.29000000e+02
1.51091731e+01	2022-05-17T19:14:52.035939	772	2.27000000e+02
1.51182015e+01	2022-05-17T19:14:52.035939	773	2.08000000e+02
1.51369689e+01	2022-05-17T19:14:52.051560	774	2.04000000e+02
1.51497050e+01	2022-05-17T19:14:52.067181	775	2.24000000e+02
1.51672053e+01	2022-05-17T19:14:52.082842	776	2.31000000e+02
1.51793716e+01	2022-05-17T19:14:52.098920	777	2.23000000e+02
1.52033401e+01	2022-05-17T19:14:52.129666	778	2.26000000e+02
1.52230028e+01	2022-05-17T19:14:52.145325	779	2.26000000e+02
1.52347102e+01	2022-05-17T19:14:52.160908	780	2.32000000e+02
1.52444513e+01	2022-05-17T19:14:52.160908	781	2.29000000e+02
1.52526913e+01	2022-05-17T19:14:52.177065	782	2.31000000e+02
1.52603404e+01	2022-05-17T19:14:52.177065	783	2.26000000e+02
1.52812932e+01	2022-05-17T19:14:52.207773	784	2.29000000e+02
1.52999116e+01	2022-05-17T19:14:52.223433	785	2.40000000e+02
1.53019990e+01	2022-05-17T19:14:52.223433	786	2.28000000e+02
1.53098111e+01	2022-05-17T19:14:52.223433	787	2.34000000e+02
1.53184446e+01	2022-05-17T19:14:52.239468	788	2.38000000e+02
1.53353837e+01	2022-05-17T19:14:52.255103	789	2.41000000e+02
1.53467047e+01	2022-05-17T19:14:52.270258	790	2.27000000e+02
1.53658844e+01	2022-05-17T19:14:52.285916	791	2.35000000e+02
1.53755215e+01	2022-05-17T19:14:52.302242	792	2.26000000e+02
1.53840292e+01	2022-05-17T19:14:52.302242	793	2.31000000e+02
1.54076088e+01	2022-05-17T19:14:52.333487	794	2.27000000e+02
1.54161315e+01	2022-05-17T19:14:52.333487	795	2.27000000e+02
1.54333316e+01	2022-05-17T19:14:52.349147	796	2.27000000e+02
1.54364335e+01	2022-05-17T19:14:52.349147	797	2.55000000e+02
1.54453121e+01	2022-05-17T19:14:52.365090	798	2.39000000e+02
1.54607765e+01	2022-05-17T19:14:52.380351	799	2.27000000e+02
1.54727319e+01	2022-05-17T19:14:52.395972	800	2.27000000e+02
1.54970239e+01	2022-05-17T19:14:52.411594	801	2.26000000e+02
1.55025192e+01	2022-05-17T19:14:52.427249	802	2.29000000e+02
1.55105862e+01	2022-05-17T19:14:52.427249	803	2.08000000e+02
1.55316939e+01	2022-05-17T19:14:52.458488	804	2.28000000e+02
1.55506554e+01	2022-05-17T19:14:52.474114	805	2.40000000e+02
1.55596305e+01	2022-05-17T19:14:52.474114	806	2.35000000e+02
1.55683542e+01	2022-05-17T19:14:52.491188	807	2.39000000e+02
1.55821519e+01	2022-05-17T19:14:52.506850	808	2.28000000e+02
1.55981941e+01	2022-05-17T19:14:52.522435	809	2.27000000e+02
1.56237911e+01	2022-05-17T19:14:52.538094	810	2.45000000e+02
1.56337867e+01	2022-05-17T19:14:52.554159	811	2.36000000e+02
1.56418634e+01	2022-05-17T19:14:52.569301	812	2.30000000e+02
1.56673274e+01	2022-05-17T19:14:52.584920	813	2.08000000e+02
1.56850965e+01	2022-05-17T19:14:52.600547	814	2.26000000e+02
1.56952215e+01	2022-05-17T19:14:52.616671	815	2.39000000e+02
1.57035225e+01	2022-05-17T19:14:52.616671	816	2.28000000e+02
1.57221994e+01	2022-05-17T19:14:52.647404	817	2.39000000e+02
1.57413216e+01	2022-05-17T19:14:52.663064	818	2.28000000e+02
1.57482253e+01	2022-05-17T19:14:52.663064	819	2.27000000e+02
1.57524353e+01	2022-05-17T19:14:52.678775	820	2.27000000e+02
1.57607022e+01	2022-05-17T19:14:52.678775	821	2.35000000e+02
1.57814414e+01	2022-05-17T19:14:52.694794	822	2.27000000e+02
1.58023314e+01	2022-05-17T19:14:52.725548	823	2.31000000e+02
1.58095572e+01	2022-05-17T19:14:52.725548	824	2.27000000e+02
1.58140623e+01	2022-05-17T19:14:52.741132	825	2.08000000e+02
1.58261489e+01	2022-05-17T19:14:52.741132	826	2.31000000e+02
1.58448164e+01	2022-05-17T19:14:52.772375	827	2.26000000e+02
1.58700316e+01	2022-05-17T19:14:52.788035	828	2.30000000e+02
1.58795008e+01	2022-05-17T19:14:52.804021	829	2.08000000e+02
1.58878426e+01	2022-05-17T19:14:52.804021	830	2.28000000e+02
1.59074413e+01	2022-05-17T19:14:52.834861	831	2.31000000e+02
1.59307145e+01	2022-05-17T19:14:52.850508	832	2.26000000e+02
1.59372165e+01	2022-05-17T19:14:52.850508	833	2.39000000e+02
1.59491006e+01	2022-05-17T19:14:52.866536	834	2.31000000e+02
1.59685259e+01	2022-05-17T19:14:52.882277	835	2.26000000e+02
1.59780331e+01	2022-05-17T19:14:52.897345	836	2.43000000e+02
1.59960841e+01	2022-05-17T19:14:52.913010	837	2.28000000e+02
1.60064916e+01	2022-05-17T19:14:52.928744	838	2.27000000e+02
1.60147459e+01	2022-05-17T19:14:52.928744	839	2.28000000e+02
1.60323117e+01	2022-05-17T19:14:52.959831	840	2.27000000e+02
1.60568244e+01	2022-05-17T19:14:52.975488	841	2.26000000e+02
1.60678736e+01	2022-05-17T19:14:52.991436	842	2.40000000e+02
1.60758638e+01	2022-05-17T19:14:52.991436	843	2.35000000e+02
1.61012656e+01	2022-05-17T19:14:53.022315	844	2.27000000e+02
1.61202637e+01	2022-05-17T19:14:53.037975	845	2.26000000e+02
1.61293591e+01	2022-05-17T19:14:53.054016	846	2.26000000e+02
1.61377159e+01	2022-05-17T19:14:53.054016	847	2.28000000e+02
1.61552072e+01	2022-05-17T19:14:53.069473	848	2.43000000e+02
1.61761258e+01	2022-05-17T19:14:53.100450	849	2.43000000e+02
1.61866347e+01	2022-05-17T19:14:53.100450	850	2.28000000e+02
1.61949102e+01	2022-05-17T19:14:53.116491	851	2.26000000e+02
1.62031584e+01	2022-05-17T19:14:53.116491	852	2.29000000e+02
1.62194816e+01	2022-05-17T19:14:53.131676	853	2.36000000e+02
1.62388416e+01	2022-05-17T19:14:53.162946	854	2.26000000e+02
1.62528367e+01	2022-05-17T19:14:53.178575	855	2.55000000e+02
1.62643505e+01	2022-05-17T19:14:53.178575	856	2.31000000e+02
1.62726288e+01	2022-05-17T19:14:53.194614	857	2.27000000e+02
1.62811685e+01	2022-05-17T19:14:53.194614	858	2.28000000e+02
1.62958307e+01	2022-05-17T19:14:53.210131	859	2.28000000e+02
1.63150924e+01	2022-05-17T19:14:53.241051	860	2.27000000e+02
1.63230287e+01	2022-05-17T19:14:53.241051	861	2.30000000e+02
1.63341142e+01	2022-05-17T19:14:53.256636	862	2.28000000e+02
1.63422087e+01	2022-05-17T19:14:53.256636	863	2.55000000e+02
1.63591492e+01	2022-05-17T19:14:53.272748	864	2.42000000e+02
1.63838034e+01	2022-05-17T19:14:53.304137	865	2.24000000e+02
1.63868782e+01	2022-05-17T19:14:53.304137	866	2.26000000e+02
1.63958007e+01	2022-05-17T19:14:53.320054	867	2.26000000e+02
1.64084373e+01	2022-05-17T19:14:53.335428	868	2.28000000e+02
1.64216336e+01	2022-05-17T19:14:53.335428	869	2.27000000e+02
1.64466519e+01	2022-05-17T19:14:53.366662	870	2.34000000e+02
1.64529518e+01	2022-05-17T19:14:53.366662	871	2.28000000e+02
1.64610851e+01	2022-05-17T19:14:53.382704	872	2.26000000e+02
1.64694432e+01	2022-05-17T19:14:53.382704	873	2.26000000e+02
1.64849247e+01	2022-05-17T19:14:53.398217	874	2.27000000e+02
1.64936921e+01	2022-05-17T19:14:53.413491	875	2.31000000e+02
1.65127381e+01	2022-05-17T19:14:53.429149	876	2.27000000e+02
1.65229310e+01	2022-05-17T19:14:53.444774	877	2.33000000e+02
1.65466395e+01	2022-05-17T19:14:53.460876	878	2.29000000e+02
1.65570685e+01	2022-05-17T19:14:53.475973	879	2.33000000e+02
1.65758518e+01	2022-05-17T19:14:53.492251	880	2.32000000e+02
1.65838925e+01	2022-05-17T19:14:53.508426	881	2.32000000e+02
1.65919282e+01	2022-05-17T19:14:53.508426	882	2.27000000e+02
1.66105792e+01	2022-05-17T19:14:53.524036	883	2.27000000e+02
1.66308096e+01	2022-05-17T19:14:53.554777	884	2.27000000e+02
1.66412187e+01	2022-05-17T19:14:53.554777	885	2.30000000e+02
1.66496072e+01	2022-05-17T19:14:53.570361	886	2.42000000e+02
1.66754391e+01	2022-05-17T19:14:53.601603	887	2.42000000e+02
1.66999613e+01	2022-05-17T19:14:53.617264	888	2.30000000e+02
1.67074638e+01	2022-05-17T19:14:53.633162	889	2.28000000e+02
1.67190728e+01	2022-05-17T19:14:53.633162	890	2.35000000e+02
1.67362331e+01	2022-05-17T19:14:53.648504	891	2.27000000e+02
1.67609902e+01	2022-05-17T19:14:53.679746	892	2.34000000e+02
1.67723456e+01	2022-05-17T19:14:53.695689	893	2.26000000e+02
1.67807152e+01	2022-05-17T19:14:53.695689	894	2.27000000e+02
1.67984248e+01	2022-05-17T19:14:53.711445	895	2.26000000e+02
1.68245945e+01	2022-05-17T19:14:53.742237	896	2.26000000e+02
1.68296421e+01	2022-05-17T19:14:53.742237	897	2.32000000e+02
1.68381291e+01	2022-05-17T19:14:53.758219	898	2.69000000e+02
1.68612323e+01	2022-05-17T19:14:53.773843	899	2.30000000e+02
1.68811358e+01	2022-05-17T19:14:53.804716	900	2.35000000e+02
1.68909593e+01	2022-05-17T19:14:53.804716	901	2.38000000e+02
1.68994251e+01	2022-05-17T19:14:53.820757	902	2.28000000e+02
1.69221525e+01	2022-05-17T19:14:53.836167	903	2.31000000e+02
1.69427358e+01	2022-05-17T19:14:53.867207	904	2.27000000e+02
1.69524453e+01	2022-05-17T19:14:53.867207	905	2.31000000e+02
1.69607794e+01	2022-05-17T19:14:53.883291	906	2.27000000e+02
1.69694362e+01	2022-05-17T19:14:53.883291	907	2.27000000e+02
1.69899768e+01	2022-05-17T19:14:53.914558	908	2.35000000e+02
1.70058765e+01	2022-05-17T19:14:53.930186	909	2.29000000e+02
1.70135556e+01	2022-05-17T19:14:53.930186	910	2.40000000e+02
1.70221255e+01	2022-05-17T19:14:53.946324	911	2.27000000e+02
1.70305344e+01	2022-05-17T19:14:53.946324	912	2.31000000e+02
1.70490383e+01	2022-05-17T19:14:53.961893	913	2.26000000e+02
1.70687287e+01	2022-05-17T19:14:53.992668	914	2.27000000e+02
1.70771051e+01	2022-05-17T19:14:53.992668	915	2.55000000e+02
1.70878797e+01	2022-05-17T19:14:54.008543	916	2.47000000e+02
1.71055868e+01	2022-05-17T19:14:54.024321	917	2.29000000e+02
1.71183263e+01	2022-05-17T19:14:54.039553	918	2.27000000e+02
1.71309974e+01	2022-05-17T19:14:54.055155	919	2.31000000e+02
1.71408036e+01	2022-05-17T19:14:54.055155	920	2.36000000e+02
1.71493776e+01	2022-05-17T19:14:54.071221	921	2.43000000e+02
1.71727803e+01	2022-05-17T19:14:54.086408	922	2.27000000e+02
1.71981544e+01	2022-05-17T19:14:54.117637	923	2.31000000e+02
1.72024385e+01	2022-05-17T19:14:54.117637	924	2.29000000e+02
1.72106245e+01	2022-05-17T19:14:54.133734	925	2.26000000e+02
1.72189519e+01	2022-05-17T19:14:54.133734	926	2.30000000e+02
1.72367459e+01	2022-05-17T19:14:54.149319	927	2.27000000e+02
1.72573752e+01	2022-05-17T19:14:54.180126	928	2.27000000e+02
1.72719644e+01	2022-05-17T19:14:54.195745	929	2.28000000e+02
1.72803009e+01	2022-05-17T19:14:54.195745	930	2.36000000e+02
1.72887027e+01	2022-05-17T19:14:54.211678	931	2.26000000e+02
1.73105754e+01	2022-05-17T19:14:54.226991	932	2.37000000e+02
1.73133818e+01	2022-05-17T19:14:54.226991	933	2.26000000e+02
1.73221893e+01	2022-05-17T19:14:54.242600	934	2.30000000e+02
1.73407145e+01	2022-05-17T19:14:54.258233	935	2.43000000e+02
1.73498943e+01	2022-05-17T19:14:54.274270	936	2.32000000e+02
1.73575581e+01	2022-05-17T19:14:54.274270	937	2.33000000e+02
1.73766260e+01	2022-05-17T19:14:54.289972	938	2.32000000e+02
1.74036279e+01	2022-05-17T19:14:54.321329	939	2.31000000e+02
1.74153758e+01	2022-05-17T19:14:54.337410	940	2.27000000e+02
1.74244626e+01	2022-05-17T19:14:54.337410	941	2.28000000e+02
1.74458388e+01	2022-05-17T19:14:54.368226	942	2.27000000e+02
1.74644258e+01	2022-05-17T19:14:54.383857	943	2.08000000e+02
1.74686425e+01	2022-05-17T19:14:54.383857	944	2.34000000e+02
1.74768365e+01	2022-05-17T19:14:54.399944	945	2.27000000e+02
1.74852304e+01	2022-05-17T19:14:54.399944	946	2.27000000e+02
1.75024817e+01	2022-05-17T19:14:54.415537	947	2.27000000e+02
1.75281596e+01	2022-05-17T19:14:54.446339	948	2.26000000e+02
1.75343212e+01	2022-05-17T19:14:54.461924	949	2.29000000e+02
1.75464301e+01	2022-05-17T19:14:54.461924	950	2.40000000e+02
1.75649653e+01	2022-05-17T19:14:54.478059	951	2.27000000e+02
1.75911091e+01	2022-05-17T19:14:54.509256	952	2.27000000e+02
1.75991554e+01	2022-05-17T19:14:54.525412	953	2.24000000e+02
1.76077381e+01	2022-05-17T19:14:54.525412	954	2.27000000e+02
1.76292190e+01	2022-05-17T19:14:54.556125	955	2.29000000e+02
1.76497802e+01	2022-05-17T19:14:54.571740	956	2.31000000e+02
1.76611433e+01	2022-05-17T19:14:54.587445	957	2.33000000e+02
1.76693284e+01	2022-05-17T19:14:54.587445	958	2.31000000e+02
1.76910940e+01	2022-05-17T19:14:54.618576	959	2.35000000e+02
1.77167625e+01	2022-05-17T19:14:54.634231	960	2.30000000e+02
1.77223949e+01	2022-05-17T19:14:54.649810	961	2.31000000e+02
1.77309183e+01	2022-05-17T19:14:54.649810	962	2.28000000e+02
1.77523016e+01	2022-05-17T19:14:54.665442	963	2.31000000e+02
1.77737475e+01	2022-05-17T19:14:54.696712	964	2.55000000e+02
1.77840383e+01	2022-05-17T19:14:54.696712	965	2.35000000e+02
1.77920736e+01	2022-05-17T19:14:54.712669	966	2.32000000e+02
1.78004323e+01	2022-05-17T19:14:54.727917	967	2.27000000e+02
1.78146413e+01	2022-05-17T19:14:54.727917	968	2.27000000e+02
1.78421492e+01	2022-05-17T19:14:54.759197	969	2.40000000e+02
1.78539563e+01	2022-05-17T19:14:54.775356	970	2.32000000e+02
1.78764583e+01	2022-05-17T19:14:54.790882	971	2.27000000e+02
1.78877541e+01	2022-05-17T19:14:54.806058	972	2.27000000e+02
1.79064964e+01	2022-05-17T19:14:54.821687	973	2.08000000e+02
1.79151770e+01	2022-05-17T19:14:54.837783	974	2.28000000e+02
1.79234736e+01	2022-05-17T19:14:54.837783	975	2.33000000e+02
1.79401279e+01	2022-05-17T19:14:54.853340	976	2.31000000e+02
1.79659197e+01	2022-05-17T19:14:54.884167	977	2.28000000e+02
1.79722731e+01	2022-05-17T19:14:54.899750	978	2.33000000e+02
1.79807835e+01	2022-05-17T19:14:54.899750	979	2.08000000e+02
1.80021645e+01	2022-05-17T19:14:54.915372	980	2.29000000e+02
1.80285454e+01	2022-05-17T19:14:54.946650	981	2.33000000e+02
1.80380330e+01	2022-05-17T19:14:54.962705	982	2.30000000e+02
1.80463169e+01	2022-05-17T19:14:54.962705	983	2.43000000e+02
1.80677659e+01	2022-05-17T19:14:54.993478	984	2.39000000e+02
1.80885317e+01	2022-05-17T19:14:55.009138	985	2.33000000e+02
1.80989567e+01	2022-05-17T19:14:55.025170	986	2.44000000e+02
1.81073148e+01	2022-05-17T19:14:55.025170	987	2.33000000e+02
1.81355774e+01	2022-05-17T19:14:55.055963	988	2.27000000e+02
1.81554887e+01	2022-05-17T19:14:55.071622	989	2.26000000e+02
1.81608792e+01	2022-05-17T19:14:55.087212	990	2.28000000e+02
1.81690271e+01	2022-05-17T19:14:55.087212	991	2.27000000e+02
1.81904016e+01	2022-05-17T19:14:55.103252	992	2.27000000e+02
1.82097493e+01	2022-05-17T19:14:55.134107	993	2.29000000e+02
1.82178393e+01	2022-05-17T19:14:55.134107	994	2.00000000e+02
1.82258015e+01	2022-05-17T19:14:55.150017	995	2.26000000e+02
1.82347696e+01	2022-05-17T19:14:55.150017	996	2.37000000e+02
1.82607303e+01	2022-05-17T19:14:55.180959	997	2.35000000e+02
1.82744051e+01	2022-05-17T19:14:55.196593	998	2.27000000e+02
1.82898648e+01	2022-05-17T19:14:55.212212	999	2.27000000e+02
1.83000342e+01	2022-05-17T19:14:55.212212	1000	2.55000000e+02