Time elapsed	Time stamp	Loop Index	GP2Y ADC
s			Cts

5.01226520e+00	2022-05-17T19:15:45.049862	1	1.63000000e+02
5.02182070e+00	2022-05-17T19:15:45.049862	2	2.02000000e+02
5.03313440e+00	2022-05-17T19:15:45.065292	3	1.60000000e+02
5.04636890e+00	2022-05-17T19:15:45.080436	4	1.64000000e+02
5.05482000e+00	2022-05-17T19:15:45.080436	5	1.61000000e+02
5.06173770e+00	2022-05-17T19:15:45.096017	6	2.06000000e+02
5.08291370e+00	2022-05-17T19:15:45.111638	7	1.61000000e+02
5.09473560e+00	2022-05-17T19:15:45.127259	8	1.66000000e+02
5.10191260e+00	2022-05-17T19:15:45.127259	9	1.66000000e+02
5.11113330e+00	2022-05-17T19:15:45.143203	10	1.61000000e+02
5.11953900e+00	2022-05-17T19:15:45.158538	11	1.61000000e+02
5.13623260e+00	2022-05-17T19:15:45.174123	12	1.60000000e+02
5.14773990e+00	2022-05-17T19:15:45.174123	13	1.67000000e+02
5.15578160e+00	2022-05-17T19:15:45.189745	14	1.63000000e+02
5.16456760e+00	2022-05-17T19:15:45.189745	15	1.62000000e+02
5.17276400e+00	2022-05-17T19:15:45.205685	16	1.62000000e+02
5.18092120e+00	2022-05-17T19:15:45.205685	17	1.66000000e+02
5.19806560e+00	2022-05-17T19:15:45.236609	18	1.61000000e+02
5.20896800e+00	2022-05-17T19:15:45.236609	19	1.68000000e+02
5.21751410e+00	2022-05-17T19:15:45.252231	20	1.60000000e+02
5.22597640e+00	2022-05-17T19:15:45.252231	21	1.65000000e+02
5.23441860e+00	2022-05-17T19:15:45.268347	22	1.66000000e+02
5.24259150e+00	2022-05-17T19:15:45.268347	23	1.61000000e+02
5.25791460e+00	2022-05-17T19:15:45.283472	24	1.61000000e+02
5.27535300e+00	2022-05-17T19:15:45.299094	25	1.61000000e+02
5.28757600e+00	2022-05-17T19:15:45.315278	26	1.64000000e+02
5.29569450e+00	2022-05-17T19:15:45.331229	27	1.62000000e+02
5.30410460e+00	2022-05-17T19:15:45.331229	28	1.63000000e+02
5.32107870e+00	2022-05-17T19:15:45.346580	29	1.61000000e+02
5.33836150e+00	2022-05-17T19:15:45.362145	30	1.63000000e+02
5.34921420e+00	2022-05-17T19:15:45.377795	31	1.61000000e+02
5.37043940e+00	2022-05-17T19:15:45.409024	32	1.36000000e+02
5.38232340e+00	2022-05-17T19:15:45.409024	33	1.61000000e+02
5.39366870e+00	2022-05-17T19:15:45.424630	34	1.62000000e+02
5.40298140e+00	2022-05-17T19:15:45.440329	35	1.62000000e+02
5.41453570e+00	2022-05-17T19:15:45.440329	36	1.61000000e+02
5.43397520e+00	2022-05-17T19:15:45.471494	37	1.61000000e+02
5.45196770e+00	2022-05-17T19:15:45.487712	38	1.61000000e+02
5.45945410e+00	2022-05-17T19:15:45.487712	39	1.62000000e+02
5.46783050e+00	2022-05-17T19:15:45.503815	40	1.69000000e+02
5.47580880e+00	2022-05-17T19:15:45.503815	41	1.60000000e+02
5.49742130e+00	2022-05-17T19:15:45.534579	42	1.61000000e+02
5.51175650e+00	2022-05-17T19:15:45.550200	43	1.62000000e+02
5.52106390e+00	2022-05-17T19:15:45.550200	44	1.62000000e+02
5.52915790e+00	2022-05-17T19:15:45.566229	45	2.05000000e+02
5.53793200e+00	2022-05-17T19:15:45.566229	46	1.75000000e+02
5.55677730e+00	2022-05-17T19:15:45.581726	47	1.64000000e+02
5.57477850e+00	2022-05-17T19:15:45.612690	48	1.61000000e+02
5.58659280e+00	2022-05-17T19:15:45.612690	49	1.61000000e+02
5.59413020e+00	2022-05-17T19:15:45.628791	50	1.61000000e+02
5.60309460e+00	2022-05-17T19:15:45.628791	51	1.62000000e+02
5.62007920e+00	2022-05-17T19:15:45.644371	52	1.60000000e+02
5.63288780e+00	2022-05-17T19:15:45.659549	53	1.61000000e+02
5.64367040e+00	2022-05-17T19:15:45.675171	54	1.67000000e+02
5.65231550e+00	2022-05-17T19:15:45.690792	55	1.65000000e+02
5.66436300e+00	2022-05-17T19:15:45.690792	56	1.62000000e+02
5.68114720e+00	2022-05-17T19:15:45.706907	57	1.63000000e+02
5.69012550e+00	2022-05-17T19:15:45.722034	58	1.62000000e+02
5.70168180e+00	2022-05-17T19:15:45.737656	59	1.60000000e+02
5.71350050e+00	2022-05-17T19:15:45.737656	60	1.36000000e+02
5.72185920e+00	2022-05-17T19:15:45.753663	61	1.62000000e+02
5.74347190e+00	2022-05-17T19:15:45.769280	62	1.64000000e+02
5.75275380e+00	2022-05-17T19:15:45.784519	63	1.67000000e+02
5.76707580e+00	2022-05-17T19:15:45.800141	64	1.60000000e+02
5.77847830e+00	2022-05-17T19:15:45.816170	65	1.62000000e+02
5.78732660e+00	2022-05-17T19:15:45.816170	66	1.61000000e+02
5.80599330e+00	2022-05-17T19:15:45.831674	67	1.61000000e+02
5.82497460e+00	2022-05-17T19:15:45.862629	68	1.61000000e+02
5.83632260e+00	2022-05-17T19:15:45.862629	69	1.61000000e+02
5.84430850e+00	2022-05-17T19:15:45.878739	70	1.64000000e+02
5.85337720e+00	2022-05-17T19:15:45.878739	71	1.63000000e+02
5.87034380e+00	2022-05-17T19:15:45.909490	72	1.62000000e+02
5.88945990e+00	2022-05-17T19:15:45.925111	73	1.65000000e+02
5.89795790e+00	2022-05-17T19:15:45.925111	74	1.30000000e+02
5.90551050e+00	2022-05-17T19:15:45.941251	75	1.61000000e+02
5.91426250e+00	2022-05-17T19:15:45.941251	76	1.63000000e+02
5.93726760e+00	2022-05-17T19:15:45.971975	77	1.67000000e+02
5.95267080e+00	2022-05-17T19:15:45.987596	78	1.75000000e+02
5.95915160e+00	2022-05-17T19:15:45.987596	79	1.63000000e+02
5.96746510e+00	2022-05-17T19:15:46.003750	80	1.68000000e+02
5.97583810e+00	2022-05-17T19:15:46.003750	81	1.61000000e+02
5.99651080e+00	2022-05-17T19:15:46.034465	82	1.64000000e+02
6.01230300e+00	2022-05-17T19:15:46.050082	83	1.61000000e+02
6.02069180e+00	2022-05-17T19:15:46.050082	84	1.61000000e+02
6.02824880e+00	2022-05-17T19:15:46.066123	85	1.62000000e+02
6.03729860e+00	2022-05-17T19:15:46.066123	86	1.60000000e+02
6.05912720e+00	2022-05-17T19:15:46.096972	87	1.61000000e+02
6.07266990e+00	2022-05-17T19:15:46.096972	88	2.03000000e+02
6.08196070e+00	2022-05-17T19:15:46.112566	89	1.62000000e+02
6.09048520e+00	2022-05-17T19:15:46.128298	90	1.65000000e+02
6.10257820e+00	2022-05-17T19:15:46.128298	91	1.62000000e+02
6.11880500e+00	2022-05-17T19:15:46.144273	92	1.64000000e+02
6.13630020e+00	2022-05-17T19:15:46.175052	93	1.63000000e+02
6.14311380e+00	2022-05-17T19:15:46.175052	94	1.71000000e+02
6.15195420e+00	2022-05-17T19:15:46.190674	95	1.64000000e+02
6.16440210e+00	2022-05-17T19:15:46.190674	96	1.75000000e+02
6.18045160e+00	2022-05-17T19:15:46.206781	97	1.61000000e+02
6.18909660e+00	2022-05-17T19:15:46.221917	98	1.64000000e+02
6.20077700e+00	2022-05-17T19:15:46.237538	99	1.64000000e+02
6.20860570e+00	2022-05-17T19:15:46.237538	100	1.64000000e+02
6.21673030e+00	2022-05-17T19:15:46.253699	101	1.61000000e+02
6.22561290e+00	2022-05-17T19:15:46.253699	102	1.63000000e+02
6.24308630e+00	2022-05-17T19:15:46.269312	103	1.61000000e+02
6.25800370e+00	2022-05-17T19:15:46.284400	104	1.62000000e+02
6.26602580e+00	2022-05-17T19:15:46.300022	105	1.71000000e+02
6.27490020e+00	2022-05-17T19:15:46.300022	106	1.67000000e+02
6.28691050e+00	2022-05-17T19:15:46.316319	107	1.61000000e+02
6.30684320e+00	2022-05-17T19:15:46.331982	108	1.62000000e+02
6.31576400e+00	2022-05-17T19:15:46.347563	109	1.67000000e+02
6.32795000e+00	2022-05-17T19:15:46.363185	110	1.61000000e+02
6.34038780e+00	2022-05-17T19:15:46.378807	111	1.63000000e+02
6.35238730e+00	2022-05-17T19:15:46.378807	112	1.61000000e+02
6.37085850e+00	2022-05-17T19:15:46.410049	113	1.61000000e+02
6.38834040e+00	2022-05-17T19:15:46.425670	114	1.61000000e+02
6.39277300e+00	2022-05-17T19:15:46.425670	115	2.04000000e+02
6.40172380e+00	2022-05-17T19:15:46.425670	116	1.66000000e+02
6.41390460e+00	2022-05-17T19:15:46.441292	117	1.61000000e+02
6.43506240e+00	2022-05-17T19:15:46.472534	118	1.63000000e+02
6.45520350e+00	2022-05-17T19:15:46.488738	119	1.61000000e+02
6.46307440e+00	2022-05-17T19:15:46.488738	120	1.91000000e+02
6.47131670e+00	2022-05-17T19:15:46.504830	121	1.62000000e+02
6.47986950e+00	2022-05-17T19:15:46.504830	122	1.65000000e+02
6.49649500e+00	2022-05-17T19:15:46.535605	123	1.64000000e+02
6.51121800e+00	2022-05-17T19:15:46.535605	124	1.60000000e+02
6.52034940e+00	2022-05-17T19:15:46.551226	125	1.61000000e+02
6.52932400e+00	2022-05-17T19:15:46.566887	126	1.61000000e+02
6.54211340e+00	2022-05-17T19:15:46.566887	127	1.61000000e+02
6.55803580e+00	2022-05-17T19:15:46.582764	128	1.63000000e+02
6.57752950e+00	2022-05-17T19:15:46.613712	129	1.91000000e+02
6.58621120e+00	2022-05-17T19:15:46.613712	130	1.65000000e+02
6.59818870e+00	2022-05-17T19:15:46.629351	131	1.62000000e+02
6.61997450e+00	2022-05-17T19:15:46.644989	132	1.62000000e+02
6.62194790e+00	2022-05-17T19:15:46.660575	133	1.67000000e+02
6.63145800e+00	2022-05-17T19:15:46.660575	134	1.71000000e+02
6.64390370e+00	2022-05-17T19:15:46.676203	135	1.61000000e+02
6.65533740e+00	2022-05-17T19:15:46.692297	136	1.70000000e+02
6.66375910e+00	2022-05-17T19:15:46.692297	137	1.60000000e+02
6.68629980e+00	2022-05-17T19:15:46.723060	138	1.61000000e+02
6.69648680e+00	2022-05-17T19:15:46.723060	139	1.65000000e+02
6.70925750e+00	2022-05-17T19:15:46.738687	140	1.63000000e+02
6.72111080e+00	2022-05-17T19:15:46.754804	141	1.62000000e+02
6.72930610e+00	2022-05-17T19:15:46.754804	142	1.60000000e+02
6.74871560e+00	2022-05-17T19:15:46.785546	143	1.61000000e+02
6.76283890e+00	2022-05-17T19:15:46.801168	144	1.64000000e+02
6.76998880e+00	2022-05-17T19:15:46.801168	145	1.61000000e+02
6.77839870e+00	2022-05-17T19:15:46.816827	146	1.67000000e+02
6.78683380e+00	2022-05-17T19:15:46.816827	147	1.61000000e+02
6.80801190e+00	2022-05-17T19:15:46.832586	148	1.63000000e+02
6.82331570e+00	2022-05-17T19:15:46.848031	149	1.63000000e+02
6.83118900e+00	2022-05-17T19:15:46.863652	150	1.63000000e+02
6.84021340e+00	2022-05-17T19:15:46.879273	151	1.61000000e+02
6.85214360e+00	2022-05-17T19:15:46.879273	152	1.61000000e+02
6.87192160e+00	2022-05-17T19:15:46.910527	153	1.62000000e+02
6.88085300e+00	2022-05-17T19:15:46.910527	154	1.62000000e+02
6.89405080e+00	2022-05-17T19:15:46.926138	155	1.60000000e+02
6.90523590e+00	2022-05-17T19:15:46.942242	156	1.67000000e+02
6.91362830e+00	2022-05-17T19:15:46.942242	157	1.62000000e+02
6.93728980e+00	2022-05-17T19:15:46.973027	158	1.62000000e+02
6.94643980e+00	2022-05-17T19:15:46.973027	159	1.32000000e+02
6.95924260e+00	2022-05-17T19:15:46.988629	160	1.62000000e+02
6.97091980e+00	2022-05-17T19:15:47.004822	161	1.63000000e+02
6.97919790e+00	2022-05-17T19:15:47.004822	162	1.36000000e+02
6.99827800e+00	2022-05-17T19:15:47.035486	163	1.60000000e+02
7.01385850e+00	2022-05-17T19:15:47.051108	164	1.75000000e+02
7.02430510e+00	2022-05-17T19:15:47.051108	165	1.69000000e+02
7.03242440e+00	2022-05-17T19:15:47.067231	166	1.62000000e+02
7.04115670e+00	2022-05-17T19:15:47.067231	167	1.66000000e+02
7.05778670e+00	2022-05-17T19:15:47.082824	168	1.63000000e+02
7.07306260e+00	2022-05-17T19:15:47.097971	169	1.62000000e+02
7.08183620e+00	2022-05-17T19:15:47.114013	170	1.70000000e+02
7.09318920e+00	2022-05-17T19:15:47.129498	171	1.61000000e+02
7.10209680e+00	2022-05-17T19:15:47.129498	172	1.60000000e+02
7.12199130e+00	2022-05-17T19:15:47.160528	173	1.63000000e+02
7.13201830e+00	2022-05-17T19:15:47.160528	174	1.62000000e+02
7.14485020e+00	2022-05-17T19:15:47.176078	175	1.62000000e+02
7.15505530e+00	2022-05-17T19:15:47.192186	176	1.62000000e+02
7.16355970e+00	2022-05-17T19:15:47.192186	177	1.60000000e+02
7.18624140e+00	2022-05-17T19:15:47.222942	178	1.62000000e+02
7.19663600e+00	2022-05-17T19:15:47.222942	179	1.63000000e+02
7.21002270e+00	2022-05-17T19:15:47.238563	180	1.63000000e+02
7.22069170e+00	2022-05-17T19:15:47.254534	181	1.62000000e+02
7.22903000e+00	2022-05-17T19:15:47.254534	182	1.62000000e+02
7.24858220e+00	2022-05-17T19:15:47.285427	183	1.62000000e+02
7.26829210e+00	2022-05-17T19:15:47.301048	184	1.73000000e+02
7.27395320e+00	2022-05-17T19:15:47.301048	185	1.68000000e+02
7.28222530e+00	2022-05-17T19:15:47.318205	186	1.63000000e+02
7.29105350e+00	2022-05-17T19:15:47.318205	187	1.64000000e+02
7.31156300e+00	2022-05-17T19:15:47.349463	188	1.60000000e+02
7.33055530e+00	2022-05-17T19:15:47.365072	189	1.60000000e+02
7.33955320e+00	2022-05-17T19:15:47.365072	190	1.67000000e+02
7.34820160e+00	2022-05-17T19:15:47.380694	191	1.61000000e+02
7.37302660e+00	2022-05-17T19:15:47.411936	192	1.60000000e+02
7.39271740e+00	2022-05-17T19:15:47.427557	193	1.60000000e+02
7.39682440e+00	2022-05-17T19:15:47.427557	194	1.60000000e+02
7.40520990e+00	2022-05-17T19:15:47.443226	195	1.61000000e+02
7.41750970e+00	2022-05-17T19:15:47.443226	196	1.70000000e+02
7.43687670e+00	2022-05-17T19:15:47.474421	197	1.60000000e+02
7.44643660e+00	2022-05-17T19:15:47.474421	198	1.62000000e+02
7.45969250e+00	2022-05-17T19:15:47.490834	199	1.63000000e+02
7.46998770e+00	2022-05-17T19:15:47.506924	200	1.62000000e+02
7.47885960e+00	2022-05-17T19:15:47.506924	201	1.62000000e+02
7.49985220e+00	2022-05-17T19:15:47.537701	202	1.61000000e+02
7.51390680e+00	2022-05-17T19:15:47.537701	203	1.67000000e+02
7.52063810e+00	2022-05-17T19:15:47.553348	204	1.63000000e+02
7.53150740e+00	2022-05-17T19:15:47.569442	205	1.32000000e+02
7.54087660e+00	2022-05-17T19:15:47.569442	206	1.61000000e+02
7.56109570e+00	2022-05-17T19:15:47.600240	207	1.63000000e+02
7.58169710e+00	2022-05-17T19:15:47.615844	208	1.63000000e+02
7.58476120e+00	2022-05-17T19:15:47.615844	209	1.62000000e+02
7.59308090e+00	2022-05-17T19:15:47.631466	210	1.75000000e+02
7.60184030e+00	2022-05-17T19:15:47.631466	211	1.75000000e+02
7.62092350e+00	2022-05-17T19:15:47.647345	212	1.61000000e+02
7.64072770e+00	2022-05-17T19:15:47.678292	213	1.62000000e+02
7.64391370e+00	2022-05-17T19:15:47.678292	214	1.67000000e+02
7.65496100e+00	2022-05-17T19:15:47.693950	215	1.63000000e+02
7.66315890e+00	2022-05-17T19:15:47.693950	216	1.60000000e+02
7.68444750e+00	2022-05-17T19:15:47.709536	217	1.65000000e+02
7.70484080e+00	2022-05-17T19:15:47.740778	218	1.62000000e+02
7.71626940e+00	2022-05-17T19:15:47.740778	219	1.64000000e+02
7.72497860e+00	2022-05-17T19:15:47.756780	220	1.99000000e+02
7.74799750e+00	2022-05-17T19:15:47.772430	221	1.61000000e+02
7.76164800e+00	2022-05-17T19:15:47.787641	222	1.63000000e+02
7.77082010e+00	2022-05-17T19:15:47.803262	223	1.69000000e+02
7.78220320e+00	2022-05-17T19:15:47.819387	224	1.61000000e+02
7.79399890e+00	2022-05-17T19:15:47.819387	225	1.60000000e+02
7.80883770e+00	2022-05-17T19:15:47.834961	226	1.61000000e+02
7.82843570e+00	2022-05-17T19:15:47.865748	227	1.61000000e+02
7.83926820e+00	2022-05-17T19:15:47.865748	228	1.63000000e+02
7.84750830e+00	2022-05-17T19:15:47.881809	229	1.62000000e+02
7.85580320e+00	2022-05-17T19:15:47.881809	230	1.61000000e+02
7.87120730e+00	2022-05-17T19:15:47.896996	231	1.69000000e+02
7.88555650e+00	2022-05-17T19:15:47.912652	232	1.75000000e+02
7.89307860e+00	2022-05-17T19:15:47.928233	233	1.60000000e+02
7.90477120e+00	2022-05-17T19:15:47.943854	234	1.63000000e+02
7.91302570e+00	2022-05-17T19:15:47.943854	235	1.60000000e+02
7.93372740e+00	2022-05-17T19:15:47.959509	236	1.75000000e+02
7.93722600e+00	2022-05-17T19:15:47.975097	237	1.61000000e+02
7.95082900e+00	2022-05-17T19:15:47.975097	238	1.61000000e+02
7.96200240e+00	2022-05-17T19:15:47.990718	239	1.70000000e+02
7.97018260e+00	2022-05-17T19:15:48.006891	240	1.62000000e+02
7.97868150e+00	2022-05-17T19:15:48.006891	241	1.69000000e+02
7.99806890e+00	2022-05-17T19:15:48.022398	242	1.71000000e+02
8.01915990e+00	2022-05-17T19:15:48.053203	243	1.64000000e+02
8.02348450e+00	2022-05-17T19:15:48.053203	244	1.74000000e+02
8.03166620e+00	2022-05-17T19:15:48.069396	245	1.61000000e+02
8.04054810e+00	2022-05-17T19:15:48.069396	246	1.63000000e+02
8.05970210e+00	2022-05-17T19:15:48.084909	247	1.65000000e+02
8.07393630e+00	2022-05-17T19:15:48.100067	248	1.62000000e+02
8.08134330e+00	2022-05-17T19:15:48.115688	249	1.64000000e+02
8.09293690e+00	2022-05-17T19:15:48.131309	250	1.67000000e+02
8.10080310e+00	2022-05-17T19:15:48.131309	251	1.63000000e+02
8.12028060e+00	2022-05-17T19:15:48.147169	252	1.69000000e+02
8.13112710e+00	2022-05-17T19:15:48.162555	253	1.61000000e+02
8.13984290e+00	2022-05-17T19:15:48.178173	254	1.63000000e+02
8.15037920e+00	2022-05-17T19:15:48.178173	255	1.70000000e+02
8.15850450e+00	2022-05-17T19:15:48.194326	256	1.63000000e+02
8.16704130e+00	2022-05-17T19:15:48.194326	257	1.62000000e+02
8.18540000e+00	2022-05-17T19:15:48.209916	258	1.71000000e+02
8.20622830e+00	2022-05-17T19:15:48.240660	259	1.60000000e+02
8.21195360e+00	2022-05-17T19:15:48.240660	260	1.66000000e+02
8.22007430e+00	2022-05-17T19:15:48.256843	261	1.61000000e+02
8.22868590e+00	2022-05-17T19:15:48.256843	262	1.63000000e+02
8.24810330e+00	2022-05-17T19:15:48.272440	263	1.61000000e+02
8.25692350e+00	2022-05-17T19:15:48.287522	264	1.62000000e+02
8.27053070e+00	2022-05-17T19:15:48.303721	265	1.63000000e+02
8.28155140e+00	2022-05-17T19:15:48.319538	266	1.62000000e+02
8.29038080e+00	2022-05-17T19:15:48.319538	267	1.63000000e+02
8.31038210e+00	2022-05-17T19:15:48.335516	268	1.32000000e+02
8.31923270e+00	2022-05-17T19:15:48.350587	269	1.60000000e+02
8.33292350e+00	2022-05-17T19:15:48.366209	270	1.66000000e+02
8.34269530e+00	2022-05-17T19:15:48.381830	271	1.75000000e+02
8.35141180e+00	2022-05-17T19:15:48.381830	272	1.69000000e+02
8.37171120e+00	2022-05-17T19:15:48.397452	273	1.62000000e+02
8.38088350e+00	2022-05-17T19:15:48.413072	274	1.62000000e+02
8.39493130e+00	2022-05-17T19:15:48.428694	275	1.61000000e+02
8.40452030e+00	2022-05-17T19:15:48.428694	276	1.62000000e+02
8.41272360e+00	2022-05-17T19:15:48.444693	277	1.68000000e+02
8.43672650e+00	2022-05-17T19:15:48.475558	278	1.61000000e+02
8.44575080e+00	2022-05-17T19:15:48.475558	279	1.60000000e+02
8.46026220e+00	2022-05-17T19:15:48.492567	280	1.61000000e+02
8.47010170e+00	2022-05-17T19:15:48.508193	281	1.62000000e+02
8.48218570e+00	2022-05-17T19:15:48.508193	282	1.62000000e+02
8.50191000e+00	2022-05-17T19:15:48.539434	283	1.75000000e+02
8.51641340e+00	2022-05-17T19:15:48.555055	284	1.67000000e+02
8.52418690e+00	2022-05-17T19:15:48.555055	285	1.67000000e+02
8.53547330e+00	2022-05-17T19:15:48.571089	286	1.60000000e+02
8.54381770e+00	2022-05-17T19:15:48.571089	287	1.63000000e+02
8.56294970e+00	2022-05-17T19:15:48.601921	288	1.64000000e+02
8.57159910e+00	2022-05-17T19:15:48.601921	289	1.61000000e+02
8.58093080e+00	2022-05-17T19:15:48.617541	290	1.62000000e+02
8.58828400e+00	2022-05-17T19:15:48.617541	291	1.60000000e+02
8.59691710e+00	2022-05-17T19:15:48.633670	292	1.61000000e+02
8.60524570e+00	2022-05-17T19:15:48.633670	293	1.66000000e+02
8.62423820e+00	2022-05-17T19:15:48.649256	294	1.64000000e+02
8.63930230e+00	2022-05-17T19:15:48.664405	295	1.62000000e+02
8.64719350e+00	2022-05-17T19:15:48.680026	296	1.67000000e+02
8.65869110e+00	2022-05-17T19:15:48.695926	297	2.07000000e+02
8.67058010e+00	2022-05-17T19:15:48.695926	298	1.61000000e+02
8.68715100e+00	2022-05-17T19:15:48.711717	299	1.60000000e+02
8.69687270e+00	2022-05-17T19:15:48.726889	300	1.67000000e+02
8.71124350e+00	2022-05-17T19:15:48.742511	301	1.61000000e+02
8.72063950e+00	2022-05-17T19:15:48.758133	302	1.71000000e+02
8.73207030e+00	2022-05-17T19:15:48.758133	303	1.66000000e+02
8.75219190e+00	2022-05-17T19:15:48.789375	304	1.61000000e+02
8.77536170e+00	2022-05-17T19:15:48.804996	305	1.61000000e+02
8.78527160e+00	2022-05-17T19:15:48.821048	306	1.62000000e+02
8.79333890e+00	2022-05-17T19:15:48.821048	307	1.61000000e+02
8.81281520e+00	2022-05-17T19:15:48.851874	308	1.68000000e+02
8.82926050e+00	2022-05-17T19:15:48.867481	309	1.62000000e+02
8.83691830e+00	2022-05-17T19:15:48.867481	310	1.61000000e+02
8.84666150e+00	2022-05-17T19:15:48.883612	311	1.60000000e+02
8.85508490e+00	2022-05-17T19:15:48.883612	312	1.64000000e+02
8.87523320e+00	2022-05-17T19:15:48.914345	313	1.68000000e+02
8.88434400e+00	2022-05-17T19:15:48.914345	314	1.61000000e+02
8.89821690e+00	2022-05-17T19:15:48.929966	315	1.62000000e+02
8.90803840e+00	2022-05-17T19:15:48.945838	316	1.61000000e+02
8.91660250e+00	2022-05-17T19:15:48.945838	317	1.64000000e+02
8.93845060e+00	2022-05-17T19:15:48.976830	318	1.61000000e+02
8.94817340e+00	2022-05-17T19:15:48.976830	319	1.61000000e+02
8.95675360e+00	2022-05-17T19:15:48.992452	320	1.63000000e+02
8.96514820e+00	2022-05-17T19:15:48.992452	321	1.68000000e+02
8.97410850e+00	2022-05-17T19:15:49.008607	322	1.65000000e+02
9.00074750e+00	2022-05-17T19:15:49.039316	323	1.61000000e+02
9.00199010e+00	2022-05-17T19:15:49.039316	324	1.61000000e+02
9.01734220e+00	2022-05-17T19:15:49.054941	325	1.62000000e+02
9.02507440e+00	2022-05-17T19:15:49.054941	326	1.62000000e+02
9.03473310e+00	2022-05-17T19:15:49.071000	327	1.63000000e+02
9.04317570e+00	2022-05-17T19:15:49.071000	328	2.03000000e+02
9.06323660e+00	2022-05-17T19:15:49.101801	329	1.60000000e+02
9.07230160e+00	2022-05-17T19:15:49.101801	330	1.60000000e+02
9.08696880e+00	2022-05-17T19:15:49.117422	331	1.36000000e+02
9.09656810e+00	2022-05-17T19:15:49.133549	332	1.62000000e+02
9.10498760e+00	2022-05-17T19:15:49.133549	333	1.60000000e+02
9.12669580e+00	2022-05-17T19:15:49.164286	334	1.61000000e+02
9.13705070e+00	2022-05-17T19:15:49.164286	335	1.66000000e+02
9.15067810e+00	2022-05-17T19:15:49.179907	336	1.65000000e+02
9.16202110e+00	2022-05-17T19:15:49.195573	337	1.62000000e+02
9.17054600e+00	2022-05-17T19:15:49.195573	338	1.62000000e+02
9.18880330e+00	2022-05-17T19:15:49.226771	339	1.63000000e+02
9.21101160e+00	2022-05-17T19:15:49.242392	340	1.78000000e+02
9.21976370e+00	2022-05-17T19:15:49.258051	341	1.60000000e+02
9.23178560e+00	2022-05-17T19:15:49.258051	342	1.65000000e+02
9.25181100e+00	2022-05-17T19:15:49.289257	343	1.60000000e+02
9.26146150e+00	2022-05-17T19:15:49.289257	344	1.61000000e+02
9.27561210e+00	2022-05-17T19:15:49.305452	345	1.68000000e+02
9.28494310e+00	2022-05-17T19:15:49.321548	346	1.62000000e+02
9.29291900e+00	2022-05-17T19:15:49.321548	347	1.60000000e+02
9.31429710e+00	2022-05-17T19:15:49.352345	348	1.60000000e+02
9.33167260e+00	2022-05-17T19:15:49.367940	349	1.64000000e+02
9.34181050e+00	2022-05-17T19:15:49.367940	350	1.91000000e+02
9.35051890e+00	2022-05-17T19:15:49.384055	351	1.70000000e+02
9.35899120e+00	2022-05-17T19:15:49.384055	352	1.61000000e+02
9.37664230e+00	2022-05-17T19:15:49.414804	353	1.61000000e+02
9.39791900e+00	2022-05-17T19:15:49.430425	354	1.61000000e+02
9.40382940e+00	2022-05-17T19:15:49.430425	355	1.61000000e+02
9.41209070e+00	2022-05-17T19:15:49.446342	356	1.61000000e+02
9.42073080e+00	2022-05-17T19:15:49.446342	357	1.36000000e+02
9.43929740e+00	2022-05-17T19:15:49.477289	358	1.75000000e+02
9.45561150e+00	2022-05-17T19:15:49.493724	359	1.61000000e+02
9.46237340e+00	2022-05-17T19:15:49.493724	360	1.61000000e+02
9.46929330e+00	2022-05-17T19:15:49.493724	361	1.61000000e+02
9.47763120e+00	2022-05-17T19:15:49.509729	362	1.66000000e+02
9.48596570e+00	2022-05-17T19:15:49.524970	363	1.61000000e+02
9.50397530e+00	2022-05-17T19:15:49.540591	364	1.62000000e+02
9.52468580e+00	2022-05-17T19:15:49.556212	365	1.60000000e+02
9.53104550e+00	2022-05-17T19:15:49.556212	366	1.62000000e+02
9.54264920e+00	2022-05-17T19:15:49.572250	367	1.60000000e+02
9.56580980e+00	2022-05-17T19:15:49.603076	368	1.60000000e+02
9.57524450e+00	2022-05-17T19:15:49.603076	369	1.62000000e+02
9.58988250e+00	2022-05-17T19:15:49.618697	370	1.67000000e+02
9.60051090e+00	2022-05-17T19:15:49.634359	371	1.69000000e+02
9.62835320e+00	2022-05-17T19:15:49.665561	372	1.65000000e+02
9.64442960e+00	2022-05-17T19:15:49.681182	373	1.66000000e+02
9.65218130e+00	2022-05-17T19:15:49.681182	374	1.62000000e+02
9.66122640e+00	2022-05-17T19:15:49.696804	375	1.63000000e+02
9.67017250e+00	2022-05-17T19:15:49.696804	376	1.62000000e+02
9.69082430e+00	2022-05-17T19:15:49.728047	377	1.61000000e+02
9.71246090e+00	2022-05-17T19:15:49.743669	378	1.36000000e+02
9.72328090e+00	2022-05-17T19:15:49.759755	379	1.38000000e+02
9.73153120e+00	2022-05-17T19:15:49.759755	380	1.62000000e+02
9.75217410e+00	2022-05-17T19:15:49.790532	381	1.62000000e+02
9.77870730e+00	2022-05-17T19:15:49.806152	382	1.61000000e+02
9.78896640e+00	2022-05-17T19:15:49.822292	383	1.65000000e+02
9.81387650e+00	2022-05-17T19:15:49.853016	384	1.61000000e+02
9.81676970e+00	2022-05-17T19:15:49.853016	385	1.62000000e+02
9.82680440e+00	2022-05-17T19:15:49.853016	386	1.70000000e+02
9.84120490e+00	2022-05-17T19:15:49.868638	387	1.61000000e+02
9.85050520e+00	2022-05-17T19:15:49.884790	388	1.65000000e+02
9.87690370e+00	2022-05-17T19:15:49.915502	389	1.60000000e+02
9.88723380e+00	2022-05-17T19:15:49.915502	390	1.62000000e+02
9.90184850e+00	2022-05-17T19:15:49.931123	391	1.91000000e+02
9.91165800e+00	2022-05-17T19:15:49.946745	392	1.75000000e+02
9.92004840e+00	2022-05-17T19:15:49.946745	393	1.61000000e+02
9.94119280e+00	2022-05-17T19:15:49.977987	394	1.64000000e+02
9.95852840e+00	2022-05-17T19:15:49.993608	395	1.61000000e+02
9.96894140e+00	2022-05-17T19:15:49.993608	396	1.62000000e+02
9.97724280e+00	2022-05-17T19:15:50.009645	397	1.65000000e+02
9.99091780e+00	2022-05-17T19:15:50.024851	398	1.61000000e+02
1.00023681e+01	2022-05-17T19:15:50.040499	399	1.60000000e+02
1.00263349e+01	2022-05-17T19:15:50.056093	400	1.67000000e+02
1.00302737e+01	2022-05-17T19:15:50.056093	401	1.62000000e+02
1.00388319e+01	2022-05-17T19:15:50.072182	402	1.62000000e+02
1.00664347e+01	2022-05-17T19:15:50.102985	403	1.66000000e+02
1.00758411e+01	2022-05-17T19:15:50.102985	404	1.61000000e+02
1.00904590e+01	2022-05-17T19:15:50.118579	405	1.67000000e+02
1.01001529e+01	2022-05-17T19:15:50.134200	406	1.70000000e+02
1.01081132e+01	2022-05-17T19:15:50.134200	407	1.63000000e+02
1.01285379e+01	2022-05-17T19:15:50.165442	408	1.63000000e+02
1.01454332e+01	2022-05-17T19:15:50.181063	409	1.61000000e+02
1.01595630e+01	2022-05-17T19:15:50.196686	410	1.62000000e+02
1.01699387e+01	2022-05-17T19:15:50.196686	411	1.62000000e+02
1.01818766e+01	2022-05-17T19:15:50.212597	412	1.60000000e+02
1.02034316e+01	2022-05-17T19:15:50.227964	413	1.36000000e+02
1.02208948e+01	2022-05-17T19:15:50.259170	414	1.60000000e+02
1.02267542e+01	2022-05-17T19:15:50.259170	415	1.36000000e+02
1.02354263e+01	2022-05-17T19:15:50.259170	416	1.62000000e+02
1.02475324e+01	2022-05-17T19:15:50.274792	417	1.69000000e+02
1.02663382e+01	2022-05-17T19:15:50.290938	418	1.73000000e+02
1.02760129e+01	2022-05-17T19:15:50.306034	419	1.61000000e+02
1.02911047e+01	2022-05-17T19:15:50.322343	420	1.62000000e+02
1.03009312e+01	2022-05-17T19:15:50.338513	421	1.60000000e+02
1.03130836e+01	2022-05-17T19:15:50.338513	422	1.62000000e+02
1.03276601e+01	2022-05-17T19:15:50.354049	423	1.61000000e+02
1.03376437e+01	2022-05-17T19:15:50.369210	424	1.62000000e+02
1.03520530e+01	2022-05-17T19:15:50.384831	425	1.60000000e+02
1.03638616e+01	2022-05-17T19:15:50.400491	426	1.62000000e+02
1.03753475e+01	2022-05-17T19:15:50.400491	427	1.62000000e+02
1.03908441e+01	2022-05-17T19:15:50.416527	428	1.61000000e+02
1.04002092e+01	2022-05-17T19:15:50.431695	429	1.61000000e+02
1.04145838e+01	2022-05-17T19:15:50.447316	430	1.63000000e+02
1.04233934e+01	2022-05-17T19:15:50.447316	431	1.64000000e+02
1.04319318e+01	2022-05-17T19:15:50.462939	432	1.61000000e+02
1.04530355e+01	2022-05-17T19:15:50.478559	433	1.61000000e+02
1.04694243e+01	2022-05-17T19:15:50.494756	434	1.61000000e+02
1.04808863e+01	2022-05-17T19:15:50.510380	435	1.64000000e+02
1.04889100e+01	2022-05-17T19:15:50.526575	436	1.62000000e+02
1.04977728e+01	2022-05-17T19:15:50.526575	437	1.62000000e+02
1.05171621e+01	2022-05-17T19:15:50.542080	438	1.74000000e+02
1.05256323e+01	2022-05-17T19:15:50.557243	439	1.66000000e+02
1.05348805e+01	2022-05-17T19:15:50.572864	440	1.62000000e+02
1.05464222e+01	2022-05-17T19:15:50.572864	441	1.60000000e+02
1.05548701e+01	2022-05-17T19:15:50.588991	442	1.99000000e+02
1.05630226e+01	2022-05-17T19:15:50.588991	443	1.62000000e+02
1.05882111e+01	2022-05-17T19:15:50.619728	444	1.61000000e+02
1.06036904e+01	2022-05-17T19:15:50.635352	445	1.69000000e+02
1.06122968e+01	2022-05-17T19:15:50.650972	446	2.03000000e+02
1.06244537e+01	2022-05-17T19:15:50.650972	447	1.61000000e+02
1.06487229e+01	2022-05-17T19:15:50.682214	448	1.66000000e+02
1.06594791e+01	2022-05-17T19:15:50.697835	449	1.61000000e+02
1.06692661e+01	2022-05-17T19:15:50.697835	450	1.65000000e+02
1.06775168e+01	2022-05-17T19:15:50.713806	451	1.60000000e+02
1.06862235e+01	2022-05-17T19:15:50.713806	452	1.61000000e+02
1.07038532e+01	2022-05-17T19:15:50.729386	453	1.61000000e+02
1.07263416e+01	2022-05-17T19:15:50.760366	454	1.61000000e+02
1.07308291e+01	2022-05-17T19:15:50.760366	455	1.63000000e+02
1.07388588e+01	2022-05-17T19:15:50.776523	456	1.61000000e+02
1.07473191e+01	2022-05-17T19:15:50.776523	457	1.63000000e+02
1.07671338e+01	2022-05-17T19:15:50.792121	458	1.64000000e+02
1.07894742e+01	2022-05-17T19:15:50.822806	459	1.61000000e+02
1.07965705e+01	2022-05-17T19:15:50.822806	460	1.60000000e+02
1.08085035e+01	2022-05-17T19:15:50.838792	461	1.91000000e+02
1.08296185e+01	2022-05-17T19:15:50.854627	462	1.61000000e+02
1.08386059e+01	2022-05-17T19:15:50.869669	463	1.32000000e+02
1.08535902e+01	2022-05-17T19:15:50.885290	464	1.63000000e+02
1.08621445e+01	2022-05-17T19:15:50.900912	465	1.62000000e+02
1.08739686e+01	2022-05-17T19:15:50.900912	466	1.72000000e+02
1.08905549e+01	2022-05-17T19:15:50.917042	467	1.61000000e+02
1.09075852e+01	2022-05-17T19:15:50.932155	468	1.62000000e+02
1.09157652e+01	2022-05-17T19:15:50.947776	469	1.91000000e+02
1.09268725e+01	2022-05-17T19:15:50.963460	470	1.65000000e+02
1.09356616e+01	2022-05-17T19:15:50.963460	471	1.61000000e+02
1.09525408e+01	2022-05-17T19:15:50.979501	472	1.36000000e+02
1.09647314e+01	2022-05-17T19:15:50.994639	473	1.62000000e+02
1.09793726e+01	2022-05-17T19:15:51.010261	474	1.62000000e+02
1.09846449e+01	2022-05-17T19:15:51.010261	475	1.62000000e+02
1.09929212e+01	2022-05-17T19:15:51.026340	476	1.68000000e+02
1.10011999e+01	2022-05-17T19:15:51.026340	477	1.61000000e+02
1.10235559e+01	2022-05-17T19:15:51.057125	478	1.61000000e+02
1.10364227e+01	2022-05-17T19:15:51.072746	479	1.62000000e+02
1.10461725e+01	2022-05-17T19:15:51.072746	480	1.61000000e+02
1.10545566e+01	2022-05-17T19:15:51.088875	481	1.61000000e+02
1.10802345e+01	2022-05-17T19:15:51.104510	482	1.71000000e+02
1.10972702e+01	2022-05-17T19:15:51.135231	483	1.60000000e+02
1.11076123e+01	2022-05-17T19:15:51.135231	484	1.62000000e+02
1.11158444e+01	2022-05-17T19:15:51.151373	485	1.91000000e+02
1.11240134e+01	2022-05-17T19:15:51.151373	486	1.64000000e+02
1.11432018e+01	2022-05-17T19:15:51.182095	487	1.62000000e+02
1.11604917e+01	2022-05-17T19:15:51.197716	488	1.62000000e+02
1.11740238e+01	2022-05-17T19:15:51.213339	489	1.62000000e+02
1.11812448e+01	2022-05-17T19:15:51.213339	490	1.75000000e+02
1.11898350e+01	2022-05-17T19:15:51.228962	491	1.62000000e+02
1.11977691e+01	2022-05-17T19:15:51.228962	492	1.52000000e+02
1.12102714e+01	2022-05-17T19:15:51.244581	493	1.71000000e+02
1.12203201e+01	2022-05-17T19:15:51.244581	494	1.66000000e+02
1.12385355e+01	2022-05-17T19:15:51.275823	495	1.62000000e+02
1.12469470e+01	2022-05-17T19:15:51.275823	496	1.62000000e+02
1.12586980e+01	2022-05-17T19:15:51.291952	497	1.63000000e+02
1.12675714e+01	2022-05-17T19:15:51.291952	498	1.64000000e+02
1.12796577e+01	2022-05-17T19:15:51.307066	499	1.60000000e+02
1.12971344e+01	2022-05-17T19:15:51.323810	500	1.62000000e+02
1.13161433e+01	2022-05-17T19:15:51.355057	501	1.61000000e+02
1.13246152e+01	2022-05-17T19:15:51.355057	502	1.61000000e+02
1.13331230e+01	2022-05-17T19:15:51.370991	503	1.61000000e+02
1.13453354e+01	2022-05-17T19:15:51.370991	504	1.67000000e+02
1.13623635e+01	2022-05-17T19:15:51.386299	505	1.65000000e+02
1.13855652e+01	2022-05-17T19:15:51.417541	506	1.63000000e+02
1.13946547e+01	2022-05-17T19:15:51.433163	507	1.61000000e+02
1.14066557e+01	2022-05-17T19:15:51.433163	508	1.61000000e+02
1.14246956e+01	2022-05-17T19:15:51.449265	509	1.71000000e+02
1.14423696e+01	2022-05-17T19:15:51.480026	510	1.60000000e+02
1.14511427e+01	2022-05-17T19:15:51.480026	511	1.62000000e+02
1.14730666e+01	2022-05-17T19:15:51.512153	512	1.75000000e+02
1.14815655e+01	2022-05-17T19:15:51.512153	513	1.61000000e+02
1.14970973e+01	2022-05-17T19:15:51.527772	514	1.63000000e+02
1.15088898e+01	2022-05-17T19:15:51.543818	515	1.60000000e+02
1.15173998e+01	2022-05-17T19:15:51.543818	516	1.63000000e+02
1.15351987e+01	2022-05-17T19:15:51.559498	517	1.61000000e+02
1.15589662e+01	2022-05-17T19:15:51.590258	518	1.61000000e+02
1.15704155e+01	2022-05-17T19:15:51.606358	519	1.62000000e+02
1.15787547e+01	2022-05-17T19:15:51.606358	520	1.63000000e+02
1.15977362e+01	2022-05-17T19:15:51.622051	521	1.61000000e+02
1.16073845e+01	2022-05-17T19:15:51.637171	522	1.62000000e+02
1.16234773e+01	2022-05-17T19:15:51.652743	523	1.65000000e+02
1.16318430e+01	2022-05-17T19:15:51.668839	524	1.60000000e+02
1.16395940e+01	2022-05-17T19:15:51.668839	525	1.61000000e+02
1.16600289e+01	2022-05-17T19:15:51.684540	526	1.66000000e+02
1.16701106e+01	2022-05-17T19:15:51.699607	527	1.62000000e+02
1.16857532e+01	2022-05-17T19:15:51.715228	528	2.07000000e+02
1.16974761e+01	2022-05-17T19:15:51.731247	529	1.71000000e+02
1.17062788e+01	2022-05-17T19:15:51.731247	530	1.60000000e+02
1.17215666e+01	2022-05-17T19:15:51.746870	531	1.61000000e+02
1.17441687e+01	2022-05-17T19:15:51.777714	532	1.64000000e+02
1.17506409e+01	2022-05-17T19:15:51.777714	533	1.61000000e+02
1.17585164e+01	2022-05-17T19:15:51.793858	534	1.62000000e+02
1.17672019e+01	2022-05-17T19:15:51.793858	535	1.62000000e+02
1.17867221e+01	2022-05-17T19:15:51.824577	536	1.91000000e+02
1.17956909e+01	2022-05-17T19:15:51.824577	537	1.61000000e+02
1.18116627e+01	2022-05-17T19:15:51.840199	538	1.68000000e+02
1.18201906e+01	2022-05-17T19:15:51.856364	539	1.61000000e+02
1.18284613e+01	2022-05-17T19:15:51.856364	540	1.65000000e+02
1.18478792e+01	2022-05-17T19:15:51.887063	541	1.61000000e+02
1.18574188e+01	2022-05-17T19:15:51.887063	542	1.65000000e+02
1.18723081e+01	2022-05-17T19:15:51.902684	543	1.62000000e+02
1.18776432e+01	2022-05-17T19:15:51.902684	544	1.62000000e+02
1.18860599e+01	2022-05-17T19:15:51.918780	545	1.64000000e+02
1.19111956e+01	2022-05-17T19:15:51.949616	546	1.60000000e+02
1.19296677e+01	2022-05-17T19:15:51.965169	547	1.63000000e+02
1.19389477e+01	2022-05-17T19:15:51.965169	548	1.64000000e+02
1.19473717e+01	2022-05-17T19:15:51.981290	549	1.74000000e+02
1.19562768e+01	2022-05-17T19:15:51.981290	550	1.61000000e+02
1.19713009e+01	2022-05-17T19:15:51.996895	551	1.67000000e+02
1.19807471e+01	2022-05-17T19:15:52.012561	552	1.63000000e+02
1.19963177e+01	2022-05-17T19:15:52.028211	553	1.66000000e+02
1.20050745e+01	2022-05-17T19:15:52.043833	554	1.65000000e+02
1.20168674e+01	2022-05-17T19:15:52.043833	555	1.65000000e+02
1.20358561e+01	2022-05-17T19:15:52.075030	556	1.60000000e+02
1.20533086e+01	2022-05-17T19:15:52.090625	557	1.63000000e+02
1.20602930e+01	2022-05-17T19:15:52.090625	558	1.61000000e+02
1.20660573e+01	2022-05-17T19:15:52.090625	559	1.61000000e+02
1.20740919e+01	2022-05-17T19:15:52.106640	560	1.36000000e+02
1.20865043e+01	2022-05-17T19:15:52.121904	561	1.61000000e+02
1.20981475e+01	2022-05-17T19:15:52.137489	562	1.75000000e+02
1.21080026e+01	2022-05-17T19:15:52.137489	563	1.62000000e+02
1.21238726e+01	2022-05-17T19:15:52.153149	564	2.02000000e+02
1.21356733e+01	2022-05-17T19:15:52.169310	565	1.91000000e+02
1.21439471e+01	2022-05-17T19:15:52.169310	566	1.62000000e+02
1.21552123e+01	2022-05-17T19:15:52.184771	567	1.66000000e+02
1.21790517e+01	2022-05-17T19:15:52.215638	568	1.32000000e+02
1.21935434e+01	2022-05-17T19:15:52.231261	569	1.36000000e+02
1.22057443e+01	2022-05-17T19:15:52.231261	570	1.62000000e+02
1.22175674e+01	2022-05-17T19:15:52.246919	571	1.60000000e+02
1.22371249e+01	2022-05-17T19:15:52.262916	572	1.36000000e+02
1.22553647e+01	2022-05-17T19:15:52.293740	573	1.62000000e+02
1.22634083e+01	2022-05-17T19:15:52.293740	574	1.61000000e+02
1.22745520e+01	2022-05-17T19:15:52.309973	575	1.63000000e+02
1.22833269e+01	2022-05-17T19:15:52.309973	576	1.64000000e+02
1.23024090e+01	2022-05-17T19:15:52.341245	577	1.60000000e+02
1.23123970e+01	2022-05-17T19:15:52.341245	578	1.67000000e+02
1.23283839e+01	2022-05-17T19:15:52.356878	579	1.60000000e+02
1.23402157e+01	2022-05-17T19:15:52.373029	580	1.62000000e+02
1.23487614e+01	2022-05-17T19:15:52.373029	581	1.63000000e+02
1.23570120e+01	2022-05-17T19:15:52.388119	582	1.62000000e+02
1.23654315e+01	2022-05-17T19:15:52.403730	583	1.62000000e+02
1.23801117e+01	2022-05-17T19:15:52.419326	584	1.61000000e+02
1.23899750e+01	2022-05-17T19:15:52.419326	585	1.61000000e+02
1.24055252e+01	2022-05-17T19:15:52.434988	586	1.62000000e+02
1.24138870e+01	2022-05-17T19:15:52.451138	587	1.70000000e+02
1.24225909e+01	2022-05-17T19:15:52.451138	588	1.62000000e+02
1.24428932e+01	2022-05-17T19:15:52.481836	589	1.63000000e+02
1.24668626e+01	2022-05-17T19:15:52.498087	590	1.61000000e+02
1.24715794e+01	2022-05-17T19:15:52.498087	591	1.66000000e+02
1.24801618e+01	2022-05-17T19:15:52.514186	592	2.02000000e+02
1.24918241e+01	2022-05-17T19:15:52.529489	593	1.69000000e+02
1.25004226e+01	2022-05-17T19:15:52.529489	594	1.61000000e+02
1.25122956e+01	2022-05-17T19:15:52.545367	595	1.32000000e+02
1.25207167e+01	2022-05-17T19:15:52.545367	596	1.61000000e+02
1.25362656e+01	2022-05-17T19:15:52.560574	597	1.60000000e+02
1.25460949e+01	2022-05-17T19:15:52.576222	598	1.61000000e+02
1.25620786e+01	2022-05-17T19:15:52.591858	599	1.69000000e+02
1.25736986e+01	2022-05-17T19:15:52.607867	600	1.60000000e+02
1.25823341e+01	2022-05-17T19:15:52.607867	601	1.62000000e+02
1.26000614e+01	2022-05-17T19:15:52.638681	602	1.62000000e+02
1.26188889e+01	2022-05-17T19:15:52.654350	603	1.60000000e+02
1.26269454e+01	2022-05-17T19:15:52.654350	604	1.63000000e+02
1.26354656e+01	2022-05-17T19:15:52.670441	605	1.67000000e+02
1.26436244e+01	2022-05-17T19:15:52.670441	606	1.61000000e+02
1.26629201e+01	2022-05-17T19:15:52.701207	607	1.91000000e+02
1.26719846e+01	2022-05-17T19:15:52.701207	608	1.61000000e+02
1.26883441e+01	2022-05-17T19:15:52.716824	609	1.62000000e+02
1.26967845e+01	2022-05-17T19:15:52.732963	610	1.61000000e+02
1.27056814e+01	2022-05-17T19:15:52.732963	611	1.91000000e+02
1.27243938e+01	2022-05-17T19:15:52.763652	612	1.62000000e+02
1.27492260e+01	2022-05-17T19:15:52.779308	613	1.61000000e+02
1.27540838e+01	2022-05-17T19:15:52.779308	614	1.61000000e+02
1.27624844e+01	2022-05-17T19:15:52.795050	615	1.64000000e+02
1.27859222e+01	2022-05-17T19:15:52.810516	616	1.32000000e+02
1.27956783e+01	2022-05-17T19:15:52.826162	617	1.63000000e+02
1.28120626e+01	2022-05-17T19:15:52.841795	618	1.62000000e+02
1.28234803e+01	2022-05-17T19:15:52.857702	619	1.61000000e+02
1.28321580e+01	2022-05-17T19:15:52.857702	620	1.61000000e+02
1.28526975e+01	2022-05-17T19:15:52.888651	621	1.62000000e+02
1.28624411e+01	2022-05-17T19:15:52.888651	622	1.61000000e+02
1.28780008e+01	2022-05-17T19:15:52.904292	623	1.61000000e+02
1.28888890e+01	2022-05-17T19:15:52.920376	624	1.61000000e+02
1.29114616e+01	2022-05-17T19:15:52.935584	625	1.91000000e+02
1.29138388e+01	2022-05-17T19:15:52.951143	626	1.91000000e+02
1.29328359e+01	2022-05-17T19:15:52.966804	627	1.60000000e+02
1.29424880e+01	2022-05-17T19:15:52.966804	628	1.61000000e+02
1.29508948e+01	2022-05-17T19:15:52.982785	629	1.62000000e+02
1.29704252e+01	2022-05-17T19:15:52.998460	630	1.61000000e+02
1.29788549e+01	2022-05-17T19:15:53.013592	631	1.69000000e+02
1.30016754e+01	2022-05-17T19:15:53.029285	632	1.62000000e+02
1.30122875e+01	2022-05-17T19:15:53.045163	633	1.63000000e+02
1.30370306e+01	2022-05-17T19:15:53.076129	634	1.62000000e+02
1.30613497e+01	2022-05-17T19:15:53.091736	635	1.60000000e+02
1.30654441e+01	2022-05-17T19:15:53.091736	636	1.61000000e+02
1.30734389e+01	2022-05-17T19:15:53.107815	637	1.75000000e+02
1.30819688e+01	2022-05-17T19:15:53.107815	638	1.62000000e+02
1.31009979e+01	2022-05-17T19:15:53.138601	639	1.68000000e+02
1.31188909e+01	2022-05-17T19:15:53.154229	640	2.01000000e+02
1.31263803e+01	2022-05-17T19:15:53.154229	641	1.60000000e+02
1.31349595e+01	2022-05-17T19:15:53.170347	642	1.75000000e+02
1.31436324e+01	2022-05-17T19:15:53.170347	643	1.70000000e+02
1.31621447e+01	2022-05-17T19:15:53.185961	644	1.61000000e+02
1.31807564e+01	2022-05-17T19:15:53.217248	645	1.69000000e+02
1.31888035e+01	2022-05-17T19:15:53.217248	646	1.66000000e+02
1.32003797e+01	2022-05-17T19:15:53.233365	647	1.62000000e+02
1.32085834e+01	2022-05-17T19:15:53.233365	648	1.62000000e+02
1.32257665e+01	2022-05-17T19:15:53.264070	649	1.68000000e+02
1.32502647e+01	2022-05-17T19:15:53.279729	650	1.67000000e+02
1.32531946e+01	2022-05-17T19:15:53.279729	651	1.66000000e+02
1.32621033e+01	2022-05-17T19:15:53.295314	652	1.63000000e+02
1.32872736e+01	2022-05-17T19:15:53.312406	653	1.61000000e+02
1.33066581e+01	2022-05-17T19:15:53.343694	654	1.62000000e+02
1.33086194e+01	2022-05-17T19:15:53.343694	655	1.62000000e+02
1.33192858e+01	2022-05-17T19:15:53.343694	656	1.60000000e+02
1.33275943e+01	2022-05-17T19:15:53.359651	657	1.62000000e+02
1.33358608e+01	2022-05-17T19:15:53.374899	658	1.64000000e+02
1.33518618e+01	2022-05-17T19:15:53.390520	659	1.64000000e+02
1.33703572e+01	2022-05-17T19:15:53.406176	660	1.62000000e+02
1.33781948e+01	2022-05-17T19:15:53.406176	661	1.64000000e+02
1.33887070e+01	2022-05-17T19:15:53.422301	662	1.71000000e+02
1.33973357e+01	2022-05-17T19:15:53.422301	663	1.61000000e+02
1.34093490e+01	2022-05-17T19:15:53.437384	664	1.66000000e+02
1.34299487e+01	2022-05-17T19:15:53.468626	665	1.60000000e+02
1.34476540e+01	2022-05-17T19:15:53.484287	666	1.61000000e+02
1.34556149e+01	2022-05-17T19:15:53.484287	667	1.62000000e+02
1.34668190e+01	2022-05-17T19:15:53.501325	668	1.68000000e+02
1.34745004e+01	2022-05-17T19:15:53.501325	669	1.61000000e+02
1.34929924e+01	2022-05-17T19:15:53.517495	670	1.75000000e+02
1.35126114e+01	2022-05-17T19:15:53.548230	671	1.60000000e+02
1.35237428e+01	2022-05-17T19:15:53.548230	672	1.64000000e+02
1.35324050e+01	2022-05-17T19:15:53.564225	673	1.62000000e+02
1.35559560e+01	2022-05-17T19:15:53.595057	674	1.62000000e+02
1.35742158e+01	2022-05-17T19:15:53.610717	675	1.62000000e+02
1.35818571e+01	2022-05-17T19:15:53.610717	676	1.70000000e+02
1.35936483e+01	2022-05-17T19:15:53.626559	677	1.62000000e+02
1.36020395e+01	2022-05-17T19:15:53.626559	678	1.62000000e+02
1.36202244e+01	2022-05-17T19:15:53.657950	679	1.64000000e+02
1.36446827e+01	2022-05-17T19:15:53.673610	680	1.62000000e+02
1.36555350e+01	2022-05-17T19:15:53.689193	681	1.61000000e+02
1.36676290e+01	2022-05-17T19:15:53.705323	682	1.61000000e+02
1.36797362e+01	2022-05-17T19:15:53.705323	683	1.64000000e+02
1.36880857e+01	2022-05-17T19:15:53.720868	684	1.60000000e+02
1.37125404e+01	2022-05-17T19:15:53.751704	685	1.61000000e+02
1.37218258e+01	2022-05-17T19:15:53.751704	686	1.62000000e+02
1.37383445e+01	2022-05-17T19:15:53.767338	687	1.62000000e+02
1.37494662e+01	2022-05-17T19:15:53.783313	688	1.61000000e+02
1.37571289e+01	2022-05-17T19:15:53.783313	689	1.62000000e+02
1.37861630e+01	2022-05-17T19:15:53.814205	690	1.32000000e+02
1.38037390e+01	2022-05-17T19:15:53.829821	691	1.63000000e+02
1.38149538e+01	2022-05-17T19:15:53.845845	692	1.60000000e+02
1.38371470e+01	2022-05-17T19:15:53.861064	693	1.68000000e+02
1.38476186e+01	2022-05-17T19:15:53.876649	694	1.61000000e+02
1.38636714e+01	2022-05-17T19:15:53.892309	695	1.61000000e+02
1.38716609e+01	2022-05-17T19:15:53.908436	696	2.07000000e+02
1.38809732e+01	2022-05-17T19:15:53.908436	697	1.62000000e+02
1.39015530e+01	2022-05-17T19:15:53.939171	698	1.61000000e+02
1.39251103e+01	2022-05-17T19:15:53.954794	699	1.61000000e+02
1.39295229e+01	2022-05-17T19:15:53.954794	700	1.64000000e+02
1.39381208e+01	2022-05-17T19:15:53.970822	701	1.68000000e+02
1.39638765e+01	2022-05-17T19:15:54.001659	702	1.61000000e+02
1.39836875e+01	2022-05-17T19:15:54.017279	703	1.61000000e+02
1.39951458e+01	2022-05-17T19:15:54.033077	704	1.62000000e+02
1.40035213e+01	2022-05-17T19:15:54.033077	705	1.70000000e+02
1.40257459e+01	2022-05-17T19:15:54.064131	706	1.60000000e+02
1.40362475e+01	2022-05-17T19:15:54.064131	707	1.64000000e+02
1.40527477e+01	2022-05-17T19:15:54.079762	708	1.64000000e+02
1.40563139e+01	2022-05-17T19:15:54.095404	709	1.65000000e+02
1.40649068e+01	2022-05-17T19:15:54.095404	710	1.91000000e+02
1.40817089e+01	2022-05-17T19:15:54.111172	711	1.60000000e+02
1.40911635e+01	2022-05-17T19:15:54.126615	712	1.61000000e+02
1.41148404e+01	2022-05-17T19:15:54.142244	713	1.68000000e+02
1.41176821e+01	2022-05-17T19:15:54.142244	714	1.62000000e+02
1.41262767e+01	2022-05-17T19:15:54.157867	715	1.36000000e+02
1.41344859e+01	2022-05-17T19:15:54.173516	716	1.63000000e+02
1.41521797e+01	2022-05-17T19:15:54.189100	717	1.62000000e+02
1.41708562e+01	2022-05-17T19:15:54.204733	718	1.61000000e+02
1.41787277e+01	2022-05-17T19:15:54.204733	719	1.60000000e+02
1.41878557e+01	2022-05-17T19:15:54.220799	720	1.71000000e+02
1.42141574e+01	2022-05-17T19:15:54.251595	721	1.61000000e+02
1.42333641e+01	2022-05-17T19:15:54.267220	722	1.73000000e+02
1.42482062e+01	2022-05-17T19:15:54.282844	723	1.61000000e+02
1.42568313e+01	2022-05-17T19:15:54.282844	724	1.62000000e+02
1.42654611e+01	2022-05-17T19:15:54.298423	725	1.61000000e+02
1.42736458e+01	2022-05-17T19:15:54.298423	726	1.75000000e+02
1.42913691e+01	2022-05-17T19:15:54.315060	727	1.61000000e+02
1.43160616e+01	2022-05-17T19:15:54.346344	728	1.61000000e+02
1.43268323e+01	2022-05-17T19:15:54.361929	729	1.63000000e+02
1.43352405e+01	2022-05-17T19:15:54.361929	730	1.62000000e+02
1.43538764e+01	2022-05-17T19:15:54.393210	731	1.61000000e+02
1.43727387e+01	2022-05-17T19:15:54.408833	732	1.62000000e+02
1.43805407e+01	2022-05-17T19:15:54.408833	733	1.63000000e+02
1.43924684e+01	2022-05-17T19:15:54.424979	734	1.61000000e+02
1.44007610e+01	2022-05-17T19:15:54.440070	735	1.67000000e+02
1.44128916e+01	2022-05-17T19:15:54.440070	736	1.61000000e+02
1.44321393e+01	2022-05-17T19:15:54.471303	737	1.30000000e+02
1.44520548e+01	2022-05-17T19:15:54.487685	738	1.36000000e+02
1.44541589e+01	2022-05-17T19:15:54.487685	739	1.61000000e+02
1.44619466e+01	2022-05-17T19:15:54.487685	740	1.63000000e+02
1.44704672e+01	2022-05-17T19:15:54.503787	741	1.62000000e+02
1.44962763e+01	2022-05-17T19:15:54.534611	742	1.69000000e+02
1.45163045e+01	2022-05-17T19:15:54.550212	743	1.62000000e+02
1.45274865e+01	2022-05-17T19:15:54.565839	744	1.61000000e+02
1.45358309e+01	2022-05-17T19:15:54.565839	745	1.62000000e+02
1.45579138e+01	2022-05-17T19:15:54.597062	746	1.67000000e+02
1.45683116e+01	2022-05-17T19:15:54.597062	747	1.61000000e+02
1.45861669e+01	2022-05-17T19:15:54.612695	748	1.67000000e+02
1.45975494e+01	2022-05-17T19:15:54.628646	749	1.62000000e+02
1.46198182e+01	2022-05-17T19:15:54.644190	750	1.62000000e+02
1.46298883e+01	2022-05-17T19:15:54.659548	751	1.63000000e+02
1.46465781e+01	2022-05-17T19:15:54.675181	752	1.61000000e+02
1.46589512e+01	2022-05-17T19:15:54.691326	753	1.62000000e+02
1.46835458e+01	2022-05-17T19:15:54.722042	754	1.60000000e+02
1.47025306e+01	2022-05-17T19:15:54.737665	755	1.62000000e+02
1.47098525e+01	2022-05-17T19:15:54.737665	756	1.61000000e+02
1.47158580e+01	2022-05-17T19:15:54.753758	757	1.67000000e+02
1.47236036e+01	2022-05-17T19:15:54.753758	758	1.62000000e+02
1.47472602e+01	2022-05-17T19:15:54.784552	759	1.61000000e+02
1.47564195e+01	2022-05-17T19:15:54.784552	760	1.62000000e+02
1.47732332e+01	2022-05-17T19:15:54.800152	761	1.32000000e+02
1.47815746e+01	2022-05-17T19:15:54.816027	762	1.64000000e+02
1.47902709e+01	2022-05-17T19:15:54.816027	763	1.63000000e+02
1.48097220e+01	2022-05-17T19:15:54.847064	764	1.61000000e+02
1.48190736e+01	2022-05-17T19:15:54.847064	765	1.65000000e+02
1.48352411e+01	2022-05-17T19:15:54.862634	766	1.62000000e+02
1.48380883e+01	2022-05-17T19:15:54.862634	767	1.61000000e+02
1.48472286e+01	2022-05-17T19:15:54.878623	768	1.62000000e+02
1.48720749e+01	2022-05-17T19:15:54.909463	769	1.62000000e+02
1.48970415e+01	2022-05-17T19:15:54.925121	770	1.61000000e+02
1.49084244e+01	2022-05-17T19:15:54.941224	771	1.61000000e+02
1.49168217e+01	2022-05-17T19:15:54.941224	772	1.62000000e+02
1.49289766e+01	2022-05-17T19:15:54.956326	773	1.63000000e+02
1.49504736e+01	2022-05-17T19:15:54.987594	774	1.61000000e+02
1.49747590e+01	2022-05-17T19:15:55.003234	775	1.61000000e+02
1.49774753e+01	2022-05-17T19:15:55.003234	776	1.65000000e+02
1.49863990e+01	2022-05-17T19:15:55.019297	777	1.63000000e+02
1.49946240e+01	2022-05-17T19:15:55.019297	778	1.61000000e+02
1.50125202e+01	2022-05-17T19:15:55.050079	779	1.61000000e+02
1.50223531e+01	2022-05-17T19:15:55.050079	780	1.65000000e+02
1.50344214e+01	2022-05-17T19:15:55.065716	781	1.61000000e+02
1.50437737e+01	2022-05-17T19:15:55.081568	782	1.71000000e+02
1.50556967e+01	2022-05-17T19:15:55.081568	783	1.63000000e+02
1.50753576e+01	2022-05-17T19:15:55.112575	784	1.62000000e+02
1.51008121e+01	2022-05-17T19:15:55.128198	785	1.61000000e+02
1.51093543e+01	2022-05-17T19:15:55.144077	786	1.63000000e+02
1.51337401e+01	2022-05-17T19:15:55.159403	787	1.63000000e+02
1.51383727e+01	2022-05-17T19:15:55.175056	788	1.36000000e+02
1.51632883e+01	2022-05-17T19:15:55.190686	789	1.61000000e+02
1.51706187e+01	2022-05-17T19:15:55.206749	790	1.73000000e+02
1.51789631e+01	2022-05-17T19:15:55.206749	791	1.62000000e+02
1.52009812e+01	2022-05-17T19:15:55.237535	792	1.66000000e+02
1.52207962e+01	2022-05-17T19:15:55.253169	793	1.61000000e+02
1.52314367e+01	2022-05-17T19:15:55.269230	794	1.62000000e+02
1.52398516e+01	2022-05-17T19:15:55.269230	795	2.05000000e+02
1.52627392e+01	2022-05-17T19:15:55.300021	796	1.61000000e+02
1.52723406e+01	2022-05-17T19:15:55.300021	797	1.61000000e+02
1.52833121e+01	2022-05-17T19:15:55.316259	798	1.62000000e+02
1.52975242e+01	2022-05-17T19:15:55.331923	799	1.99000000e+02
1.53055777e+01	2022-05-17T19:15:55.331923	800	1.64000000e+02
1.53139874e+01	2022-05-17T19:15:55.347991	801	1.91000000e+02
1.53222006e+01	2022-05-17T19:15:55.347991	802	1.62000000e+02
1.53409420e+01	2022-05-17T19:15:55.378783	803	1.65000000e+02
1.53595118e+01	2022-05-17T19:15:55.394405	804	1.61000000e+02
1.53673117e+01	2022-05-17T19:15:55.394405	805	1.60000000e+02
1.53754862e+01	2022-05-17T19:15:55.410275	806	2.05000000e+02
1.53837225e+01	2022-05-17T19:15:55.410275	807	1.63000000e+02
1.54040046e+01	2022-05-17T19:15:55.441257	808	1.36000000e+02
1.54285216e+01	2022-05-17T19:15:55.456894	809	1.61000000e+02
1.54370714e+01	2022-05-17T19:15:55.472882	810	1.70000000e+02
1.54491320e+01	2022-05-17T19:15:55.488163	811	1.62000000e+02
1.54658707e+01	2022-05-17T19:15:55.504291	812	1.61000000e+02
1.54909258e+01	2022-05-17T19:15:55.519951	813	1.64000000e+02
1.54936441e+01	2022-05-17T19:15:55.519951	814	1.66000000e+02
1.55025480e+01	2022-05-17T19:15:55.536033	815	1.61000000e+02
1.55305202e+01	2022-05-17T19:15:55.566801	816	1.60000000e+02
1.55391140e+01	2022-05-17T19:15:55.566801	817	1.61000000e+02
1.55573164e+01	2022-05-17T19:15:55.582446	818	1.67000000e+02
1.55679547e+01	2022-05-17T19:15:55.598475	819	1.64000000e+02
1.55913324e+01	2022-05-17T19:15:55.629286	820	1.61000000e+02
1.56015482e+01	2022-05-17T19:15:55.629286	821	1.61000000e+02
1.56182747e+01	2022-05-17T19:15:55.644921	822	1.62000000e+02
1.56252037e+01	2022-05-17T19:15:55.660943	823	1.61000000e+02
1.56335055e+01	2022-05-17T19:15:55.660943	824	1.62000000e+02
1.56534279e+01	2022-05-17T19:15:55.691783	825	1.68000000e+02
1.56813153e+01	2022-05-17T19:15:55.707410	826	1.62000000e+02
1.56907676e+01	2022-05-17T19:15:55.723470	827	1.71000000e+02
1.56990539e+01	2022-05-17T19:15:55.723470	828	1.61000000e+02
1.57151092e+01	2022-05-17T19:15:55.754273	829	1.66000000e+02
1.57385033e+01	2022-05-17T19:15:55.769892	830	1.68000000e+02
1.57439694e+01	2022-05-17T19:15:55.769892	831	1.62000000e+02
1.57523003e+01	2022-05-17T19:15:55.785957	832	1.67000000e+02
1.57607861e+01	2022-05-17T19:15:55.785957	833	1.68000000e+02
1.57770740e+01	2022-05-17T19:15:55.801508	834	1.61000000e+02
1.57866005e+01	2022-05-17T19:15:55.816742	835	1.63000000e+02
1.57989038e+01	2022-05-17T19:15:55.832373	836	1.91000000e+02
1.58096204e+01	2022-05-17T19:15:55.847995	837	1.68000000e+02
1.58179300e+01	2022-05-17T19:15:55.847995	838	1.61000000e+02
1.58400481e+01	2022-05-17T19:15:55.879202	839	2.06000000e+02
1.58643443e+01	2022-05-17T19:15:55.894861	840	1.62000000e+02
1.58711225e+01	2022-05-17T19:15:55.894861	841	1.32000000e+02
1.58831763e+01	2022-05-17T19:15:55.910486	842	1.63000000e+02
1.59006892e+01	2022-05-17T19:15:55.926066	843	1.64000000e+02
1.59269715e+01	2022-05-17T19:15:55.957345	844	1.64000000e+02
1.59365705e+01	2022-05-17T19:15:55.973411	845	1.62000000e+02
1.59448303e+01	2022-05-17T19:15:55.973411	846	1.63000000e+02
1.59725706e+01	2022-05-17T19:15:56.004198	847	1.61000000e+02
1.59851232e+01	2022-05-17T19:15:56.019832	848	1.67000000e+02
1.59931075e+01	2022-05-17T19:15:56.019832	849	1.68000000e+02
1.60021503e+01	2022-05-17T19:15:56.035933	850	1.67000000e+02
1.60268537e+01	2022-05-17T19:15:56.051542	851	1.66000000e+02
1.60367244e+01	2022-05-17T19:15:56.066682	852	1.62000000e+02
1.60543315e+01	2022-05-17T19:15:56.082315	853	1.61000000e+02
1.60588488e+01	2022-05-17T19:15:56.097900	854	1.66000000e+02
1.60677279e+01	2022-05-17T19:15:56.097900	855	1.63000000e+02
1.60877148e+01	2022-05-17T19:15:56.113724	856	1.61000000e+02
1.61082672e+01	2022-05-17T19:15:56.144803	857	1.64000000e+02
1.61159751e+01	2022-05-17T19:15:56.144803	858	1.71000000e+02
1.61249703e+01	2022-05-17T19:15:56.160675	859	1.65000000e+02
1.61377530e+01	2022-05-17T19:15:56.176005	860	2.06000000e+02
1.61528841e+01	2022-05-17T19:15:56.191657	861	1.75000000e+02
1.61708316e+01	2022-05-17T19:15:56.207286	862	1.67000000e+02
1.61779234e+01	2022-05-17T19:15:56.207286	863	1.65000000e+02
1.61825232e+01	2022-05-17T19:15:56.207286	864	2.06000000e+02
1.61945335e+01	2022-05-17T19:15:56.223289	865	1.63000000e+02
1.62141264e+01	2022-05-17T19:15:56.239040	866	1.62000000e+02
1.62401859e+01	2022-05-17T19:15:56.269773	867	1.73000000e+02
1.62429784e+01	2022-05-17T19:15:56.269773	868	1.61000000e+02
1.62520188e+01	2022-05-17T19:15:56.285871	869	1.65000000e+02
1.62768510e+01	2022-05-17T19:15:56.302090	870	1.64000000e+02
1.62972660e+01	2022-05-17T19:15:56.333374	871	1.60000000e+02
1.63119716e+01	2022-05-17T19:15:56.348967	872	1.62000000e+02
1.63210488e+01	2022-05-17T19:15:56.348967	873	1.61000000e+02
1.63296186e+01	2022-05-17T19:15:56.365103	874	1.61000000e+02
1.63385764e+01	2022-05-17T19:15:56.365103	875	1.61000000e+02
1.63551773e+01	2022-05-17T19:15:56.380548	876	1.62000000e+02
1.63805069e+01	2022-05-17T19:15:56.411481	877	1.91000000e+02
1.63911697e+01	2022-05-17T19:15:56.427064	878	1.60000000e+02
1.63995016e+01	2022-05-17T19:15:56.427064	879	1.60000000e+02
1.64191971e+01	2022-05-17T19:15:56.458307	880	1.75000000e+02
1.64278689e+01	2022-05-17T19:15:56.458307	881	1.36000000e+02
1.64460138e+01	2022-05-17T19:15:56.473968	882	2.02000000e+02
1.64560964e+01	2022-05-17T19:15:56.491135	883	1.64000000e+02
1.64650958e+01	2022-05-17T19:15:56.491135	884	1.61000000e+02
1.64817562e+01	2022-05-17T19:15:56.507252	885	1.60000000e+02
1.65079739e+01	2022-05-17T19:15:56.538042	886	1.62000000e+02
1.65140590e+01	2022-05-17T19:15:56.538042	887	1.60000000e+02
1.65220442e+01	2022-05-17T19:15:56.553624	888	1.61000000e+02
1.65363193e+01	2022-05-17T19:15:56.569246	889	1.69000000e+02
1.65457070e+01	2022-05-17T19:15:56.584867	890	1.65000000e+02
1.65670079e+01	2022-05-17T19:15:56.600526	891	1.65000000e+02
1.65749084e+01	2022-05-17T19:15:56.600526	892	1.67000000e+02
1.65837504e+01	2022-05-17T19:15:56.616589	893	1.66000000e+02
1.66063172e+01	2022-05-17T19:15:56.632196	894	1.70000000e+02
1.66264632e+01	2022-05-17T19:15:56.663010	895	1.61000000e+02
1.66344215e+01	2022-05-17T19:15:56.663010	896	1.61000000e+02
1.66455034e+01	2022-05-17T19:15:56.678887	897	1.62000000e+02
1.66625106e+01	2022-05-17T19:15:56.694593	898	1.69000000e+02
1.66708205e+01	2022-05-17T19:15:56.709862	899	1.67000000e+02
1.66911499e+01	2022-05-17T19:15:56.725495	900	1.62000000e+02
1.67023238e+01	2022-05-17T19:15:56.741115	901	1.61000000e+02
1.67107314e+01	2022-05-17T19:15:56.741115	902	1.64000000e+02
1.67313148e+01	2022-05-17T19:15:56.756867	903	1.61000000e+02
1.67513503e+01	2022-05-17T19:15:56.787980	904	1.61000000e+02
1.67591682e+01	2022-05-17T19:15:56.787980	905	1.71000000e+02
1.67682761e+01	2022-05-17T19:15:56.804128	906	1.63000000e+02
1.67802239e+01	2022-05-17T19:15:56.819225	907	1.61000000e+02
1.67884979e+01	2022-05-17T19:15:56.819225	908	1.91000000e+02
1.68082777e+01	2022-05-17T19:15:56.834807	909	1.63000000e+02
1.68338462e+01	2022-05-17T19:15:56.866087	910	1.61000000e+02
1.68368983e+01	2022-05-17T19:15:56.866087	911	1.61000000e+02
1.68456087e+01	2022-05-17T19:15:56.882229	912	1.62000000e+02
1.68545436e+01	2022-05-17T19:15:56.882229	913	1.62000000e+02
1.68728154e+01	2022-05-17T19:15:56.897768	914	1.61000000e+02
1.68832148e+01	2022-05-17T19:15:56.912939	915	1.66000000e+02
1.69014852e+01	2022-05-17T19:15:56.928572	916	1.60000000e+02
1.69112445e+01	2022-05-17T19:15:56.944510	917	1.61000000e+02
1.69197948e+01	2022-05-17T19:15:56.944510	918	1.62000000e+02
1.69342939e+01	2022-05-17T19:15:56.960063	919	1.71000000e+02
1.69439360e+01	2022-05-17T19:15:56.975424	920	1.62000000e+02
1.69617652e+01	2022-05-17T19:15:56.991060	921	1.62000000e+02
1.69693653e+01	2022-05-17T19:15:57.006641	922	1.63000000e+02
1.69809679e+01	2022-05-17T19:15:57.006641	923	1.65000000e+02
1.69980948e+01	2022-05-17T19:15:57.022733	924	1.64000000e+02
1.70188520e+01	2022-05-17T19:15:57.053542	925	1.62000000e+02
1.70300744e+01	2022-05-17T19:15:57.069144	926	1.61000000e+02
1.70381061e+01	2022-05-17T19:15:57.069144	927	1.62000000e+02
1.70600396e+01	2022-05-17T19:15:57.084787	928	1.71000000e+02
1.70864108e+01	2022-05-17T19:15:57.116028	929	1.67000000e+02
1.70915029e+01	2022-05-17T19:15:57.116028	930	1.62000000e+02
1.70997681e+01	2022-05-17T19:15:57.131992	931	1.69000000e+02
1.71149541e+01	2022-05-17T19:15:57.147670	932	1.69000000e+02
1.71322606e+01	2022-05-17T19:15:57.162879	933	1.65000000e+02
1.71453164e+01	2022-05-17T19:15:57.178519	934	1.62000000e+02
1.71530884e+01	2022-05-17T19:15:57.178519	935	1.62000000e+02
1.71654406e+01	2022-05-17T19:15:57.194555	936	1.63000000e+02
1.71841354e+01	2022-05-17T19:15:57.210015	937	1.61000000e+02
1.71945498e+01	2022-05-17T19:15:57.225366	938	1.62000000e+02
1.72121388e+01	2022-05-17T19:15:57.240997	939	1.67000000e+02
1.72222891e+01	2022-05-17T19:15:57.256582	940	1.61000000e+02
1.72308552e+01	2022-05-17T19:15:57.256582	941	1.64000000e+02
1.72487123e+01	2022-05-17T19:15:57.287851	942	1.65000000e+02
1.72746621e+01	2022-05-17T19:15:57.304105	943	1.66000000e+02
1.72840054e+01	2022-05-17T19:15:57.320194	944	1.61000000e+02
1.72923135e+01	2022-05-17T19:15:57.320194	945	1.63000000e+02
1.73127414e+01	2022-05-17T19:15:57.350998	946	1.63000000e+02
1.73319013e+01	2022-05-17T19:15:57.366632	947	1.60000000e+02
1.73446867e+01	2022-05-17T19:15:57.382253	948	1.61000000e+02
1.73494761e+01	2022-05-17T19:15:57.382253	949	1.61000000e+02
1.73576851e+01	2022-05-17T19:15:57.382253	950	1.63000000e+02
1.73659815e+01	2022-05-17T19:15:57.398196	951	1.60000000e+02
1.73882194e+01	2022-05-17T19:15:57.413899	952	1.65000000e+02
1.74087095e+01	2022-05-17T19:15:57.444738	953	1.61000000e+02
1.74193636e+01	2022-05-17T19:15:57.444738	954	1.61000000e+02
1.74314291e+01	2022-05-17T19:15:57.460614	955	1.36000000e+02
1.74460397e+01	2022-05-17T19:15:57.476234	956	1.62000000e+02
1.74537066e+01	2022-05-17T19:15:57.492470	957	1.62000000e+02
1.74747886e+01	2022-05-17T19:15:57.508136	958	1.63000000e+02
1.74850082e+01	2022-05-17T19:15:57.523716	959	1.61000000e+02
1.74969667e+01	2022-05-17T19:15:57.523716	960	1.61000000e+02
1.75157033e+01	2022-05-17T19:15:57.554995	961	1.60000000e+02
1.75251014e+01	2022-05-17T19:15:57.554995	962	1.32000000e+02
1.75372362e+01	2022-05-17T19:15:57.570618	963	1.62000000e+02
1.75455837e+01	2022-05-17T19:15:57.570618	964	1.36000000e+02
1.75537542e+01	2022-05-17T19:15:57.586650	965	1.65000000e+02
1.75627081e+01	2022-05-17T19:15:57.601823	966	1.62000000e+02
1.75769508e+01	2022-05-17T19:15:57.601823	967	1.61000000e+02
1.75977841e+01	2022-05-17T19:15:57.633102	968	1.62000000e+02
1.76007115e+01	2022-05-17T19:15:57.633102	969	1.61000000e+02
1.76112802e+01	2022-05-17T19:15:57.649200	970	1.62000000e+02
1.76201904e+01	2022-05-17T19:15:57.649200	971	1.65000000e+02
1.76407192e+01	2022-05-17T19:15:57.679953	972	1.68000000e+02
1.76539710e+01	2022-05-17T19:15:57.679953	973	1.61000000e+02
1.76687003e+01	2022-05-17T19:15:57.695586	974	1.70000000e+02
1.76773040e+01	2022-05-17T19:15:57.711171	975	1.61000000e+02
1.76853961e+01	2022-05-17T19:15:57.711171	976	1.75000000e+02
1.77016400e+01	2022-05-17T19:15:57.727014	977	1.60000000e+02
1.77278520e+01	2022-05-17T19:15:57.758071	978	1.60000000e+02
1.77343215e+01	2022-05-17T19:15:57.758071	979	1.67000000e+02
1.77426429e+01	2022-05-17T19:15:57.773694	980	1.62000000e+02
1.77646017e+01	2022-05-17T19:15:57.789323	981	1.64000000e+02
1.77664630e+01	2022-05-17T19:15:57.804924	982	1.62000000e+02
1.77941243e+01	2022-05-17T19:15:57.820556	983	1.63000000e+02
1.77999325e+01	2022-05-17T19:15:57.836461	984	1.61000000e+02
1.78081584e+01	2022-05-17T19:15:57.836461	985	1.61000000e+02
1.78358408e+01	2022-05-17T19:15:57.867384	986	1.63000000e+02
1.78379994e+01	2022-05-17T19:15:57.867384	987	1.61000000e+02
1.78561367e+01	2022-05-17T19:15:57.883040	988	1.73000000e+02
1.78654102e+01	2022-05-17T19:15:57.898944	989	1.62000000e+02
1.78739553e+01	2022-05-17T19:15:57.898944	990	1.65000000e+02
1.78909441e+01	2022-05-17T19:15:57.929895	991	1.62000000e+02
1.79115581e+01	2022-05-17T19:15:57.945526	992	1.36000000e+02
1.79229105e+01	2022-05-17T19:15:57.961149	993	1.61000000e+02
1.79313457e+01	2022-05-17T19:15:57.961149	994	1.67000000e+02
1.79518945e+01	2022-05-17T19:15:57.976895	995	1.63000000e+02
1.79615233e+01	2022-05-17T19:15:57.992379	996	1.61000000e+02
1.79811246e+01	2022-05-17T19:15:58.008010	997	1.61000000e+02
1.79926147e+01	2022-05-17T19:15:58.024110	998	1.32000000e+02
1.80009791e+01	2022-05-17T19:15:58.039255	999	1.60000000e+02
1.80170753e+01	2022-05-17T19:15:58.054839	1000	1.63000000e+02