Time elapsed	Time stamp	Loop Index	GP2Y ADC
s			Cts

5.01653250e+00	2022-05-17T19:16:18.888996	1	3.61000000e+02
5.02604610e+00	2022-05-17T19:16:18.888996	2	3.72000000e+02
5.04572090e+00	2022-05-17T19:16:18.919552	3	3.52000000e+02
5.05612550e+00	2022-05-17T19:16:18.926087	4	3.73000000e+02
5.07237650e+00	2022-05-17T19:16:18.941737	5	3.59000000e+02
5.08258940e+00	2022-05-17T19:16:18.941737	6	3.66000000e+02
5.09327920e+00	2022-05-17T19:16:18.957371	7	3.60000000e+02
5.10327760e+00	2022-05-17T19:16:18.973329	8	3.64000000e+02
5.11152940e+00	2022-05-17T19:16:18.973329	9	3.60000000e+02
5.13485930e+00	2022-05-17T19:16:19.004237	10	3.60000000e+02
5.14668390e+00	2022-05-17T19:16:19.019820	11	3.60000000e+02
5.15718280e+00	2022-05-17T19:16:19.026328	12	3.60000000e+02
5.16851090e+00	2022-05-17T19:16:19.041988	13	3.60000000e+02
5.17743660e+00	2022-05-17T19:16:19.041988	14	3.91000000e+02
5.19942470e+00	2022-05-17T19:16:19.073199	15	3.59000000e+02
5.22695500e+00	2022-05-17T19:16:19.088865	16	3.59000000e+02
5.22865070e+00	2022-05-17T19:16:19.088865	17	3.61000000e+02
5.23801100e+00	2022-05-17T19:16:19.104474	18	3.62000000e+02
5.24629680e+00	2022-05-17T19:16:19.120126	19	3.60000000e+02
5.26777640e+00	2022-05-17T19:16:19.126670	20	3.61000000e+02
5.27619270e+00	2022-05-17T19:16:19.142335	21	3.60000000e+02
5.28987130e+00	2022-05-17T19:16:19.157921	22	3.68000000e+02
5.29972160e+00	2022-05-17T19:16:19.173538	23	3.61000000e+02
5.30794550e+00	2022-05-17T19:16:19.173538	24	4.07000000e+02
5.33097330e+00	2022-05-17T19:16:19.204823	25	3.59000000e+02
5.34609180e+00	2022-05-17T19:16:19.204823	26	3.66000000e+02
5.35671910e+00	2022-05-17T19:16:19.227001	27	3.67000000e+02
5.36505370e+00	2022-05-17T19:16:19.227001	28	3.60000000e+02
5.37394080e+00	2022-05-17T19:16:19.242627	29	3.60000000e+02
5.40009240e+00	2022-05-17T19:16:19.273870	30	3.64000000e+02
5.41048520e+00	2022-05-17T19:16:19.273870	31	3.59000000e+02
5.41709320e+00	2022-05-17T19:16:19.289530	32	3.81000000e+02
5.42636120e+00	2022-05-17T19:16:19.289530	33	3.61000000e+02
5.43458210e+00	2022-05-17T19:16:19.305696	34	3.84000000e+02
5.44331000e+00	2022-05-17T19:16:19.305696	35	3.59000000e+02
5.45870850e+00	2022-05-17T19:16:19.326870	36	3.60000000e+02
5.47624730e+00	2022-05-17T19:16:19.342497	37	3.62000000e+02
5.48969180e+00	2022-05-17T19:16:19.358152	38	3.62000000e+02
5.50032260e+00	2022-05-17T19:16:19.373752	39	3.66000000e+02
5.50860860e+00	2022-05-17T19:16:19.373752	40	3.60000000e+02
5.54241040e+00	2022-05-17T19:16:19.404980	41	3.71000000e+02
5.54678460e+00	2022-05-17T19:16:19.420605	42	3.61000000e+02
5.56233860e+00	2022-05-17T19:16:19.427157	43	3.59000000e+02
5.56968530e+00	2022-05-17T19:16:19.442818	44	3.63000000e+02
5.57819140e+00	2022-05-17T19:16:19.442818	45	3.71000000e+02
5.60023150e+00	2022-05-17T19:16:19.474033	46	3.59000000e+02
5.61787080e+00	2022-05-17T19:16:19.490289	47	3.62000000e+02
5.62295290e+00	2022-05-17T19:16:19.490289	48	3.84000000e+02
5.63125270e+00	2022-05-17T19:16:19.490289	49	3.62000000e+02
5.63920560e+00	2022-05-17T19:16:19.505953	50	3.61000000e+02
5.64785630e+00	2022-05-17T19:16:19.521536	51	3.62000000e+02
5.66527960e+00	2022-05-17T19:16:19.527046	52	3.66000000e+02
5.68459940e+00	2022-05-17T19:16:19.558367	53	3.84000000e+02
5.69307200e+00	2022-05-17T19:16:19.558367	54	3.61000000e+02
5.70174170e+00	2022-05-17T19:16:19.573941	55	3.77000000e+02
5.71900780e+00	2022-05-17T19:16:19.589538	56	3.60000000e+02
5.73792560e+00	2022-05-17T19:16:19.605200	57	3.59000000e+02
5.74626560e+00	2022-05-17T19:16:19.605200	58	3.64000000e+02
5.75462110e+00	2022-05-17T19:16:19.627396	59	3.61000000e+02
5.76256970e+00	2022-05-17T19:16:19.627396	60	3.90000000e+02
5.78423430e+00	2022-05-17T19:16:19.643664	61	3.60000000e+02
5.80372720e+00	2022-05-17T19:16:19.674309	62	3.65000000e+02
5.81178490e+00	2022-05-17T19:16:19.674309	63	3.63000000e+02
5.81966040e+00	2022-05-17T19:16:19.690454	64	3.61000000e+02
5.82823500e+00	2022-05-17T19:16:19.690454	65	3.59000000e+02
5.84729920e+00	2022-05-17T19:16:19.721130	66	3.59000000e+02
5.86790840e+00	2022-05-17T19:16:19.727635	67	3.59000000e+02
5.87714130e+00	2022-05-17T19:16:19.743264	68	3.64000000e+02
5.88518220e+00	2022-05-17T19:16:19.758882	69	3.60000000e+02
5.90527630e+00	2022-05-17T19:16:19.774503	70	3.63000000e+02
5.92553290e+00	2022-05-17T19:16:19.790128	71	3.75000000e+02
5.93000710e+00	2022-05-17T19:16:19.790128	72	3.61000000e+02
5.93846020e+00	2022-05-17T19:16:19.805745	73	3.66000000e+02
5.94675910e+00	2022-05-17T19:16:19.805745	74	3.60000000e+02
5.96614290e+00	2022-05-17T19:16:19.827884	75	3.59000000e+02
5.98736120e+00	2022-05-17T19:16:19.859137	76	3.60000000e+02
5.99579750e+00	2022-05-17T19:16:19.859137	77	3.95000000e+02
6.00426910e+00	2022-05-17T19:16:19.874752	78	3.60000000e+02
6.01309260e+00	2022-05-17T19:16:19.874752	79	3.61000000e+02
6.03594850e+00	2022-05-17T19:16:19.905995	80	3.70000000e+02
6.05000270e+00	2022-05-17T19:16:19.921630	81	3.60000000e+02
6.06123850e+00	2022-05-17T19:16:19.928139	82	3.72000000e+02
6.07040180e+00	2022-05-17T19:16:19.943764	83	3.64000000e+02
6.08171300e+00	2022-05-17T19:16:19.943764	84	3.99000000e+02
6.09857040e+00	2022-05-17T19:16:19.959424	85	3.61000000e+02
6.11152720e+00	2022-05-17T19:16:19.975008	86	3.60000000e+02
6.12571010e+00	2022-05-17T19:16:19.990664	87	3.67000000e+02
6.13578890e+00	2022-05-17T19:16:20.006714	88	3.62000000e+02
6.14775270e+00	2022-05-17T19:16:20.006714	89	3.60000000e+02
6.16487970e+00	2022-05-17T19:16:20.028428	90	3.63000000e+02
6.18689820e+00	2022-05-17T19:16:20.059684	91	3.52000000e+02
6.19680480e+00	2022-05-17T19:16:20.059684	92	3.48000000e+02
6.20485130e+00	2022-05-17T19:16:20.075421	93	3.67000000e+02
6.21287690e+00	2022-05-17T19:16:20.075421	94	3.62000000e+02
6.22715070e+00	2022-05-17T19:16:20.090955	95	3.77000000e+02
6.24591900e+00	2022-05-17T19:16:20.106537	96	3.66000000e+02
6.26127170e+00	2022-05-17T19:16:20.128666	97	3.60000000e+02
6.27023670e+00	2022-05-17T19:16:20.128666	98	3.67000000e+02
6.27864750e+00	2022-05-17T19:16:20.144332	99	3.52000000e+02
6.29146940e+00	2022-05-17T19:16:20.159913	100	3.61000000e+02
6.31755980e+00	2022-05-17T19:16:20.191230	101	3.58000000e+02
6.32491590e+00	2022-05-17T19:16:20.191230	102	3.73000000e+02
6.33633940e+00	2022-05-17T19:16:20.206779	103	3.60000000e+02
6.34468270e+00	2022-05-17T19:16:20.206779	104	3.62000000e+02
6.36488930e+00	2022-05-17T19:16:20.229008	105	3.64000000e+02
6.38445520e+00	2022-05-17T19:16:20.244664	106	3.61000000e+02
6.38886310e+00	2022-05-17T19:16:20.260292	107	3.60000000e+02
6.39781450e+00	2022-05-17T19:16:20.260292	108	3.84000000e+02
6.41921950e+00	2022-05-17T19:16:20.291523	109	3.61000000e+02
6.43284380e+00	2022-05-17T19:16:20.291523	110	3.60000000e+02
6.44267860e+00	2022-05-17T19:16:20.307775	111	3.52000000e+02
6.45115150e+00	2022-05-17T19:16:20.323775	112	3.60000000e+02
6.46319320e+00	2022-05-17T19:16:20.329821	113	3.48000000e+02
6.47097340e+00	2022-05-17T19:16:20.329821	114	3.46000000e+02
6.48957050e+00	2022-05-17T19:16:20.361070	115	3.48000000e+02
6.50912260e+00	2022-05-17T19:16:20.376779	116	3.60000000e+02
6.51279540e+00	2022-05-17T19:16:20.376779	117	3.60000000e+02
6.52414320e+00	2022-05-17T19:16:20.392919	118	3.62000000e+02
6.53287170e+00	2022-05-17T19:16:20.392919	119	3.59000000e+02
6.54991810e+00	2022-05-17T19:16:20.423579	120	3.59000000e+02
6.57199190e+00	2022-05-17T19:16:20.445809	121	3.62000000e+02
6.57765360e+00	2022-05-17T19:16:20.445809	122	3.69000000e+02
6.58633470e+00	2022-05-17T19:16:20.445809	123	3.73000000e+02
6.59907220e+00	2022-05-17T19:16:20.461782	124	3.64000000e+02
6.62113130e+00	2022-05-17T19:16:20.493188	125	3.57000000e+02
6.64234320e+00	2022-05-17T19:16:20.508840	126	3.55000000e+02
6.65127080e+00	2022-05-17T19:16:20.524437	127	3.60000000e+02
6.65974390e+00	2022-05-17T19:16:20.530512	128	3.64000000e+02
6.66827150e+00	2022-05-17T19:16:20.530512	129	4.10000000e+02
6.68794280e+00	2022-05-17T19:16:20.561785	130	3.63000000e+02
6.70643940e+00	2022-05-17T19:16:20.577420	131	4.09000000e+02
6.71721090e+00	2022-05-17T19:16:20.577420	132	3.67000000e+02
6.72558770e+00	2022-05-17T19:16:20.593464	133	3.61000000e+02
6.75041700e+00	2022-05-17T19:16:20.624270	134	3.64000000e+02
6.75941570e+00	2022-05-17T19:16:20.624270	135	3.60000000e+02
6.77321770e+00	2022-05-17T19:16:20.639897	136	3.61000000e+02
6.78226170e+00	2022-05-17T19:16:20.655486	137	3.88000000e+02
6.79055690e+00	2022-05-17T19:16:20.655486	138	3.62000000e+02
6.81611420e+00	2022-05-17T19:16:20.686730	139	3.59000000e+02
6.84099610e+00	2022-05-17T19:16:20.702352	140	3.61000000e+02
6.84345630e+00	2022-05-17T19:16:20.702352	141	3.59000000e+02
6.85265800e+00	2022-05-17T19:16:20.718324	142	3.84000000e+02
6.87092480e+00	2022-05-17T19:16:20.733595	143	3.60000000e+02
6.88078730e+00	2022-05-17T19:16:20.749215	144	3.86000000e+02
6.89224390e+00	2022-05-17T19:16:20.764868	145	3.72000000e+02
6.90326210e+00	2022-05-17T19:16:20.764868	146	4.11000000e+02
6.91375740e+00	2022-05-17T19:16:20.780749	147	3.60000000e+02
6.92219970e+00	2022-05-17T19:16:20.796079	148	3.59000000e+02
6.93856310e+00	2022-05-17T19:16:20.811700	149	3.67000000e+02
6.95419750e+00	2022-05-17T19:16:20.827323	150	3.65000000e+02
6.96293240e+00	2022-05-17T19:16:20.827323	151	3.61000000e+02
6.97099360e+00	2022-05-17T19:16:20.843538	152	3.64000000e+02
6.97915590e+00	2022-05-17T19:16:20.843538	153	3.60000000e+02
7.00229700e+00	2022-05-17T19:16:20.874228	154	3.60000000e+02
7.02310400e+00	2022-05-17T19:16:20.889851	155	3.60000000e+02
7.02783830e+00	2022-05-17T19:16:20.889851	156	3.60000000e+02
7.03669680e+00	2022-05-17T19:16:20.905962	157	3.60000000e+02
7.04525860e+00	2022-05-17T19:16:20.905962	158	3.61000000e+02
7.06282040e+00	2022-05-17T19:16:20.936671	159	3.61000000e+02
7.07825820e+00	2022-05-17T19:16:20.936671	160	3.59000000e+02
7.09335420e+00	2022-05-17T19:16:20.952348	161	3.60000000e+02
7.10257230e+00	2022-05-17T19:16:20.968279	162	3.65000000e+02
7.12660470e+00	2022-05-17T19:16:20.999231	163	3.60000000e+02
7.14115900e+00	2022-05-17T19:16:21.014847	164	3.52000000e+02
7.14848760e+00	2022-05-17T19:16:21.014847	165	3.67000000e+02
7.15932630e+00	2022-05-17T19:16:21.030905	166	3.61000000e+02
7.16783710e+00	2022-05-17T19:16:21.030905	167	3.77000000e+02
7.18879870e+00	2022-05-17T19:16:21.061677	168	3.59000000e+02
7.20385530e+00	2022-05-17T19:16:21.077338	169	3.91000000e+02
7.21294400e+00	2022-05-17T19:16:21.077338	170	3.60000000e+02
7.22092990e+00	2022-05-17T19:16:21.093413	171	3.61000000e+02
7.22872610e+00	2022-05-17T19:16:21.093413	172	3.61000000e+02
7.25138220e+00	2022-05-17T19:16:21.124152	173	3.60000000e+02
7.27200790e+00	2022-05-17T19:16:21.139813	174	3.60000000e+02
7.28256030e+00	2022-05-17T19:16:21.155439	175	3.60000000e+02
7.29464840e+00	2022-05-17T19:16:21.155439	176	3.95000000e+02
7.31430590e+00	2022-05-17T19:16:21.186637	177	3.58000000e+02
7.32978940e+00	2022-05-17T19:16:21.202259	178	4.04000000e+02
7.33961190e+00	2022-05-17T19:16:21.202259	179	3.77000000e+02
7.34787350e+00	2022-05-17T19:16:21.218258	180	3.61000000e+02
7.35624390e+00	2022-05-17T19:16:21.218258	181	3.62000000e+02
7.37691410e+00	2022-05-17T19:16:21.249096	182	3.91000000e+02
7.39659950e+00	2022-05-17T19:16:21.264790	183	3.60000000e+02
7.40541650e+00	2022-05-17T19:16:21.264790	184	3.61000000e+02
7.41756310e+00	2022-05-17T19:16:21.280755	185	3.86000000e+02
7.43917470e+00	2022-05-17T19:16:21.312253	186	3.75000000e+02
7.46093330e+00	2022-05-17T19:16:21.327920	187	3.61000000e+02
7.47094520e+00	2022-05-17T19:16:21.343600	188	3.61000000e+02
7.48344540e+00	2022-05-17T19:16:21.343600	189	3.61000000e+02
7.50272250e+00	2022-05-17T19:16:21.374779	190	3.60000000e+02
7.51806560e+00	2022-05-17T19:16:21.390433	191	3.60000000e+02
7.52543970e+00	2022-05-17T19:16:21.390433	192	3.60000000e+02
7.53630070e+00	2022-05-17T19:16:21.406425	193	3.60000000e+02
7.54493950e+00	2022-05-17T19:16:21.406425	194	3.61000000e+02
7.56547810e+00	2022-05-17T19:16:21.437253	195	3.60000000e+02
7.58081740e+00	2022-05-17T19:16:21.452888	196	3.84000000e+02
7.58892770e+00	2022-05-17T19:16:21.452888	197	3.61000000e+02
7.59806360e+00	2022-05-17T19:16:21.468973	198	3.48000000e+02
7.60983400e+00	2022-05-17T19:16:21.468973	199	3.60000000e+02
7.62596190e+00	2022-05-17T19:16:21.499758	200	3.60000000e+02
7.64249290e+00	2022-05-17T19:16:21.515930	201	3.60000000e+02
7.65094630e+00	2022-05-17T19:16:21.515930	202	3.69000000e+02
7.65951740e+00	2022-05-17T19:16:21.532060	203	3.52000000e+02
7.67145510e+00	2022-05-17T19:16:21.532060	204	3.69000000e+02
7.69084500e+00	2022-05-17T19:16:21.562793	205	3.62000000e+02
7.70779180e+00	2022-05-17T19:16:21.578445	206	3.60000000e+02
7.71509900e+00	2022-05-17T19:16:21.578445	207	3.85000000e+02
7.72491170e+00	2022-05-17T19:16:21.594429	208	3.93000000e+02
7.75078580e+00	2022-05-17T19:16:21.609795	209	3.62000000e+02
7.75297470e+00	2022-05-17T19:16:21.625273	210	3.69000000e+02
7.76852460e+00	2022-05-17T19:16:21.640905	211	3.59000000e+02
7.77790050e+00	2022-05-17T19:16:21.640905	212	3.65000000e+02
7.78609490e+00	2022-05-17T19:16:21.657054	213	3.60000000e+02
7.79422000e+00	2022-05-17T19:16:21.657054	214	3.48000000e+02
7.81323250e+00	2022-05-17T19:16:21.672629	215	4.05000000e+02
7.83431370e+00	2022-05-17T19:16:21.703390	216	3.74000000e+02
7.84343610e+00	2022-05-17T19:16:21.703390	217	3.64000000e+02
7.85171040e+00	2022-05-17T19:16:21.719448	218	3.60000000e+02
7.85953920e+00	2022-05-17T19:16:21.719448	219	3.60000000e+02
7.87384740e+00	2022-05-17T19:16:21.734658	220	3.59000000e+02
7.89338180e+00	2022-05-17T19:16:21.765869	221	3.60000000e+02
7.90065620e+00	2022-05-17T19:16:21.765869	222	3.60000000e+02
7.90939810e+00	2022-05-17T19:16:21.781917	223	3.47000000e+02
7.92158860e+00	2022-05-17T19:16:21.781917	224	3.61000000e+02
7.93769680e+00	2022-05-17T19:16:21.797550	225	3.60000000e+02
7.95474210e+00	2022-05-17T19:16:21.828356	226	3.59000000e+02
7.96188850e+00	2022-05-17T19:16:21.828356	227	3.58000000e+02
7.97113190e+00	2022-05-17T19:16:21.843972	228	3.65000000e+02
7.98271520e+00	2022-05-17T19:16:21.843972	229	3.71000000e+02
8.00081270e+00	2022-05-17T19:16:21.860090	230	3.63000000e+02
8.02252850e+00	2022-05-17T19:16:21.890799	231	3.60000000e+02
8.02754330e+00	2022-05-17T19:16:21.890799	232	4.10000000e+02
8.03742280e+00	2022-05-17T19:16:21.906944	233	3.66000000e+02
8.04819520e+00	2022-05-17T19:16:21.922054	234	3.66000000e+02
8.05651980e+00	2022-05-17T19:16:21.922054	235	3.60000000e+02
8.07684840e+00	2022-05-17T19:16:21.937705	236	3.60000000e+02
8.08032780e+00	2022-05-17T19:16:21.953316	237	3.75000000e+02
8.09485610e+00	2022-05-17T19:16:21.953316	238	3.60000000e+02
8.10545150e+00	2022-05-17T19:16:21.968945	239	3.80000000e+02
8.11367030e+00	2022-05-17T19:16:21.984935	240	3.63000000e+02
8.12194330e+00	2022-05-17T19:16:21.984935	241	3.84000000e+02
8.14035520e+00	2022-05-17T19:16:22.000435	242	3.59000000e+02
8.15702220e+00	2022-05-17T19:16:22.015794	243	3.60000000e+02
8.16634310e+00	2022-05-17T19:16:22.031454	244	3.64000000e+02
8.17543850e+00	2022-05-17T19:16:22.047575	245	3.60000000e+02
8.18357880e+00	2022-05-17T19:16:22.047575	246	3.80000000e+02
8.20410440e+00	2022-05-17T19:16:22.063178	247	3.71000000e+02
8.22694210e+00	2022-05-17T19:16:22.093921	248	3.62000000e+02
8.23711230e+00	2022-05-17T19:16:22.109536	249	3.86000000e+02
8.24940490e+00	2022-05-17T19:16:22.109536	250	3.60000000e+02
8.26813850e+00	2022-05-17T19:16:22.140771	251	3.60000000e+02
8.28875960e+00	2022-05-17T19:16:22.156362	252	3.65000000e+02
8.29384300e+00	2022-05-17T19:16:22.156362	253	3.60000000e+02
8.30213990e+00	2022-05-17T19:16:22.172525	254	3.61000000e+02
8.31055530e+00	2022-05-17T19:16:22.172525	255	3.71000000e+02
8.32576780e+00	2022-05-17T19:16:22.188100	256	3.47000000e+02
8.34468500e+00	2022-05-17T19:16:22.203255	257	3.60000000e+02
8.34650090e+00	2022-05-17T19:16:22.218903	258	3.88000000e+02
8.35481870e+00	2022-05-17T19:16:22.218903	259	3.62000000e+02
8.36329010e+00	2022-05-17T19:16:22.234878	260	3.69000000e+02
8.37185940e+00	2022-05-17T19:16:22.234878	261	3.60000000e+02
8.39122900e+00	2022-05-17T19:16:22.250401	262	3.46000000e+02
8.41309820e+00	2022-05-17T19:16:22.281374	263	3.67000000e+02
8.42485550e+00	2022-05-17T19:16:22.297464	264	3.68000000e+02
8.43336080e+00	2022-05-17T19:16:22.297464	265	4.03000000e+02
8.45359310e+00	2022-05-17T19:16:22.313714	266	3.60000000e+02
8.47685960e+00	2022-05-17T19:16:22.345015	267	3.69000000e+02
8.48659830e+00	2022-05-17T19:16:22.360626	268	3.61000000e+02
8.49461130e+00	2022-05-17T19:16:22.360626	269	3.61000000e+02
8.50298350e+00	2022-05-17T19:16:22.376280	270	3.63000000e+02
8.51612560e+00	2022-05-17T19:16:22.376280	271	3.46000000e+02
8.53293360e+00	2022-05-17T19:16:22.391850	272	3.73000000e+02
8.54367410e+00	2022-05-17T19:16:22.407485	273	3.99000000e+02
8.55185500e+00	2022-05-17T19:16:22.423628	274	3.62000000e+02
8.56056500e+00	2022-05-17T19:16:22.423628	275	3.60000000e+02
8.58128980e+00	2022-05-17T19:16:22.454352	276	3.60000000e+02
8.60227290e+00	2022-05-17T19:16:22.469969	277	3.60000000e+02
8.61353630e+00	2022-05-17T19:16:22.486718	278	3.61000000e+02
8.62575690e+00	2022-05-17T19:16:22.486718	279	3.69000000e+02
8.64215420e+00	2022-05-17T19:16:22.502791	280	3.55000000e+02
8.66517270e+00	2022-05-17T19:16:22.533623	281	3.56000000e+02
8.67504040e+00	2022-05-17T19:16:22.533623	282	3.56000000e+02
8.68347520e+00	2022-05-17T19:16:22.549254	283	3.61000000e+02
8.70511960e+00	2022-05-17T19:16:22.564828	284	3.99000000e+02
8.72318770e+00	2022-05-17T19:16:22.596109	285	3.59000000e+02
8.73211910e+00	2022-05-17T19:16:22.596109	286	3.67000000e+02
8.74030470e+00	2022-05-17T19:16:22.612265	287	3.60000000e+02
8.74879680e+00	2022-05-17T19:16:22.612265	288	3.68000000e+02
8.77173130e+00	2022-05-17T19:16:22.642994	289	3.61000000e+02
8.79346230e+00	2022-05-17T19:16:22.658594	290	4.09000000e+02
8.80187850e+00	2022-05-17T19:16:22.674646	291	3.61000000e+02
8.81024240e+00	2022-05-17T19:16:22.674646	292	3.75000000e+02
8.83138810e+00	2022-05-17T19:16:22.705420	293	3.86000000e+02
8.84854410e+00	2022-05-17T19:16:22.721082	294	3.60000000e+02
8.85875780e+00	2022-05-17T19:16:22.721082	295	3.52000000e+02
8.86736240e+00	2022-05-17T19:16:22.737178	296	3.60000000e+02
8.87591810e+00	2022-05-17T19:16:22.737178	297	3.60000000e+02
8.90140710e+00	2022-05-17T19:16:22.767930	298	3.60000000e+02
8.91799800e+00	2022-05-17T19:16:22.783566	299	3.60000000e+02
8.92872220e+00	2022-05-17T19:16:22.799437	300	3.60000000e+02
8.93702190e+00	2022-05-17T19:16:22.799437	301	3.67000000e+02
8.95879640e+00	2022-05-17T19:16:22.830416	302	3.60000000e+02
8.97976940e+00	2022-05-17T19:16:22.846049	303	3.65000000e+02
8.98617560e+00	2022-05-17T19:16:22.846049	304	3.62000000e+02
8.99399970e+00	2022-05-17T19:16:22.862071	305	3.61000000e+02
9.00273680e+00	2022-05-17T19:16:22.862071	306	3.63000000e+02
9.01647770e+00	2022-05-17T19:16:22.877635	307	3.52000000e+02
9.02275450e+00	2022-05-17T19:16:22.892901	308	3.76000000e+02
9.03859990e+00	2022-05-17T19:16:22.908526	309	3.64000000e+02
9.04729990e+00	2022-05-17T19:16:22.908526	310	3.67000000e+02
9.05594380e+00	2022-05-17T19:16:22.924609	311	3.91000000e+02
9.06398470e+00	2022-05-17T19:16:22.924609	312	3.64000000e+02
9.08218840e+00	2022-05-17T19:16:22.955387	313	3.52000000e+02
9.09915410e+00	2022-05-17T19:16:22.971021	314	3.64000000e+02
9.11537790e+00	2022-05-17T19:16:22.986638	315	3.57000000e+02
9.12559460e+00	2022-05-17T19:16:22.986638	316	3.60000000e+02
9.13770040e+00	2022-05-17T19:16:23.002651	317	3.56000000e+02
9.15419290e+00	2022-05-17T19:16:23.018362	318	3.60000000e+02
9.16225160e+00	2022-05-17T19:16:23.033498	319	4.09000000e+02
9.18293460e+00	2022-05-17T19:16:23.049125	320	3.56000000e+02
9.18689090e+00	2022-05-17T19:16:23.049125	321	3.60000000e+02
9.19506200e+00	2022-05-17T19:16:23.064778	322	3.62000000e+02
9.20341300e+00	2022-05-17T19:16:23.064778	323	3.74000000e+02
9.22399190e+00	2022-05-17T19:16:23.095990	324	3.59000000e+02
9.23989380e+00	2022-05-17T19:16:23.111612	325	4.06000000e+02
9.24770360e+00	2022-05-17T19:16:23.111612	326	3.61000000e+02
9.25673250e+00	2022-05-17T19:16:23.127771	327	3.59000000e+02
9.26869950e+00	2022-05-17T19:16:23.127771	328	3.60000000e+02
9.27727550e+00	2022-05-17T19:16:23.142843	329	3.60000000e+02
9.30047910e+00	2022-05-17T19:16:23.174094	330	3.60000000e+02
9.32451020e+00	2022-05-17T19:16:23.189721	331	3.78000000e+02
9.33417460e+00	2022-05-17T19:16:23.205403	332	3.67000000e+02
9.34213130e+00	2022-05-17T19:16:23.205403	333	3.60000000e+02
9.37099260e+00	2022-05-17T19:16:23.236570	334	3.69000000e+02
9.38757320e+00	2022-05-17T19:16:23.252201	335	3.48000000e+02
9.39558230e+00	2022-05-17T19:16:23.268246	336	3.71000000e+02
9.40391170e+00	2022-05-17T19:16:23.268246	337	3.60000000e+02
9.42523670e+00	2022-05-17T19:16:23.299055	338	3.56000000e+02
9.44860600e+00	2022-05-17T19:16:23.315242	339	3.57000000e+02
9.45756950e+00	2022-05-17T19:16:23.330866	340	3.57000000e+02
9.46989570e+00	2022-05-17T19:16:23.330866	341	3.67000000e+02
9.48847540e+00	2022-05-17T19:16:23.362204	342	3.59000000e+02
9.51185000e+00	2022-05-17T19:16:23.377767	343	3.65000000e+02
9.52255710e+00	2022-05-17T19:16:23.393810	344	3.66000000e+02
9.53088730e+00	2022-05-17T19:16:23.393810	345	3.60000000e+02
9.55390740e+00	2022-05-17T19:16:23.424619	346	3.62000000e+02
9.57786260e+00	2022-05-17T19:16:23.440250	347	3.55000000e+02
9.58820060e+00	2022-05-17T19:16:23.456338	348	3.57000000e+02
9.59650350e+00	2022-05-17T19:16:23.456338	349	3.44000000e+02
9.61596020e+00	2022-05-17T19:16:23.487730	350	3.55000000e+02
9.63258630e+00	2022-05-17T19:16:23.503427	351	3.65000000e+02
9.64145850e+00	2022-05-17T19:16:23.503427	352	3.91000000e+02
9.64974420e+00	2022-05-17T19:16:23.519532	353	3.61000000e+02
9.65892070e+00	2022-05-17T19:16:23.519532	354	3.60000000e+02
9.67785210e+00	2022-05-17T19:16:23.550237	355	3.59000000e+02
9.69537530e+00	2022-05-17T19:16:23.565879	356	3.59000000e+02
9.70705370e+00	2022-05-17T19:16:23.565879	357	3.67000000e+02
9.71517980e+00	2022-05-17T19:16:23.581705	358	3.62000000e+02
9.73755130e+00	2022-05-17T19:16:23.597131	359	3.61000000e+02
9.73903210e+00	2022-05-17T19:16:23.612739	360	4.04000000e+02
9.76353540e+00	2022-05-17T19:16:23.628364	361	3.67000000e+02
9.77294590e+00	2022-05-17T19:16:23.644434	362	3.60000000e+02
9.78491260e+00	2022-05-17T19:16:23.644434	363	4.05000000e+02
9.80218810e+00	2022-05-17T19:16:23.675219	364	3.60000000e+02
9.82007460e+00	2022-05-17T19:16:23.690848	365	3.57000000e+02
9.82988930e+00	2022-05-17T19:16:23.690848	366	3.67000000e+02
9.83802600e+00	2022-05-17T19:16:23.706948	367	3.59000000e+02
9.84595100e+00	2022-05-17T19:16:23.706948	368	3.57000000e+02
9.85456950e+00	2022-05-17T19:16:23.722064	369	3.56000000e+02
9.86240040e+00	2022-05-17T19:16:23.722064	370	3.58000000e+02
9.87890190e+00	2022-05-17T19:16:23.738087	371	3.58000000e+02
9.90311460e+00	2022-05-17T19:16:23.768954	372	3.56000000e+02
9.90763390e+00	2022-05-17T19:16:23.768954	373	3.44000000e+02
9.91592350e+00	2022-05-17T19:16:23.785020	374	3.60000000e+02
9.92481370e+00	2022-05-17T19:16:23.785020	375	3.57000000e+02
9.94266260e+00	2022-05-17T19:16:23.815822	376	3.60000000e+02
9.96505470e+00	2022-05-17T19:16:23.831438	377	3.61000000e+02
9.96845770e+00	2022-05-17T19:16:23.831438	378	3.61000000e+02
9.97696520e+00	2022-05-17T19:16:23.847584	379	3.60000000e+02
9.98576900e+00	2022-05-17T19:16:23.847584	380	3.61000000e+02
1.00044763e+01	2022-05-17T19:16:23.878302	381	3.60000000e+02
1.00243766e+01	2022-05-17T19:16:23.893922	382	3.84000000e+02
1.00346014e+01	2022-05-17T19:16:23.893922	383	3.99000000e+02
1.00427122e+01	2022-05-17T19:16:23.909872	384	3.64000000e+02
1.00510847e+01	2022-05-17T19:16:23.909872	385	3.61000000e+02
1.00692240e+01	2022-05-17T19:16:23.940776	386	3.61000000e+02
1.00926137e+01	2022-05-17T19:16:23.956410	387	3.60000000e+02
1.00956758e+01	2022-05-17T19:16:23.956410	388	3.62000000e+02
1.01048512e+01	2022-05-17T19:16:23.972107	389	3.61000000e+02
1.01292481e+01	2022-05-17T19:16:24.003291	390	3.59000000e+02
1.01325667e+01	2022-05-17T19:16:24.003291	391	3.63000000e+02
1.01498972e+01	2022-05-17T19:16:24.018895	392	3.72000000e+02
1.01635893e+01	2022-05-17T19:16:24.034522	393	3.60000000e+02
1.01739368e+01	2022-05-17T19:16:24.034522	394	3.60000000e+02
1.01821376e+01	2022-05-17T19:16:24.050521	395	3.76000000e+02
1.01905589e+01	2022-05-17T19:16:24.050521	396	3.61000000e+02
1.02091799e+01	2022-05-17T19:16:24.081343	397	3.52000000e+02
1.02270846e+01	2022-05-17T19:16:24.097001	398	3.59000000e+02
1.02348387e+01	2022-05-17T19:16:24.097001	399	3.68000000e+02
1.02431525e+01	2022-05-17T19:16:24.113078	400	3.61000000e+02
1.02519963e+01	2022-05-17T19:16:24.113078	401	3.61000000e+02
1.02718971e+01	2022-05-17T19:16:24.143853	402	3.73000000e+02
1.02800172e+01	2022-05-17T19:16:24.143853	403	3.59000000e+02
1.02977748e+01	2022-05-17T19:16:24.159485	404	3.61000000e+02
1.03091463e+01	2022-05-17T19:16:24.175598	405	3.69000000e+02
1.03192319e+01	2022-05-17T19:16:24.190790	406	3.60000000e+02
1.03351092e+01	2022-05-17T19:16:24.206343	407	3.61000000e+02
1.03527717e+01	2022-05-17T19:16:24.221972	408	3.46000000e+02
1.03623421e+01	2022-05-17T19:16:24.221972	409	3.56000000e+02
1.03706596e+01	2022-05-17T19:16:24.237990	410	3.62000000e+02
1.03788231e+01	2022-05-17T19:16:24.237990	411	3.56000000e+02
1.03968235e+01	2022-05-17T19:16:24.268824	412	3.56000000e+02
1.04148212e+01	2022-05-17T19:16:24.284459	413	3.56000000e+02
1.04234724e+01	2022-05-17T19:16:24.284459	414	3.58000000e+02
1.04321623e+01	2022-05-17T19:16:24.300463	415	3.61000000e+02
1.04410546e+01	2022-05-17T19:16:24.300463	416	3.57000000e+02
1.04559527e+01	2022-05-17T19:16:24.316407	417	3.56000000e+02
1.04793336e+01	2022-05-17T19:16:24.347721	418	3.56000000e+02
1.04851553e+01	2022-05-17T19:16:24.347721	419	3.57000000e+02
1.04933039e+01	2022-05-17T19:16:24.363801	420	3.52000000e+02
1.05018511e+01	2022-05-17T19:16:24.363801	421	3.57000000e+02
1.05202828e+01	2022-05-17T19:16:24.379402	422	3.65000000e+02
1.05440499e+01	2022-05-17T19:16:24.410177	423	3.44000000e+02
1.05511503e+01	2022-05-17T19:16:24.410177	424	3.56000000e+02
1.05629736e+01	2022-05-17T19:16:24.425761	425	3.64000000e+02
1.05822235e+01	2022-05-17T19:16:24.441932	426	3.67000000e+02
1.06065906e+01	2022-05-17T19:16:24.472665	427	3.56000000e+02
1.06122759e+01	2022-05-17T19:16:24.472665	428	3.56000000e+02
1.06205277e+01	2022-05-17T19:16:24.489466	429	3.61000000e+02
1.06289962e+01	2022-05-17T19:16:24.489466	430	3.56000000e+02
1.06458764e+01	2022-05-17T19:16:24.505573	431	3.84000000e+02
1.06704197e+01	2022-05-17T19:16:24.536360	432	3.56000000e+02
1.06817710e+01	2022-05-17T19:16:24.552404	433	3.70000000e+02
1.06903589e+01	2022-05-17T19:16:24.552404	434	3.52000000e+02
1.07085362e+01	2022-05-17T19:16:24.568052	435	3.55000000e+02
1.07309806e+01	2022-05-17T19:16:24.598857	436	3.67000000e+02
1.07344339e+01	2022-05-17T19:16:24.598857	437	4.11000000e+02
1.07438654e+01	2022-05-17T19:16:24.614439	438	3.59000000e+02
1.07556280e+01	2022-05-17T19:16:24.614439	439	3.57000000e+02
1.07718915e+01	2022-05-17T19:16:24.645721	440	3.57000000e+02
1.07795969e+01	2022-05-17T19:16:24.645721	441	3.61000000e+02
1.07970419e+01	2022-05-17T19:16:24.661341	442	3.61000000e+02
1.08082591e+01	2022-05-17T19:16:24.677515	443	3.56000000e+02
1.08172181e+01	2022-05-17T19:16:24.677515	444	3.44000000e+02
1.08356220e+01	2022-05-17T19:16:24.708195	445	3.72000000e+02
1.08591461e+01	2022-05-17T19:16:24.723825	446	3.91000000e+02
1.08699917e+01	2022-05-17T19:16:24.739411	447	3.57000000e+02
1.08784903e+01	2022-05-17T19:16:24.739411	448	3.56000000e+02
1.08968015e+01	2022-05-17T19:16:24.770653	449	3.57000000e+02
1.09158486e+01	2022-05-17T19:16:24.786310	450	3.52000000e+02
1.09270966e+01	2022-05-17T19:16:24.786310	451	3.58000000e+02
1.09351950e+01	2022-05-17T19:16:24.801895	452	3.56000000e+02
1.09437336e+01	2022-05-17T19:16:24.817516	453	3.56000000e+02
1.09646835e+01	2022-05-17T19:16:24.833163	454	3.57000000e+02
1.09822191e+01	2022-05-17T19:16:24.848805	455	3.56000000e+02
1.09928984e+01	2022-05-17T19:16:24.864647	456	3.91000000e+02
1.10017537e+01	2022-05-17T19:16:24.864647	457	3.70000000e+02
1.10219173e+01	2022-05-17T19:16:24.895663	458	3.97000000e+02
1.10481872e+01	2022-05-17T19:16:24.911318	459	3.60000000e+02
1.10512146e+01	2022-05-17T19:16:24.911318	460	3.62000000e+02
1.10591641e+01	2022-05-17T19:16:24.926913	461	3.60000000e+02
1.10842887e+01	2022-05-17T19:16:24.958134	462	3.58000000e+02
1.11084201e+01	2022-05-17T19:16:24.973771	463	3.55000000e+02
1.11112568e+01	2022-05-17T19:16:24.973771	464	3.63000000e+02
1.11201622e+01	2022-05-17T19:16:24.989850	465	3.59000000e+02
1.11282845e+01	2022-05-17T19:16:24.989850	466	3.57000000e+02
1.11483232e+01	2022-05-17T19:16:25.020671	467	3.56000000e+02
1.11664539e+01	2022-05-17T19:16:25.036287	468	3.55000000e+02
1.11807503e+01	2022-05-17T19:16:25.051877	469	3.56000000e+02
1.11900582e+01	2022-05-17T19:16:25.051877	470	4.01000000e+02
1.12015110e+01	2022-05-17T19:16:25.067967	471	3.56000000e+02
1.12098642e+01	2022-05-17T19:16:25.083114	472	3.62000000e+02
1.12245423e+01	2022-05-17T19:16:25.083114	473	3.58000000e+02
1.12450016e+01	2022-05-17T19:16:25.114362	474	3.56000000e+02
1.12551147e+01	2022-05-17T19:16:25.114362	475	3.56000000e+02
1.12633775e+01	2022-05-17T19:16:25.130332	476	3.67000000e+02
1.12717829e+01	2022-05-17T19:16:25.145563	477	3.56000000e+02
1.12860933e+01	2022-05-17T19:16:25.145563	478	4.02000000e+02
1.13116567e+01	2022-05-17T19:16:25.176879	479	3.59000000e+02
1.13203040e+01	2022-05-17T19:16:25.192427	480	3.61000000e+02
1.13284802e+01	2022-05-17T19:16:25.192427	481	3.52000000e+02
1.13509829e+01	2022-05-17T19:16:25.223695	482	3.44000000e+02
1.13756655e+01	2022-05-17T19:16:25.239328	483	3.55000000e+02
1.13819661e+01	2022-05-17T19:16:25.254912	484	3.56000000e+02
1.13912915e+01	2022-05-17T19:16:25.254912	485	3.63000000e+02
1.14118539e+01	2022-05-17T19:16:25.271084	486	3.56000000e+02
1.14363312e+01	2022-05-17T19:16:25.302353	487	3.58000000e+02
1.14390667e+01	2022-05-17T19:16:25.302353	488	3.69000000e+02
1.14475763e+01	2022-05-17T19:16:25.318508	489	3.52000000e+02
1.14562564e+01	2022-05-17T19:16:25.318508	490	3.61000000e+02
1.14753842e+01	2022-05-17T19:16:25.349246	491	3.68000000e+02
1.14936936e+01	2022-05-17T19:16:25.364913	492	3.62000000e+02
1.15012361e+01	2022-05-17T19:16:25.364913	493	3.52000000e+02
1.15136445e+01	2022-05-17T19:16:25.380539	494	3.57000000e+02
1.15351408e+01	2022-05-17T19:16:25.396481	495	3.56000000e+02
1.15431279e+01	2022-05-17T19:16:25.411707	496	3.57000000e+02
1.15697941e+01	2022-05-17T19:16:25.442996	497	3.56000000e+02
1.15743671e+01	2022-05-17T19:16:25.442996	498	3.57000000e+02
1.15824730e+01	2022-05-17T19:16:25.442996	499	3.75000000e+02
1.15916407e+01	2022-05-17T19:16:25.458570	500	3.72000000e+02
1.15995584e+01	2022-05-17T19:16:25.458570	501	3.57000000e+02
1.16202893e+01	2022-05-17T19:16:25.490366	502	3.60000000e+02
1.16505777e+01	2022-05-17T19:16:25.521616	503	3.55000000e+02
1.16603076e+01	2022-05-17T19:16:25.521616	504	3.52000000e+02
1.16687382e+01	2022-05-17T19:16:25.537236	505	3.57000000e+02
1.16766700e+01	2022-05-17T19:16:25.537236	506	3.58000000e+02
1.16959914e+01	2022-05-17T19:16:25.568531	507	3.57000000e+02
1.17079752e+01	2022-05-17T19:16:25.568531	508	3.57000000e+02
1.17280919e+01	2022-05-17T19:16:25.599729	509	3.60000000e+02
1.17380904e+01	2022-05-17T19:16:25.599729	510	3.61000000e+02
1.17462482e+01	2022-05-17T19:16:25.615398	511	3.95000000e+02
1.17545048e+01	2022-05-17T19:16:25.615398	512	3.62000000e+02
1.17824518e+01	2022-05-17T19:16:25.646585	513	3.72000000e+02
1.18025526e+01	2022-05-17T19:16:25.662244	514	3.60000000e+02
1.18118661e+01	2022-05-17T19:16:25.677828	515	3.65000000e+02
1.18203806e+01	2022-05-17T19:16:25.693479	516	3.86000000e+02
1.18378534e+01	2022-05-17T19:16:25.709108	517	3.46000000e+02
1.18601296e+01	2022-05-17T19:16:25.724718	518	3.55000000e+02
1.18695628e+01	2022-05-17T19:16:25.740326	519	3.60000000e+02
1.18774099e+01	2022-05-17T19:16:25.740326	520	3.58000000e+02
1.18853703e+01	2022-05-17T19:16:25.755965	521	3.56000000e+02
1.18940598e+01	2022-05-17T19:16:25.755965	522	3.59000000e+02
1.19118969e+01	2022-05-17T19:16:25.771905	523	3.55000000e+02
1.19368962e+01	2022-05-17T19:16:25.802836	524	3.62000000e+02
1.19432423e+01	2022-05-17T19:16:25.802836	525	3.55000000e+02
1.19517093e+01	2022-05-17T19:16:25.818487	526	3.58000000e+02
1.19758529e+01	2022-05-17T19:16:25.849686	527	3.57000000e+02
1.19787312e+01	2022-05-17T19:16:25.849686	528	3.56000000e+02
1.20051107e+01	2022-05-17T19:16:25.865322	529	3.60000000e+02
1.20164513e+01	2022-05-17T19:16:25.880904	530	3.52000000e+02
1.20461426e+01	2022-05-17T19:16:25.912180	531	3.55000000e+02
1.20702277e+01	2022-05-17T19:16:25.943401	532	3.73000000e+02
1.20786091e+01	2022-05-17T19:16:25.943401	533	3.56000000e+02
1.20912390e+01	2022-05-17T19:16:25.959443	534	3.60000000e+02
1.21092483e+01	2022-05-17T19:16:25.975164	535	3.75000000e+02
1.21204408e+01	2022-05-17T19:16:25.990278	536	3.57000000e+02
1.21464327e+01	2022-05-17T19:16:26.005914	537	3.63000000e+02
1.21564469e+01	2022-05-17T19:16:26.021496	538	3.56000000e+02
1.21710434e+01	2022-05-17T19:16:26.037273	539	3.52000000e+02
1.21797583e+01	2022-05-17T19:16:26.052750	540	3.62000000e+02
1.22002980e+01	2022-05-17T19:16:26.068394	541	3.58000000e+02
1.22095031e+01	2022-05-17T19:16:26.068394	542	3.57000000e+02
1.22175235e+01	2022-05-17T19:16:26.084021	543	3.52000000e+02
1.22258866e+01	2022-05-17T19:16:26.099603	544	3.59000000e+02
1.22341367e+01	2022-05-17T19:16:26.099603	545	3.60000000e+02
1.22424773e+01	2022-05-17T19:16:26.115267	546	3.61000000e+02
1.22563760e+01	2022-05-17T19:16:26.115267	547	3.59000000e+02
1.22775571e+01	2022-05-17T19:16:26.146502	548	3.57000000e+02
1.22876297e+01	2022-05-17T19:16:26.146502	549	3.56000000e+02
1.22993078e+01	2022-05-17T19:16:26.162086	550	3.56000000e+02
1.23190183e+01	2022-05-17T19:16:26.178231	551	4.04000000e+02
1.23465631e+01	2022-05-17T19:16:26.208992	552	3.57000000e+02
1.23571029e+01	2022-05-17T19:16:26.225110	553	3.80000000e+02
1.23653816e+01	2022-05-17T19:16:26.225110	554	3.59000000e+02
1.23740755e+01	2022-05-17T19:16:26.240234	555	3.73000000e+02
1.23976022e+01	2022-05-17T19:16:26.271461	556	3.56000000e+02
1.24215308e+01	2022-05-17T19:16:26.287095	557	3.73000000e+02
1.24307189e+01	2022-05-17T19:16:26.303798	558	3.61000000e+02
1.24391629e+01	2022-05-17T19:16:26.303798	559	3.86000000e+02
1.24599506e+01	2022-05-17T19:16:26.319702	560	3.61000000e+02
1.24806277e+01	2022-05-17T19:16:26.350700	561	3.56000000e+02
1.24919829e+01	2022-05-17T19:16:26.350700	562	3.64000000e+02
1.25005137e+01	2022-05-17T19:16:26.366287	563	3.44000000e+02
1.25211280e+01	2022-05-17T19:16:26.381911	564	3.57000000e+02
1.25234363e+01	2022-05-17T19:16:26.381911	565	3.57000000e+02
1.25454892e+01	2022-05-17T19:16:26.413152	566	3.57000000e+02
1.25569626e+01	2022-05-17T19:16:26.429309	567	3.52000000e+02
1.25656693e+01	2022-05-17T19:16:26.429309	568	3.56000000e+02
1.25902290e+01	2022-05-17T19:16:26.460040	569	3.84000000e+02
1.26165926e+01	2022-05-17T19:16:26.475674	570	3.72000000e+02
1.26190227e+01	2022-05-17T19:16:26.491925	571	3.59000000e+02
1.26270619e+01	2022-05-17T19:16:26.491925	572	3.57000000e+02
1.26355716e+01	2022-05-17T19:16:26.508141	573	3.59000000e+02
1.26478617e+01	2022-05-17T19:16:26.508141	574	3.45000000e+02
1.26646058e+01	2022-05-17T19:16:26.523592	575	3.55000000e+02
1.26915079e+01	2022-05-17T19:16:26.554453	576	3.56000000e+02
1.26970364e+01	2022-05-17T19:16:26.570073	577	3.59000000e+02
1.27053330e+01	2022-05-17T19:16:26.570073	578	3.57000000e+02
1.27274570e+01	2022-05-17T19:16:26.601303	579	4.03000000e+02
1.27369984e+01	2022-05-17T19:16:26.601303	580	3.55000000e+02
1.27592473e+01	2022-05-17T19:16:26.632547	581	3.75000000e+02
1.27705923e+01	2022-05-17T19:16:26.632547	582	3.56000000e+02
1.27788473e+01	2022-05-17T19:16:26.648468	583	3.56000000e+02
1.27876285e+01	2022-05-17T19:16:26.648468	584	3.69000000e+02
1.28128500e+01	2022-05-17T19:16:26.679428	585	3.57000000e+02
1.28323264e+01	2022-05-17T19:16:26.695104	586	3.73000000e+02
1.28443336e+01	2022-05-17T19:16:26.711183	587	3.63000000e+02
1.28519960e+01	2022-05-17T19:16:26.711183	588	3.63000000e+02
1.28608392e+01	2022-05-17T19:16:26.726248	589	3.56000000e+02
1.28691109e+01	2022-05-17T19:16:26.741940	590	3.56000000e+02
1.28953598e+01	2022-05-17T19:16:26.757554	591	3.55000000e+02
1.29167187e+01	2022-05-17T19:16:26.788735	592	3.59000000e+02
1.29260648e+01	2022-05-17T19:16:26.788735	593	3.52000000e+02
1.29346305e+01	2022-05-17T19:16:26.804889	594	3.56000000e+02
1.29468257e+01	2022-05-17T19:16:26.820010	595	3.59000000e+02
1.29546916e+01	2022-05-17T19:16:26.820010	596	3.59000000e+02
1.29764211e+01	2022-05-17T19:16:26.835863	597	3.55000000e+02
1.29970539e+01	2022-05-17T19:16:26.866883	598	3.52000000e+02
1.30080760e+01	2022-05-17T19:16:26.866883	599	3.84000000e+02
1.30164492e+01	2022-05-17T19:16:26.882461	600	3.56000000e+02
1.30246880e+01	2022-05-17T19:16:26.898118	601	3.57000000e+02
1.30418205e+01	2022-05-17T19:16:26.913750	602	3.56000000e+02
1.30610857e+01	2022-05-17T19:16:26.929357	603	3.44000000e+02
1.30690471e+01	2022-05-17T19:16:26.929357	604	3.57000000e+02
1.30776158e+01	2022-05-17T19:16:26.945412	605	3.58000000e+02
1.30858383e+01	2022-05-17T19:16:26.945412	606	3.44000000e+02
1.31036209e+01	2022-05-17T19:16:26.976214	607	3.73000000e+02
1.31310571e+01	2022-05-17T19:16:26.991847	608	3.56000000e+02
1.31351151e+01	2022-05-17T19:16:27.007705	609	3.60000000e+02
1.31431721e+01	2022-05-17T19:16:27.007705	610	3.59000000e+02
1.31653707e+01	2022-05-17T19:16:27.038700	611	3.59000000e+02
1.31864307e+01	2022-05-17T19:16:27.054322	612	3.84000000e+02
1.31966192e+01	2022-05-17T19:16:27.069989	613	3.59000000e+02
1.32047000e+01	2022-05-17T19:16:27.069989	614	3.57000000e+02
1.32259752e+01	2022-05-17T19:16:27.085629	615	3.57000000e+02
1.32481131e+01	2022-05-17T19:16:27.116815	616	3.57000000e+02
1.32500535e+01	2022-05-17T19:16:27.116815	617	3.57000000e+02
1.32659301e+01	2022-05-17T19:16:27.132448	618	3.56000000e+02
1.32740682e+01	2022-05-17T19:16:27.148100	619	3.56000000e+02
1.32826941e+01	2022-05-17T19:16:27.148100	620	3.58000000e+02
1.33056859e+01	2022-05-17T19:16:27.179308	621	3.57000000e+02
1.33086625e+01	2022-05-17T19:16:27.179308	622	3.57000000e+02
1.33287308e+01	2022-05-17T19:16:27.194961	623	3.56000000e+02
1.33398916e+01	2022-05-17T19:16:27.210936	624	3.67000000e+02
1.33481994e+01	2022-05-17T19:16:27.210936	625	3.56000000e+02
1.33692323e+01	2022-05-17T19:16:27.241776	626	3.59000000e+02
1.33928926e+01	2022-05-17T19:16:27.257398	627	3.57000000e+02
1.34010209e+01	2022-05-17T19:16:27.273052	628	3.56000000e+02
1.34100664e+01	2022-05-17T19:16:27.273052	629	3.97000000e+02
1.34220049e+01	2022-05-17T19:16:27.289190	630	3.66000000e+02
1.34299708e+01	2022-05-17T19:16:27.289190	631	3.57000000e+02
1.34381969e+01	2022-05-17T19:16:27.304235	632	3.52000000e+02
1.34466602e+01	2022-05-17T19:16:27.320492	633	3.60000000e+02
1.34620227e+01	2022-05-17T19:16:27.320492	634	3.63000000e+02
1.34885765e+01	2022-05-17T19:16:27.351764	635	3.56000000e+02
1.34908740e+01	2022-05-17T19:16:27.351764	636	3.52000000e+02
1.34998049e+01	2022-05-17T19:16:27.367891	637	3.91000000e+02
1.35078646e+01	2022-05-17T19:16:27.367891	638	3.59000000e+02
1.35248191e+01	2022-05-17T19:16:27.398639	639	3.56000000e+02
1.35527485e+01	2022-05-17T19:16:27.414295	640	4.01000000e+02
1.35571988e+01	2022-05-17T19:16:27.429918	641	3.55000000e+02
1.35655055e+01	2022-05-17T19:16:27.429918	642	3.61000000e+02
1.35897594e+01	2022-05-17T19:16:27.461112	643	3.55000000e+02
1.36163546e+01	2022-05-17T19:16:27.476781	644	3.58000000e+02
1.36266733e+01	2022-05-17T19:16:27.492856	645	3.97000000e+02
1.36348210e+01	2022-05-17T19:16:27.508522	646	3.57000000e+02
1.36516715e+01	2022-05-17T19:16:27.524129	647	3.56000000e+02
1.36801137e+01	2022-05-17T19:16:27.539766	648	3.56000000e+02
1.36919959e+01	2022-05-17T19:16:27.555352	649	3.44000000e+02
1.37140229e+01	2022-05-17T19:16:27.586644	650	3.56000000e+02
1.37432015e+01	2022-05-17T19:16:27.602283	651	3.56000000e+02
1.37538234e+01	2022-05-17T19:16:27.617869	652	3.57000000e+02
1.37655053e+01	2022-05-17T19:16:27.633529	653	3.59000000e+02
1.37754252e+01	2022-05-17T19:16:27.649074	654	3.60000000e+02
1.37944814e+01	2022-05-17T19:16:27.664696	655	3.56000000e+02
1.38229728e+01	2022-05-17T19:16:27.695937	656	3.57000000e+02
1.38254214e+01	2022-05-17T19:16:27.695937	657	3.56000000e+02
1.38349759e+01	2022-05-17T19:16:27.695937	658	3.56000000e+02
1.38433798e+01	2022-05-17T19:16:27.711561	659	3.73000000e+02
1.38513017e+01	2022-05-17T19:16:27.711561	660	3.63000000e+02
1.38704355e+01	2022-05-17T19:16:27.742849	661	3.55000000e+02
1.38978006e+01	2022-05-17T19:16:27.758423	662	3.56000000e+02
1.39006314e+01	2022-05-17T19:16:27.774119	663	3.56000000e+02
1.39088354e+01	2022-05-17T19:16:27.774119	664	3.56000000e+02
1.39281550e+01	2022-05-17T19:16:27.790076	665	3.73000000e+02
1.39446824e+01	2022-05-17T19:16:27.805330	666	3.63000000e+02
1.39675562e+01	2022-05-17T19:16:27.836561	667	3.59000000e+02
1.39789935e+01	2022-05-17T19:16:27.852190	668	3.65000000e+02
1.39923465e+01	2022-05-17T19:16:27.852190	669	3.57000000e+02
1.40129204e+01	2022-05-17T19:16:27.883418	670	3.59000000e+02
1.40404020e+01	2022-05-17T19:16:27.899055	671	3.75000000e+02
1.40482416e+01	2022-05-17T19:16:27.914707	672	3.98000000e+02
1.40745735e+01	2022-05-17T19:16:27.945877	673	3.56000000e+02
1.40777021e+01	2022-05-17T19:16:27.945877	674	3.58000000e+02
1.40852220e+01	2022-05-17T19:16:27.945877	675	4.06000000e+02
1.41076813e+01	2022-05-17T19:16:27.977146	676	3.56000000e+02
1.41180849e+01	2022-05-17T19:16:27.977146	677	3.57000000e+02
1.41261360e+01	2022-05-17T19:16:27.993110	678	3.56000000e+02
1.41342909e+01	2022-05-17T19:16:27.993110	679	3.62000000e+02
1.41549020e+01	2022-05-17T19:16:28.024012	680	3.56000000e+02
1.41838304e+01	2022-05-17T19:16:28.055269	681	3.56000000e+02
1.41917390e+01	2022-05-17T19:16:28.055269	682	4.03000000e+02
1.41996847e+01	2022-05-17T19:16:28.071457	683	3.66000000e+02
1.42086135e+01	2022-05-17T19:16:28.071457	684	3.63000000e+02
1.42205000e+01	2022-05-17T19:16:28.086470	685	3.56000000e+02
1.42288649e+01	2022-05-17T19:16:28.102117	686	3.66000000e+02
1.42595966e+01	2022-05-17T19:16:28.133335	687	3.56000000e+02
1.42737021e+01	2022-05-17T19:16:28.133335	688	3.65000000e+02
1.42817620e+01	2022-05-17T19:16:28.148982	689	3.58000000e+02
1.42896715e+01	2022-05-17T19:16:28.148982	690	3.59000000e+02
1.42978835e+01	2022-05-17T19:16:28.164631	691	3.57000000e+02
1.43063237e+01	2022-05-17T19:16:28.180241	692	3.59000000e+02
1.43272913e+01	2022-05-17T19:16:28.195818	693	3.56000000e+02
1.43381166e+01	2022-05-17T19:16:28.211441	694	3.56000000e+02
1.43599360e+01	2022-05-17T19:16:28.227097	695	3.56000000e+02
1.43712993e+01	2022-05-17T19:16:28.242720	696	3.67000000e+02
1.43797900e+01	2022-05-17T19:16:28.242720	697	3.56000000e+02
1.44002816e+01	2022-05-17T19:16:28.273926	698	3.55000000e+02
1.44096597e+01	2022-05-17T19:16:28.273926	699	3.58000000e+02
1.44392150e+01	2022-05-17T19:16:28.305751	700	3.61000000e+02
1.44492776e+01	2022-05-17T19:16:28.321376	701	4.05000000e+02
1.44583622e+01	2022-05-17T19:16:28.321376	702	3.56000000e+02
1.44825224e+01	2022-05-17T19:16:28.352620	703	3.56000000e+02
1.45115135e+01	2022-05-17T19:16:28.383890	704	3.55000000e+02
1.45196261e+01	2022-05-17T19:16:28.383890	705	3.62000000e+02
1.45312275e+01	2022-05-17T19:16:28.399536	706	4.01000000e+02
1.45400778e+01	2022-05-17T19:16:28.399536	707	3.56000000e+02
1.45589222e+01	2022-05-17T19:16:28.430766	708	3.56000000e+02
1.45863076e+01	2022-05-17T19:16:28.446388	709	3.57000000e+02
1.45889437e+01	2022-05-17T19:16:28.461968	710	3.67000000e+02
1.45974497e+01	2022-05-17T19:16:28.461968	711	3.57000000e+02
1.46221962e+01	2022-05-17T19:16:28.493238	712	3.55000000e+02
1.46446737e+01	2022-05-17T19:16:28.509590	713	3.58000000e+02
1.46540818e+01	2022-05-17T19:16:28.525215	714	3.57000000e+02
1.46627243e+01	2022-05-17T19:16:28.525215	715	3.56000000e+02
1.46710485e+01	2022-05-17T19:16:28.541195	716	3.63000000e+02
1.46790955e+01	2022-05-17T19:16:28.541195	717	3.57000000e+02
1.47012055e+01	2022-05-17T19:16:28.572080	718	3.56000000e+02
1.47272713e+01	2022-05-17T19:16:28.587780	719	3.56000000e+02
1.47360978e+01	2022-05-17T19:16:28.603842	720	3.44000000e+02
1.47599721e+01	2022-05-17T19:16:28.618969	721	3.56000000e+02
1.47627277e+01	2022-05-17T19:16:28.634590	722	3.55000000e+02
1.47836784e+01	2022-05-17T19:16:28.650225	723	3.56000000e+02
1.47937721e+01	2022-05-17T19:16:28.665846	724	4.01000000e+02
1.48020887e+01	2022-05-17T19:16:28.665846	725	3.57000000e+02
1.48245399e+01	2022-05-17T19:16:28.697097	726	3.56000000e+02
1.48490626e+01	2022-05-17T19:16:28.712672	727	3.55000000e+02
1.48590892e+01	2022-05-17T19:16:28.728321	728	4.04000000e+02
1.48674014e+01	2022-05-17T19:16:28.728321	729	3.57000000e+02
1.48755036e+01	2022-05-17T19:16:28.744397	730	3.44000000e+02
1.48843456e+01	2022-05-17T19:16:28.744397	731	3.56000000e+02
1.49029134e+01	2022-05-17T19:16:28.775181	732	3.59000000e+02
1.49247375e+01	2022-05-17T19:16:28.790818	733	3.56000000e+02
1.49325726e+01	2022-05-17T19:16:28.806402	734	3.60000000e+02
1.49412964e+01	2022-05-17T19:16:28.806402	735	3.63000000e+02
1.49639113e+01	2022-05-17T19:16:28.837666	736	3.56000000e+02
1.49678260e+01	2022-05-17T19:16:28.837666	737	3.57000000e+02
1.49896449e+01	2022-05-17T19:16:28.853288	738	3.55000000e+02
1.49986339e+01	2022-05-17T19:16:28.868893	739	3.69000000e+02
1.50064979e+01	2022-05-17T19:16:28.868893	740	3.56000000e+02
1.50150438e+01	2022-05-17T19:16:28.884891	741	3.58000000e+02
1.50234830e+01	2022-05-17T19:16:28.884891	742	3.60000000e+02
1.50436592e+01	2022-05-17T19:16:28.915786	743	3.56000000e+02
1.50705511e+01	2022-05-17T19:16:28.931407	744	3.56000000e+02
1.50811383e+01	2022-05-17T19:16:28.947320	745	3.60000000e+02
1.51054765e+01	2022-05-17T19:16:28.978257	746	3.59000000e+02
1.51262767e+01	2022-05-17T19:16:28.993888	747	3.56000000e+02
1.51352681e+01	2022-05-17T19:16:28.993888	748	3.57000000e+02
1.51462616e+01	2022-05-17T19:16:29.009475	749	3.61000000e+02
1.51680111e+01	2022-05-17T19:16:29.040776	750	3.57000000e+02
1.51944110e+01	2022-05-17T19:16:29.056376	751	3.57000000e+02
1.51993791e+01	2022-05-17T19:16:29.072155	752	3.56000000e+02
1.52081997e+01	2022-05-17T19:16:29.072155	753	3.56000000e+02
1.52294017e+01	2022-05-17T19:16:29.103228	754	3.56000000e+02
1.52360422e+01	2022-05-17T19:16:29.103228	755	3.56000000e+02
1.52630902e+01	2022-05-17T19:16:29.134478	756	3.71000000e+02
1.52725171e+01	2022-05-17T19:16:29.134478	757	3.57000000e+02
1.52813088e+01	2022-05-17T19:16:29.150584	758	3.57000000e+02
1.52902494e+01	2022-05-17T19:16:29.150584	759	3.56000000e+02
1.53102578e+01	2022-05-17T19:16:29.181334	760	3.56000000e+02
1.53371898e+01	2022-05-17T19:16:29.196974	761	3.57000000e+02
1.53425979e+01	2022-05-17T19:16:29.212625	762	3.58000000e+02
1.53510464e+01	2022-05-17T19:16:29.212625	763	3.66000000e+02
1.53734432e+01	2022-05-17T19:16:29.243795	764	3.56000000e+02
1.54010047e+01	2022-05-17T19:16:29.275074	765	3.58000000e+02
1.54121799e+01	2022-05-17T19:16:29.275074	766	3.56000000e+02
1.54200963e+01	2022-05-17T19:16:29.291236	767	3.44000000e+02
1.54292583e+01	2022-05-17T19:16:29.291236	768	3.61000000e+02
1.54407471e+01	2022-05-17T19:16:29.306279	769	3.75000000e+02
1.54643918e+01	2022-05-17T19:16:29.338221	770	3.57000000e+02
1.54735814e+01	2022-05-17T19:16:29.338221	771	3.55000000e+02
1.54946889e+01	2022-05-17T19:16:29.353845	772	3.63000000e+02
1.54982811e+01	2022-05-17T19:16:29.369437	773	3.80000000e+02
1.55075143e+01	2022-05-17T19:16:29.369437	774	3.44000000e+02
1.55186981e+01	2022-05-17T19:16:29.385046	775	3.56000000e+02
1.55269284e+01	2022-05-17T19:16:29.400721	776	3.58000000e+02
1.55471885e+01	2022-05-17T19:16:29.416345	777	3.56000000e+02
1.55700578e+01	2022-05-17T19:16:29.431957	778	3.57000000e+02
1.55798118e+01	2022-05-17T19:16:29.447579	779	3.58000000e+02
1.55882537e+01	2022-05-17T19:16:29.447579	780	3.56000000e+02
1.55962884e+01	2022-05-17T19:16:29.463236	781	3.58000000e+02
1.56044540e+01	2022-05-17T19:16:29.463236	782	3.56000000e+02
1.56257341e+01	2022-05-17T19:16:29.495255	783	3.56000000e+02
1.56527362e+01	2022-05-17T19:16:29.526539	784	3.56000000e+02
1.56620578e+01	2022-05-17T19:16:29.526539	785	3.91000000e+02
1.56705085e+01	2022-05-17T19:16:29.542720	786	3.57000000e+02
1.56782049e+01	2022-05-17T19:16:29.542720	787	3.59000000e+02
1.57024114e+01	2022-05-17T19:16:29.573390	788	3.59000000e+02
1.57305842e+01	2022-05-17T19:16:29.589029	789	3.69000000e+02
1.57396003e+01	2022-05-17T19:16:29.604683	790	3.64000000e+02
1.57678397e+01	2022-05-17T19:16:29.635877	791	3.59000000e+02
1.57763725e+01	2022-05-17T19:16:29.635877	792	3.67000000e+02
1.57979233e+01	2022-05-17T19:16:29.667131	793	3.63000000e+02
1.58057806e+01	2022-05-17T19:16:29.667131	794	4.01000000e+02
1.58137580e+01	2022-05-17T19:16:29.682714	795	3.60000000e+02
1.58230476e+01	2022-05-17T19:16:29.682714	796	3.56000000e+02
1.58435927e+01	2022-05-17T19:16:29.713981	797	3.62000000e+02
1.58675345e+01	2022-05-17T19:16:29.729580	798	3.57000000e+02
1.58699314e+01	2022-05-17T19:16:29.729580	799	3.56000000e+02
1.58790443e+01	2022-05-17T19:16:29.745236	800	3.65000000e+02
1.58877970e+01	2022-05-17T19:16:29.760821	801	3.70000000e+02
1.58993569e+01	2022-05-17T19:16:29.760821	802	3.57000000e+02
1.59224918e+01	2022-05-17T19:16:29.792105	803	3.55000000e+02
1.59333449e+01	2022-05-17T19:16:29.792105	804	4.02000000e+02
1.59594904e+01	2022-05-17T19:16:29.823347	805	3.57000000e+02
1.59687913e+01	2022-05-17T19:16:29.838927	806	3.63000000e+02
1.59772988e+01	2022-05-17T19:16:29.838927	807	3.55000000e+02
1.60009420e+01	2022-05-17T19:16:29.870208	808	3.61000000e+02
1.60253657e+01	2022-05-17T19:16:29.885851	809	3.64000000e+02
1.60345641e+01	2022-05-17T19:16:29.901438	810	3.56000000e+02
1.60426331e+01	2022-05-17T19:16:29.901438	811	4.02000000e+02
1.60510168e+01	2022-05-17T19:16:29.917033	812	3.58000000e+02
1.60595171e+01	2022-05-17T19:16:29.932655	813	3.55000000e+02
1.60772553e+01	2022-05-17T19:16:29.948316	814	3.56000000e+02
1.61008036e+01	2022-05-17T19:16:29.963898	815	3.56000000e+02
1.61083280e+01	2022-05-17T19:16:29.979556	816	3.63000000e+02
1.61164555e+01	2022-05-17T19:16:29.979556	817	3.57000000e+02
1.61247108e+01	2022-05-17T19:16:29.995146	818	3.44000000e+02
1.61330171e+01	2022-05-17T19:16:29.995146	819	3.56000000e+02
1.61569191e+01	2022-05-17T19:16:30.026422	820	3.84000000e+02
1.61682854e+01	2022-05-17T19:16:30.042005	821	3.59000000e+02
1.61842194e+01	2022-05-17T19:16:30.057626	822	4.03000000e+02
1.61904571e+01	2022-05-17T19:16:30.057626	823	3.59000000e+02
1.61994613e+01	2022-05-17T19:16:30.073247	824	3.58000000e+02
1.62110152e+01	2022-05-17T19:16:30.073247	825	3.57000000e+02
1.62375964e+01	2022-05-17T19:16:30.104526	826	3.44000000e+02
1.62599717e+01	2022-05-17T19:16:30.120127	827	3.57000000e+02
1.62680183e+01	2022-05-17T19:16:30.135733	828	3.44000000e+02
1.62764782e+01	2022-05-17T19:16:30.135733	829	3.56000000e+02
1.62849661e+01	2022-05-17T19:16:30.151744	830	3.59000000e+02
1.63089476e+01	2022-05-17T19:16:30.182595	831	3.58000000e+02
1.63175113e+01	2022-05-17T19:16:30.182595	832	3.61000000e+02
1.63347499e+01	2022-05-17T19:16:30.198217	833	3.55000000e+02
1.63456924e+01	2022-05-17T19:16:30.213877	834	3.58000000e+02
1.63539580e+01	2022-05-17T19:16:30.213877	835	3.44000000e+02
1.63626522e+01	2022-05-17T19:16:30.229667	836	3.52000000e+02
1.63706954e+01	2022-05-17T19:16:30.229667	837	3.57000000e+02
1.63887071e+01	2022-05-17T19:16:30.260702	838	3.42000000e+02
1.64160967e+01	2022-05-17T19:16:30.276389	839	3.56000000e+02
1.64198003e+01	2022-05-17T19:16:30.292298	840	3.59000000e+02
1.64278554e+01	2022-05-17T19:16:30.292298	841	3.56000000e+02
1.64503665e+01	2022-05-17T19:16:30.324188	842	3.56000000e+02
1.64739141e+01	2022-05-17T19:16:30.339815	843	3.57000000e+02
1.64762293e+01	2022-05-17T19:16:30.339815	844	3.60000000e+02
1.64849783e+01	2022-05-17T19:16:30.355434	845	3.55000000e+02
1.64933743e+01	2022-05-17T19:16:30.355434	846	3.57000000e+02
1.65016369e+01	2022-05-17T19:16:30.371230	847	3.74000000e+02
1.65095616e+01	2022-05-17T19:16:30.371230	848	3.58000000e+02
1.65430371e+01	2022-05-17T19:16:30.402248	849	3.60000000e+02
1.65606572e+01	2022-05-17T19:16:30.433491	850	3.56000000e+02
1.65712857e+01	2022-05-17T19:16:30.433491	851	3.57000000e+02
1.65798685e+01	2022-05-17T19:16:30.449113	852	3.60000000e+02
1.65876782e+01	2022-05-17T19:16:30.449113	853	3.59000000e+02
1.66059471e+01	2022-05-17T19:16:30.464734	854	3.56000000e+02
1.66165051e+01	2022-05-17T19:16:30.480397	855	3.69000000e+02
1.66391053e+01	2022-05-17T19:16:30.511599	856	3.67000000e+02
1.66487781e+01	2022-05-17T19:16:30.511599	857	3.75000000e+02
1.66574622e+01	2022-05-17T19:16:30.527562	858	3.78000000e+02
1.66659730e+01	2022-05-17T19:16:30.527562	859	3.56000000e+02
1.66935483e+01	2022-05-17T19:16:30.558462	860	3.56000000e+02
1.66951177e+01	2022-05-17T19:16:30.558462	861	3.57000000e+02
1.67182598e+01	2022-05-17T19:16:30.589707	862	3.55000000e+02
1.67269394e+01	2022-05-17T19:16:30.589707	863	3.63000000e+02
1.67350397e+01	2022-05-17T19:16:30.605326	864	3.58000000e+02
1.67434279e+01	2022-05-17T19:16:30.605326	865	4.05000000e+02
1.67624901e+01	2022-05-17T19:16:30.620947	866	3.56000000e+02
1.67716381e+01	2022-05-17T19:16:30.636608	867	3.71000000e+02
1.67942500e+01	2022-05-17T19:16:30.667813	868	3.65000000e+02
1.68045597e+01	2022-05-17T19:16:30.667813	869	3.57000000e+02
1.68127930e+01	2022-05-17T19:16:30.683793	870	3.68000000e+02
1.68207847e+01	2022-05-17T19:16:30.683793	871	3.59000000e+02
1.68492828e+01	2022-05-17T19:16:30.714674	872	3.57000000e+02
1.68720892e+01	2022-05-17T19:16:30.745957	873	3.85000000e+02
1.68823082e+01	2022-05-17T19:16:30.745957	874	3.58000000e+02
1.68909847e+01	2022-05-17T19:16:30.761539	875	3.61000000e+02
1.68989035e+01	2022-05-17T19:16:30.761539	876	3.60000000e+02
1.69305991e+01	2022-05-17T19:16:30.792811	877	3.66000000e+02
1.69539199e+01	2022-05-17T19:16:30.824062	878	3.55000000e+02
1.69642783e+01	2022-05-17T19:16:30.824062	879	3.57000000e+02
1.69731621e+01	2022-05-17T19:16:30.840008	880	3.61000000e+02
1.69810564e+01	2022-05-17T19:16:30.840008	881	3.57000000e+02
1.70049093e+01	2022-05-17T19:16:30.870888	882	3.54000000e+02
1.70228796e+01	2022-05-17T19:16:30.886529	883	3.57000000e+02
1.70322851e+01	2022-05-17T19:16:30.902131	884	3.57000000e+02
1.70424903e+01	2022-05-17T19:16:30.902131	885	3.57000000e+02
1.70500902e+01	2022-05-17T19:16:30.917849	886	3.58000000e+02
1.70588156e+01	2022-05-17T19:16:30.917849	887	3.59000000e+02
1.70745680e+01	2022-05-17T19:16:30.933373	888	3.57000000e+02
1.70987066e+01	2022-05-17T19:16:30.964616	889	3.57000000e+02
1.71077642e+01	2022-05-17T19:16:30.980241	890	3.57000000e+02
1.71164840e+01	2022-05-17T19:16:30.980241	891	3.60000000e+02
1.71280902e+01	2022-05-17T19:16:30.995863	892	3.61000000e+02
1.71369058e+01	2022-05-17T19:16:30.995863	893	3.61000000e+02
1.71555640e+01	2022-05-17T19:16:31.027100	894	3.64000000e+02
1.71841313e+01	2022-05-17T19:16:31.042760	895	3.55000000e+02
1.71940330e+01	2022-05-17T19:16:31.058343	896	3.57000000e+02
1.72117468e+01	2022-05-17T19:16:31.074248	897	3.99000000e+02
1.72284952e+01	2022-05-17T19:16:31.089587	898	3.55000000e+02
1.72534798e+01	2022-05-17T19:16:31.120832	899	3.55000000e+02
1.72633858e+01	2022-05-17T19:16:31.136451	900	3.91000000e+02
1.72714996e+01	2022-05-17T19:16:31.136451	901	3.56000000e+02
1.72953897e+01	2022-05-17T19:16:31.167692	902	3.67000000e+02
1.73195750e+01	2022-05-17T19:16:31.183314	903	3.56000000e+02
1.73286305e+01	2022-05-17T19:16:31.198991	904	3.56000000e+02
1.73370610e+01	2022-05-17T19:16:31.198991	905	3.58000000e+02
1.73451511e+01	2022-05-17T19:16:31.214629	906	3.57000000e+02
1.73536912e+01	2022-05-17T19:16:31.214629	907	3.58000000e+02
1.73716001e+01	2022-05-17T19:16:31.230218	908	3.58000000e+02
1.73892325e+01	2022-05-17T19:16:31.261433	909	3.56000000e+02
1.74043826e+01	2022-05-17T19:16:31.277041	910	3.55000000e+02
1.74108702e+01	2022-05-17T19:16:31.277041	911	3.65000000e+02
1.74188543e+01	2022-05-17T19:16:31.292715	912	3.65000000e+02
1.74272058e+01	2022-05-17T19:16:31.292715	913	3.56000000e+02
1.74358670e+01	2022-05-17T19:16:31.308849	914	4.03000000e+02
1.74498662e+01	2022-05-17T19:16:31.308849	915	3.55000000e+02
1.74647314e+01	2022-05-17T19:16:31.324488	916	3.57000000e+02
1.74875395e+01	2022-05-17T19:16:31.355743	917	3.44000000e+02
1.74924369e+01	2022-05-17T19:16:31.355743	918	3.57000000e+02
1.75006393e+01	2022-05-17T19:16:31.371376	919	3.56000000e+02
1.75090233e+01	2022-05-17T19:16:31.371376	920	3.57000000e+02
1.75281502e+01	2022-05-17T19:16:31.387000	921	3.91000000e+02
1.75436846e+01	2022-05-17T19:16:31.402579	922	3.55000000e+02
1.75671420e+01	2022-05-17T19:16:31.433821	923	3.60000000e+02
1.75785418e+01	2022-05-17T19:16:31.449444	924	3.58000000e+02
1.75866901e+01	2022-05-17T19:16:31.449444	925	3.63000000e+02
1.76091186e+01	2022-05-17T19:16:31.480688	926	3.62000000e+02
1.76396392e+01	2022-05-17T19:16:31.512565	927	3.56000000e+02
1.76450788e+01	2022-05-17T19:16:31.512565	928	3.65000000e+02
1.76568877e+01	2022-05-17T19:16:31.528259	929	3.57000000e+02
1.76645824e+01	2022-05-17T19:16:31.528259	930	4.08000000e+02
1.76964040e+01	2022-05-17T19:16:31.559429	931	3.56000000e+02
1.77184154e+01	2022-05-17T19:16:31.590700	932	3.52000000e+02
1.77224867e+01	2022-05-17T19:16:31.590700	933	3.59000000e+02
1.77300296e+01	2022-05-17T19:16:31.590700	934	3.66000000e+02
1.77386946e+01	2022-05-17T19:16:31.606328	935	3.57000000e+02
1.77465726e+01	2022-05-17T19:16:31.606328	936	3.75000000e+02
1.77684380e+01	2022-05-17T19:16:31.637536	937	3.57000000e+02
1.77805917e+01	2022-05-17T19:16:31.653172	938	3.56000000e+02
1.77951879e+01	2022-05-17T19:16:31.668807	939	3.99000000e+02
1.78037973e+01	2022-05-17T19:16:31.668807	940	3.56000000e+02
1.78123356e+01	2022-05-17T19:16:31.684437	941	3.56000000e+02
1.78199792e+01	2022-05-17T19:16:31.684437	942	3.59000000e+02
1.78478773e+01	2022-05-17T19:16:31.715642	943	3.55000000e+02
1.78553845e+01	2022-05-17T19:16:31.715642	944	3.56000000e+02
1.78796693e+01	2022-05-17T19:16:31.746928	945	3.57000000e+02
1.78902151e+01	2022-05-17T19:16:31.762556	946	3.57000000e+02
1.78978142e+01	2022-05-17T19:16:31.762556	947	3.66000000e+02
1.79182625e+01	2022-05-17T19:16:31.778164	948	3.56000000e+02
1.79517413e+01	2022-05-17T19:16:31.824995	949	3.75000000e+02
1.79557929e+01	2022-05-17T19:16:31.824995	950	3.58000000e+02
1.79634029e+01	2022-05-17T19:16:31.824995	951	3.58000000e+02
1.79721086e+01	2022-05-17T19:16:31.840684	952	3.56000000e+02
1.79799011e+01	2022-05-17T19:16:31.840684	953	3.64000000e+02
1.79958201e+01	2022-05-17T19:16:31.856271	954	3.73000000e+02
1.80140250e+01	2022-05-17T19:16:31.887501	955	3.55000000e+02
1.80378893e+01	2022-05-17T19:16:31.903125	956	3.57000000e+02
1.80500127e+01	2022-05-17T19:16:31.918718	957	3.56000000e+02
1.80578151e+01	2022-05-17T19:16:31.918718	958	4.05000000e+02
1.80821785e+01	2022-05-17T19:16:31.949961	959	3.44000000e+02
1.80959071e+01	2022-05-17T19:16:31.965620	960	3.56000000e+02
1.81165500e+01	2022-05-17T19:16:31.981229	961	3.57000000e+02
1.81196287e+01	2022-05-17T19:16:31.981229	962	3.58000000e+02
1.81275363e+01	2022-05-17T19:16:31.996898	963	3.56000000e+02
1.81356027e+01	2022-05-17T19:16:31.996898	964	3.56000000e+02
1.81543795e+01	2022-05-17T19:16:32.028109	965	3.56000000e+02
1.81836416e+01	2022-05-17T19:16:32.043713	966	3.85000000e+02
1.81927358e+01	2022-05-17T19:16:32.059335	967	3.59000000e+02
1.82011616e+01	2022-05-17T19:16:32.074993	968	3.57000000e+02
1.82094019e+01	2022-05-17T19:16:32.074993	969	3.61000000e+02
1.82180222e+01	2022-05-17T19:16:32.090591	970	3.66000000e+02
1.82364271e+01	2022-05-17T19:16:32.106175	971	3.62000000e+02
1.82481073e+01	2022-05-17T19:16:32.121833	972	3.56000000e+02
1.82740691e+01	2022-05-17T19:16:32.137464	973	3.56000000e+02
1.82829231e+01	2022-05-17T19:16:32.153080	974	3.56000000e+02
1.82913889e+01	2022-05-17T19:16:32.153080	975	3.60000000e+02
1.83147719e+01	2022-05-17T19:16:32.184320	976	3.56000000e+02
1.83244105e+01	2022-05-17T19:16:32.184320	977	3.57000000e+02
1.83400931e+01	2022-05-17T19:16:32.199937	978	3.57000000e+02
1.83488621e+01	2022-05-17T19:16:32.215552	979	3.59000000e+02
1.83568185e+01	2022-05-17T19:16:32.215552	980	3.57000000e+02
1.83648529e+01	2022-05-17T19:16:32.231214	981	3.55000000e+02
1.83739614e+01	2022-05-17T19:16:32.246815	982	4.04000000e+02
1.83913283e+01	2022-05-17T19:16:32.262416	983	3.56000000e+02
1.84178540e+01	2022-05-17T19:16:32.278011	984	3.41000000e+02
1.84266845e+01	2022-05-17T19:16:32.293630	985	4.05000000e+02
1.84344360e+01	2022-05-17T19:16:32.293630	986	3.99000000e+02
1.84429054e+01	2022-05-17T19:16:32.309848	987	3.56000000e+02
1.84508693e+01	2022-05-17T19:16:32.309848	988	3.56000000e+02
1.84756449e+01	2022-05-17T19:16:32.341105	989	3.58000000e+02
1.85042017e+01	2022-05-17T19:16:32.372368	990	3.57000000e+02
1.85081921e+01	2022-05-17T19:16:32.372368	991	3.56000000e+02
1.85163600e+01	2022-05-17T19:16:32.387996	992	3.56000000e+02
1.85250353e+01	2022-05-17T19:16:32.387996	993	3.55000000e+02
1.85493925e+01	2022-05-17T19:16:32.419236	994	3.63000000e+02
1.85789921e+01	2022-05-17T19:16:32.450481	995	3.69000000e+02
1.85883644e+01	2022-05-17T19:16:32.450481	996	3.56000000e+02
1.85983917e+01	2022-05-17T19:16:32.466102	997	3.55000000e+02
1.86070835e+01	2022-05-17T19:16:32.466102	998	3.80000000e+02
1.86347342e+01	2022-05-17T19:16:32.497888	999	3.55000000e+02
1.86592019e+01	2022-05-17T19:16:32.529164	1000	3.58000000e+02