Time elapsed	Time stamp	Loop Index	GP2Y ADC
s			Cts

5.00525530e+00	2022-05-17T19:16:55.833692	1	3.68000000e+02
5.01679840e+00	2022-05-17T19:16:55.833692	2	3.72000000e+02
5.02497320e+00	2022-05-17T19:16:55.849800	3	3.82000000e+02
5.03304590e+00	2022-05-17T19:16:55.849800	4	3.75000000e+02
5.04892200e+00	2022-05-17T19:16:55.864933	5	3.73000000e+02
5.06001420e+00	2022-05-17T19:16:55.880554	6	3.71000000e+02
5.07398140e+00	2022-05-17T19:16:55.896175	7	3.72000000e+02
5.08552060e+00	2022-05-17T19:16:55.911796	8	3.75000000e+02
5.10207560e+00	2022-05-17T19:16:55.927417	9	3.72000000e+02
5.11015210e+00	2022-05-17T19:16:55.927417	10	3.77000000e+02
5.11897050e+00	2022-05-17T19:16:55.943038	11	3.75000000e+02
5.12736070e+00	2022-05-17T19:16:55.943038	12	4.15000000e+02
5.14798710e+00	2022-05-17T19:16:55.974282	13	3.79000000e+02
5.15634640e+00	2022-05-17T19:16:55.974282	14	3.72000000e+02
5.17084540e+00	2022-05-17T19:16:55.989903	15	3.72000000e+02
5.18081080e+00	2022-05-17T19:16:56.005530	16	3.72000000e+02
5.19039370e+00	2022-05-17T19:16:56.005530	17	4.02000000e+02
5.21153980e+00	2022-05-17T19:16:56.036767	18	3.74000000e+02
5.23076580e+00	2022-05-17T19:16:56.052388	19	4.22000000e+02
5.24205330e+00	2022-05-17T19:16:56.068008	20	3.73000000e+02
5.25001470e+00	2022-05-17T19:16:56.068008	21	3.72000000e+02
5.27251080e+00	2022-05-17T19:16:56.099252	22	3.72000000e+02
5.29246950e+00	2022-05-17T19:16:56.114879	23	3.71000000e+02
5.30063770e+00	2022-05-17T19:16:56.130503	24	3.72000000e+02
5.31158570e+00	2022-05-17T19:16:56.130503	25	3.72000000e+02
5.32041140e+00	2022-05-17T19:16:56.146155	26	3.71000000e+02
5.33209500e+00	2022-05-17T19:16:56.161744	27	3.74000000e+02
5.35828090e+00	2022-05-17T19:16:56.177358	28	3.72000000e+02
5.37240910e+00	2022-05-17T19:16:56.192982	29	3.71000000e+02
5.38118220e+00	2022-05-17T19:16:56.208601	30	4.23000000e+02
5.39015110e+00	2022-05-17T19:16:56.208601	31	3.82000000e+02
5.41335380e+00	2022-05-17T19:16:56.239843	32	3.72000000e+02
5.42785000e+00	2022-05-17T19:16:56.255465	33	3.60000000e+02
5.43845310e+00	2022-05-17T19:16:56.255465	34	3.71000000e+02
5.44651310e+00	2022-05-17T19:16:56.271086	35	3.72000000e+02
5.45502110e+00	2022-05-17T19:16:56.271086	36	3.72000000e+02
5.47595640e+00	2022-05-17T19:16:56.302871	37	3.68000000e+02
5.48495630e+00	2022-05-17T19:16:56.302871	38	3.72000000e+02
5.49801390e+00	2022-05-17T19:16:56.318502	39	3.72000000e+02
5.50852540e+00	2022-05-17T19:16:56.334116	40	3.73000000e+02
5.51641880e+00	2022-05-17T19:16:56.334116	41	3.73000000e+02
5.53959660e+00	2022-05-17T19:16:56.365359	42	3.72000000e+02
5.54904690e+00	2022-05-17T19:16:56.365359	43	3.79000000e+02
5.56306100e+00	2022-05-17T19:16:56.380981	44	3.71000000e+02
5.57425790e+00	2022-05-17T19:16:56.396655	45	3.92000000e+02
5.60674350e+00	2022-05-17T19:16:56.427844	46	3.71000000e+02
5.62083730e+00	2022-05-17T19:16:56.443467	47	3.71000000e+02
5.63102930e+00	2022-05-17T19:16:56.459086	48	3.78000000e+02
5.63960780e+00	2022-05-17T19:16:56.459086	49	3.72000000e+02
5.65575040e+00	2022-05-17T19:16:56.474708	50	3.72000000e+02
5.66136740e+00	2022-05-17T19:16:56.490888	51	3.75000000e+02
5.68544210e+00	2022-05-17T19:16:56.506536	52	3.72000000e+02
5.68813290e+00	2022-05-17T19:16:56.506536	53	3.72000000e+02
5.69671970e+00	2022-05-17T19:16:56.522312	54	3.74000000e+02
5.70643000e+00	2022-05-17T19:16:56.522312	55	3.64000000e+02
5.73904760e+00	2022-05-17T19:16:56.569020	56	3.71000000e+02
5.74779620e+00	2022-05-17T19:16:56.569020	57	3.72000000e+02
5.75805130e+00	2022-05-17T19:16:56.584681	58	3.73000000e+02
5.76689590e+00	2022-05-17T19:16:56.584681	59	3.75000000e+02
5.78960610e+00	2022-05-17T19:16:56.615886	60	3.79000000e+02
5.81072030e+00	2022-05-17T19:16:56.631509	61	3.74000000e+02
5.81945900e+00	2022-05-17T19:16:56.647478	62	3.79000000e+02
5.82770990e+00	2022-05-17T19:16:56.647478	63	3.72000000e+02
5.85344600e+00	2022-05-17T19:16:56.678369	64	3.79000000e+02
5.86939020e+00	2022-05-17T19:16:56.693991	65	3.81000000e+02
5.88125020e+00	2022-05-17T19:16:56.709622	66	3.72000000e+02
5.88967280e+00	2022-05-17T19:16:56.709622	67	3.68000000e+02
5.91511690e+00	2022-05-17T19:16:56.740854	68	3.71000000e+02
5.93611310e+00	2022-05-17T19:16:56.756481	69	3.68000000e+02
5.94710560e+00	2022-05-17T19:16:56.772097	70	3.84000000e+02
5.97520970e+00	2022-05-17T19:16:56.803339	71	3.72000000e+02
5.98731020e+00	2022-05-17T19:16:56.803339	72	3.72000000e+02
6.00102120e+00	2022-05-17T19:16:56.818961	73	3.77000000e+02
6.01166800e+00	2022-05-17T19:16:56.834582	74	3.75000000e+02
6.01984330e+00	2022-05-17T19:16:56.834582	75	3.73000000e+02
6.04048850e+00	2022-05-17T19:16:56.865842	76	3.71000000e+02
6.04285570e+00	2022-05-17T19:16:56.865842	77	3.72000000e+02
6.05784730e+00	2022-05-17T19:16:56.881446	78	3.72000000e+02
6.06896180e+00	2022-05-17T19:16:56.897068	79	4.15000000e+02
6.07733730e+00	2022-05-17T19:16:56.897068	80	3.72000000e+02
6.08554720e+00	2022-05-17T19:16:56.912720	81	3.95000000e+02
6.09414570e+00	2022-05-17T19:16:56.912720	82	3.73000000e+02
6.12114900e+00	2022-05-17T19:16:56.943931	83	3.97000000e+02
6.13581740e+00	2022-05-17T19:16:56.959553	84	3.72000000e+02
6.14680320e+00	2022-05-17T19:16:56.975174	85	3.72000000e+02
6.15565960e+00	2022-05-17T19:16:56.975174	86	3.71000000e+02
6.18617690e+00	2022-05-17T19:16:57.006418	87	3.72000000e+02
6.20048810e+00	2022-05-17T19:16:57.022038	88	3.73000000e+02
6.20851300e+00	2022-05-17T19:16:57.037660	89	4.15000000e+02
6.21656170e+00	2022-05-17T19:16:57.037660	90	3.78000000e+02
6.23880430e+00	2022-05-17T19:16:57.068902	91	3.71000000e+02
6.24965150e+00	2022-05-17T19:16:57.068902	92	3.77000000e+02
6.26369700e+00	2022-05-17T19:16:57.084523	93	3.77000000e+02
6.27408470e+00	2022-05-17T19:16:57.100143	94	3.85000000e+02
6.28221560e+00	2022-05-17T19:16:57.100143	95	3.74000000e+02
6.30456760e+00	2022-05-17T19:16:57.131386	96	3.73000000e+02
6.32551930e+00	2022-05-17T19:16:57.147007	97	3.60000000e+02
6.33533180e+00	2022-05-17T19:16:57.162630	98	3.60000000e+02
6.34393420e+00	2022-05-17T19:16:57.162630	99	3.72000000e+02
6.36818890e+00	2022-05-17T19:16:57.193871	100	3.77000000e+02
6.37811320e+00	2022-05-17T19:16:57.193871	101	3.79000000e+02
6.39247940e+00	2022-05-17T19:16:57.209527	102	3.78000000e+02
6.40095410e+00	2022-05-17T19:16:57.225115	103	3.83000000e+02
6.40940210e+00	2022-05-17T19:16:57.225115	104	3.76000000e+02
6.43005770e+00	2022-05-17T19:16:57.256358	105	3.73000000e+02
6.44510860e+00	2022-05-17T19:16:57.271978	106	3.73000000e+02
6.45434770e+00	2022-05-17T19:16:57.271978	107	3.72000000e+02
6.46254810e+00	2022-05-17T19:16:57.287600	108	3.72000000e+02
6.47108090e+00	2022-05-17T19:16:57.287600	109	4.02000000e+02
6.48944460e+00	2022-05-17T19:16:57.319470	110	3.71000000e+02
6.50058650e+00	2022-05-17T19:16:57.319470	111	3.71000000e+02
6.51606650e+00	2022-05-17T19:16:57.335101	112	3.80000000e+02
6.52383750e+00	2022-05-17T19:16:57.350714	113	4.18000000e+02
6.53204920e+00	2022-05-17T19:16:57.350714	114	3.74000000e+02
6.56314670e+00	2022-05-17T19:16:57.381972	115	3.78000000e+02
6.57797950e+00	2022-05-17T19:16:57.397577	116	3.71000000e+02
6.59006620e+00	2022-05-17T19:16:57.413199	117	3.92000000e+02
6.61871150e+00	2022-05-17T19:16:57.444516	118	3.71000000e+02
6.62898550e+00	2022-05-17T19:16:57.444516	119	3.82000000e+02
6.64465340e+00	2022-05-17T19:16:57.460182	120	4.07000000e+02
6.65500640e+00	2022-05-17T19:16:57.475759	121	3.74000000e+02
6.68365250e+00	2022-05-17T19:16:57.507573	122	3.93000000e+02
6.68912100e+00	2022-05-17T19:16:57.507573	123	3.76000000e+02
6.70377960e+00	2022-05-17T19:16:57.523201	124	3.73000000e+02
6.71226440e+00	2022-05-17T19:16:57.538816	125	3.81000000e+02
6.72091390e+00	2022-05-17T19:16:57.538816	126	3.92000000e+02
6.74884630e+00	2022-05-17T19:16:57.570058	127	3.68000000e+02
6.76860860e+00	2022-05-17T19:16:57.585683	128	4.07000000e+02
6.77817080e+00	2022-05-17T19:16:57.601337	129	3.72000000e+02
6.78597830e+00	2022-05-17T19:16:57.601337	130	3.72000000e+02
6.81393530e+00	2022-05-17T19:16:57.632579	131	3.74000000e+02
6.83162630e+00	2022-05-17T19:16:57.648166	132	3.83000000e+02
6.84032050e+00	2022-05-17T19:16:57.663787	133	3.74000000e+02
6.86974430e+00	2022-05-17T19:16:57.695034	134	3.76000000e+02
6.88145290e+00	2022-05-17T19:16:57.710673	135	4.00000000e+02
6.89545900e+00	2022-05-17T19:16:57.710673	136	3.72000000e+02
6.90517500e+00	2022-05-17T19:16:57.726272	137	3.72000000e+02
6.91900700e+00	2022-05-17T19:16:57.741892	138	3.72000000e+02
6.93262550e+00	2022-05-17T19:16:57.757514	139	3.74000000e+02
6.94335990e+00	2022-05-17T19:16:57.773142	140	3.74000000e+02
6.95937740e+00	2022-05-17T19:16:57.788758	141	3.73000000e+02
6.97063300e+00	2022-05-17T19:16:57.788758	142	3.72000000e+02
6.97875660e+00	2022-05-17T19:16:57.804378	143	3.82000000e+02
6.98693680e+00	2022-05-17T19:16:57.804378	144	3.72000000e+02
7.01319320e+00	2022-05-17T19:16:57.835620	145	3.71000000e+02
7.03305580e+00	2022-05-17T19:16:57.851280	146	3.72000000e+02
7.03597650e+00	2022-05-17T19:16:57.851280	147	4.18000000e+02
7.04412710e+00	2022-05-17T19:16:57.866868	148	3.79000000e+02
7.05216370e+00	2022-05-17T19:16:57.882486	149	3.76000000e+02
7.07118230e+00	2022-05-17T19:16:57.898111	150	4.36000000e+02
7.08876370e+00	2022-05-17T19:16:57.913728	151	3.75000000e+02
7.09834600e+00	2022-05-17T19:16:57.913728	152	3.72000000e+02
7.10954630e+00	2022-05-17T19:16:57.929349	153	3.76000000e+02
7.13277200e+00	2022-05-17T19:16:57.960592	154	3.71000000e+02
7.13551800e+00	2022-05-17T19:16:57.960592	155	3.96000000e+02
7.15320300e+00	2022-05-17T19:16:57.976254	156	3.72000000e+02
7.16524590e+00	2022-05-17T19:16:57.991834	157	3.75000000e+02
7.17504860e+00	2022-05-17T19:16:57.991834	158	3.78000000e+02
7.19643750e+00	2022-05-17T19:16:58.023076	159	3.77000000e+02
7.21976860e+00	2022-05-17T19:16:58.038698	160	3.85000000e+02
7.22409280e+00	2022-05-17T19:16:58.054319	161	3.72000000e+02
7.23229590e+00	2022-05-17T19:16:58.054319	162	4.23000000e+02
7.24713940e+00	2022-05-17T19:16:58.069946	163	3.72000000e+02
7.26907620e+00	2022-05-17T19:16:58.085562	164	3.71000000e+02
7.28431280e+00	2022-05-17T19:16:58.101182	165	3.72000000e+02
7.28963890e+00	2022-05-17T19:16:58.116803	166	3.73000000e+02
7.29765030e+00	2022-05-17T19:16:58.116803	167	3.90000000e+02
7.31795010e+00	2022-05-17T19:16:58.148046	168	3.75000000e+02
7.33111380e+00	2022-05-17T19:16:58.148046	169	3.74000000e+02
7.34695000e+00	2022-05-17T19:16:58.163668	170	3.72000000e+02
7.35561420e+00	2022-05-17T19:16:58.179288	171	3.73000000e+02
7.36336840e+00	2022-05-17T19:16:58.179288	172	3.71000000e+02
7.38431940e+00	2022-05-17T19:16:58.210570	173	3.75000000e+02
7.39636320e+00	2022-05-17T19:16:58.226155	174	3.74000000e+02
7.40852370e+00	2022-05-17T19:16:58.226155	175	3.73000000e+02
7.41650070e+00	2022-05-17T19:16:58.241780	176	3.64000000e+02
7.42513860e+00	2022-05-17T19:16:58.241780	177	3.72000000e+02
7.45434550e+00	2022-05-17T19:16:58.273017	178	3.76000000e+02
7.46477250e+00	2022-05-17T19:16:58.288640	179	4.04000000e+02
7.47428700e+00	2022-05-17T19:16:58.304297	180	3.95000000e+02
7.48227420e+00	2022-05-17T19:16:58.304803	181	3.71000000e+02
7.49961790e+00	2022-05-17T19:16:58.320429	182	3.71000000e+02
7.51140990e+00	2022-05-17T19:16:58.336076	183	3.77000000e+02
7.52028460e+00	2022-05-17T19:16:58.336076	184	3.72000000e+02
7.53490770e+00	2022-05-17T19:16:58.351671	185	3.77000000e+02
7.54364130e+00	2022-05-17T19:16:58.367291	186	4.23000000e+02
7.55184100e+00	2022-05-17T19:16:58.367291	187	3.74000000e+02
7.57200660e+00	2022-05-17T19:16:58.398533	188	3.71000000e+02
7.59663750e+00	2022-05-17T19:16:58.414156	189	3.75000000e+02
7.60537320e+00	2022-05-17T19:16:58.429814	190	3.79000000e+02
7.61328410e+00	2022-05-17T19:16:58.429814	191	3.78000000e+02
7.63996690e+00	2022-05-17T19:16:58.461019	192	4.14000000e+02
7.65904060e+00	2022-05-17T19:16:58.476677	193	3.75000000e+02
7.67042160e+00	2022-05-17T19:16:58.492823	194	3.72000000e+02
7.67909530e+00	2022-05-17T19:16:58.508473	195	4.14000000e+02
7.68687010e+00	2022-05-17T19:16:58.508473	196	3.60000000e+02
7.70209670e+00	2022-05-17T19:16:58.524069	197	3.72000000e+02
7.71492920e+00	2022-05-17T19:16:58.539691	198	3.72000000e+02
7.73344810e+00	2022-05-17T19:16:58.555314	199	3.71000000e+02
7.74422200e+00	2022-05-17T19:16:58.570933	200	3.72000000e+02
7.75286810e+00	2022-05-17T19:16:58.570933	201	3.76000000e+02
7.76086490e+00	2022-05-17T19:16:58.586554	202	3.76000000e+02
7.76945950e+00	2022-05-17T19:16:58.586554	203	3.77000000e+02
7.80044700e+00	2022-05-17T19:16:58.617797	204	3.72000000e+02
7.81704480e+00	2022-05-17T19:16:58.633419	205	3.96000000e+02
7.82614590e+00	2022-05-17T19:16:58.649056	206	3.72000000e+02
7.83426990e+00	2022-05-17T19:16:58.649056	207	4.15000000e+02
7.85967890e+00	2022-05-17T19:16:58.680282	208	3.93000000e+02
7.88166920e+00	2022-05-17T19:16:58.711524	209	3.76000000e+02
7.89235760e+00	2022-05-17T19:16:58.711524	210	3.77000000e+02
7.90432430e+00	2022-05-17T19:16:58.727145	211	3.77000000e+02
7.91227310e+00	2022-05-17T19:16:58.727145	212	3.61000000e+02
7.93953270e+00	2022-05-17T19:16:58.758425	213	3.60000000e+02
7.95683390e+00	2022-05-17T19:16:58.774020	214	3.77000000e+02
7.96532400e+00	2022-05-17T19:16:58.789630	215	3.82000000e+02
7.97406210e+00	2022-05-17T19:16:58.789630	216	3.83000000e+02
7.99307500e+00	2022-05-17T19:16:58.820873	217	3.76000000e+02
8.01242560e+00	2022-05-17T19:16:58.836495	218	3.95000000e+02
8.02246140e+00	2022-05-17T19:16:58.852115	219	3.75000000e+02
8.03100930e+00	2022-05-17T19:16:58.852115	220	3.77000000e+02
8.04014480e+00	2022-05-17T19:16:58.867738	221	3.68000000e+02
8.05162970e+00	2022-05-17T19:16:58.867738	222	3.78000000e+02
8.07728850e+00	2022-05-17T19:16:58.898981	223	3.72000000e+02
8.09655920e+00	2022-05-17T19:16:58.914601	224	3.80000000e+02
8.09836630e+00	2022-05-17T19:16:58.914601	225	3.72000000e+02
8.10920220e+00	2022-05-17T19:16:58.930259	226	3.76000000e+02
8.11772880e+00	2022-05-17T19:16:58.945843	227	3.78000000e+02
8.12916880e+00	2022-05-17T19:16:58.945843	228	3.83000000e+02
8.16882950e+00	2022-05-17T19:16:58.992719	229	3.70000000e+02
8.17776850e+00	2022-05-17T19:16:58.992719	230	3.72000000e+02
8.18669590e+00	2022-05-17T19:16:59.008353	231	3.83000000e+02
8.21442920e+00	2022-05-17T19:16:59.039573	232	3.80000000e+02
8.23189940e+00	2022-05-17T19:16:59.055199	233	3.73000000e+02
8.24023240e+00	2022-05-17T19:16:59.055199	234	4.00000000e+02
8.24798380e+00	2022-05-17T19:16:59.070837	235	3.60000000e+02
8.25686490e+00	2022-05-17T19:16:59.086436	236	3.71000000e+02
8.28178600e+00	2022-05-17T19:16:59.102065	237	3.76000000e+02
8.29353380e+00	2022-05-17T19:16:59.117682	238	3.76000000e+02
8.30177790e+00	2022-05-17T19:16:59.117682	239	3.72000000e+02
8.30956550e+00	2022-05-17T19:16:59.133299	240	3.93000000e+02
8.31836020e+00	2022-05-17T19:16:59.133299	241	4.19000000e+02
8.33848420e+00	2022-05-17T19:16:59.164543	242	3.71000000e+02
8.36295280e+00	2022-05-17T19:16:59.180165	243	3.71000000e+02
8.37136090e+00	2022-05-17T19:16:59.196282	244	3.74000000e+02
8.37916950e+00	2022-05-17T19:16:59.196282	245	3.72000000e+02
8.40067100e+00	2022-05-17T19:16:59.227028	246	3.73000000e+02
8.42314570e+00	2022-05-17T19:16:59.242647	247	3.77000000e+02
8.43293790e+00	2022-05-17T19:16:59.258269	248	3.77000000e+02
8.44061620e+00	2022-05-17T19:16:59.258269	249	3.81000000e+02
8.44914560e+00	2022-05-17T19:16:59.273929	250	4.00000000e+02
8.45714670e+00	2022-05-17T19:16:59.273929	251	3.72000000e+02
8.50536110e+00	2022-05-17T19:16:59.321288	252	3.73000000e+02
8.51525110e+00	2022-05-17T19:16:59.336910	253	3.60000000e+02
8.52676720e+00	2022-05-17T19:16:59.352531	254	3.72000000e+02
8.53561850e+00	2022-05-17T19:16:59.352531	255	3.76000000e+02
8.57814560e+00	2022-05-17T19:16:59.399395	256	3.81000000e+02
8.58864760e+00	2022-05-17T19:16:59.415020	257	3.89000000e+02
8.60034120e+00	2022-05-17T19:16:59.430639	258	3.87000000e+02
8.60886350e+00	2022-05-17T19:16:59.430639	259	3.75000000e+02
8.61658550e+00	2022-05-17T19:16:59.446258	260	3.71000000e+02
8.64863450e+00	2022-05-17T19:16:59.477502	261	3.76000000e+02
8.66398140e+00	2022-05-17T19:16:59.493828	262	3.82000000e+02
8.67435890e+00	2022-05-17T19:16:59.494333	263	3.68000000e+02
8.68266290e+00	2022-05-17T19:16:59.509958	264	3.77000000e+02
8.69041540e+00	2022-05-17T19:16:59.509958	265	3.72000000e+02
8.71593010e+00	2022-05-17T19:16:59.541200	266	3.71000000e+02
8.74431100e+00	2022-05-17T19:16:59.572445	267	4.01000000e+02
8.75242280e+00	2022-05-17T19:16:59.572445	268	4.15000000e+02
8.76428350e+00	2022-05-17T19:16:59.588065	269	3.75000000e+02
8.77644680e+00	2022-05-17T19:16:59.603686	270	4.22000000e+02
8.82135380e+00	2022-05-17T19:16:59.650551	271	3.70000000e+02
8.82585870e+00	2022-05-17T19:16:59.650551	272	3.83000000e+02
8.83411190e+00	2022-05-17T19:16:59.650551	273	3.72000000e+02
8.84230660e+00	2022-05-17T19:16:59.666173	274	3.72000000e+02
8.85031090e+00	2022-05-17T19:16:59.666173	275	3.81000000e+02
8.87897160e+00	2022-05-17T19:16:59.697412	276	3.71000000e+02
8.89672960e+00	2022-05-17T19:16:59.713034	277	3.83000000e+02
8.89973490e+00	2022-05-17T19:16:59.728656	278	3.72000000e+02
8.90778480e+00	2022-05-17T19:16:59.728656	279	3.60000000e+02
8.92978590e+00	2022-05-17T19:16:59.759899	280	3.71000000e+02
8.94890720e+00	2022-05-17T19:16:59.775520	281	3.71000000e+02
8.96268380e+00	2022-05-17T19:16:59.791143	282	3.75000000e+02
8.97321560e+00	2022-05-17T19:16:59.791143	283	3.99000000e+02
8.98184600e+00	2022-05-17T19:16:59.806762	284	4.15000000e+02
9.01570820e+00	2022-05-17T19:16:59.838004	285	3.76000000e+02
9.02682890e+00	2022-05-17T19:16:59.853625	286	3.71000000e+02
9.03501490e+00	2022-05-17T19:16:59.853625	287	3.73000000e+02
9.04272020e+00	2022-05-17T19:16:59.869274	288	3.76000000e+02
9.05109160e+00	2022-05-17T19:16:59.869274	289	3.77000000e+02
9.07776510e+00	2022-05-17T19:16:59.900489	290	3.71000000e+02
9.09330710e+00	2022-05-17T19:16:59.916115	291	3.79000000e+02
9.10408550e+00	2022-05-17T19:16:59.931732	292	3.79000000e+02
9.11217950e+00	2022-05-17T19:16:59.931732	293	3.72000000e+02
9.13691730e+00	2022-05-17T19:16:59.962976	294	3.94000000e+02
9.14779250e+00	2022-05-17T19:16:59.962976	295	3.78000000e+02
9.16598870e+00	2022-05-17T19:16:59.994219	296	3.83000000e+02
9.17445690e+00	2022-05-17T19:16:59.994219	297	3.79000000e+02
9.18599870e+00	2022-05-17T19:17:00.009839	298	3.81000000e+02
9.19424740e+00	2022-05-17T19:17:00.009839	299	3.76000000e+02
9.22263610e+00	2022-05-17T19:17:00.041122	300	3.77000000e+02
9.24134080e+00	2022-05-17T19:17:00.056703	301	3.75000000e+02
9.24361330e+00	2022-05-17T19:17:00.072324	302	3.83000000e+02
9.25209980e+00	2022-05-17T19:17:00.072324	303	3.94000000e+02
9.25987500e+00	2022-05-17T19:17:00.087945	304	3.68000000e+02
9.26782760e+00	2022-05-17T19:17:00.087945	305	3.92000000e+02
9.28989340e+00	2022-05-17T19:17:00.119187	306	3.72000000e+02
9.30943910e+00	2022-05-17T19:17:00.134810	307	3.71000000e+02
9.31748890e+00	2022-05-17T19:17:00.134810	308	4.09000000e+02
9.32551260e+00	2022-05-17T19:17:00.150431	309	3.85000000e+02
9.33313600e+00	2022-05-17T19:17:00.150431	310	4.15000000e+02
9.36010840e+00	2022-05-17T19:17:00.181691	311	3.75000000e+02
9.37872780e+00	2022-05-17T19:17:00.197300	312	3.75000000e+02
9.38681060e+00	2022-05-17T19:17:00.212950	313	4.15000000e+02
9.39485960e+00	2022-05-17T19:17:00.212950	314	3.76000000e+02
9.40308740e+00	2022-05-17T19:17:00.228564	315	3.76000000e+02
9.41127630e+00	2022-05-17T19:17:00.228564	316	4.12000000e+02
9.43185010e+00	2022-05-17T19:17:00.259812	317	3.76000000e+02
9.45096620e+00	2022-05-17T19:17:00.275402	318	3.76000000e+02
9.46026600e+00	2022-05-17T19:17:00.275402	319	3.81000000e+02
9.46860050e+00	2022-05-17T19:17:00.291058	320	3.76000000e+02
9.47720910e+00	2022-05-17T19:17:00.307274	321	3.77000000e+02
9.49281280e+00	2022-05-17T19:17:00.322900	322	3.68000000e+02
9.49910550e+00	2022-05-17T19:17:00.322900	323	3.90000000e+02
9.52503850e+00	2022-05-17T19:17:00.354142	324	3.76000000e+02
9.53404360e+00	2022-05-17T19:17:00.354142	325	3.76000000e+02
9.54260340e+00	2022-05-17T19:17:00.369804	326	3.76000000e+02
9.55053050e+00	2022-05-17T19:17:00.369804	327	3.75000000e+02
9.57332960e+00	2022-05-17T19:17:00.401006	328	3.75000000e+02
9.59274580e+00	2022-05-17T19:17:00.416628	329	3.73000000e+02
9.60380580e+00	2022-05-17T19:17:00.432247	330	3.79000000e+02
9.61189460e+00	2022-05-17T19:17:00.432247	331	3.72000000e+02
9.63593680e+00	2022-05-17T19:17:00.463492	332	3.75000000e+02
9.65945740e+00	2022-05-17T19:17:00.479111	333	3.79000000e+02
9.66968340e+00	2022-05-17T19:17:00.495343	334	3.74000000e+02
9.67758570e+00	2022-05-17T19:17:00.495343	335	3.60000000e+02
9.68596140e+00	2022-05-17T19:17:00.510968	336	3.73000000e+02
9.69394180e+00	2022-05-17T19:17:00.510968	337	3.72000000e+02
9.71615040e+00	2022-05-17T19:17:00.542209	338	4.14000000e+02
9.72967970e+00	2022-05-17T19:17:00.557839	339	3.74000000e+02
9.74398760e+00	2022-05-17T19:17:00.573454	340	3.75000000e+02
9.75135060e+00	2022-05-17T19:17:00.573454	341	3.77000000e+02
9.75940690e+00	2022-05-17T19:17:00.589108	342	3.76000000e+02
9.76786310e+00	2022-05-17T19:17:00.589108	343	3.77000000e+02
9.78316960e+00	2022-05-17T19:17:00.604713	344	3.77000000e+02
9.79369400e+00	2022-05-17T19:17:00.620315	345	3.83000000e+02
9.81476230e+00	2022-05-17T19:17:00.635938	346	3.75000000e+02
9.82285820e+00	2022-05-17T19:17:00.651560	347	3.75000000e+02
9.83290400e+00	2022-05-17T19:17:00.651560	348	3.94000000e+02
9.84141160e+00	2022-05-17T19:17:00.667216	349	3.76000000e+02
9.84959150e+00	2022-05-17T19:17:00.667216	350	3.85000000e+02
9.87365540e+00	2022-05-17T19:17:00.698457	351	3.81000000e+02
9.88406550e+00	2022-05-17T19:17:00.714088	352	3.77000000e+02
9.90109580e+00	2022-05-17T19:17:00.729670	353	3.75000000e+02
9.91097360e+00	2022-05-17T19:17:00.729670	354	3.88000000e+02
9.91971970e+00	2022-05-17T19:17:00.745287	355	4.15000000e+02
9.92748650e+00	2022-05-17T19:17:00.745287	356	3.94000000e+02
9.95187990e+00	2022-05-17T19:17:00.776567	357	3.83000000e+02
9.97203910e+00	2022-05-17T19:17:00.792151	358	3.73000000e+02
9.98079450e+00	2022-05-17T19:17:00.807772	359	3.75000000e+02
9.98968000e+00	2022-05-17T19:17:00.807772	360	3.77000000e+02
1.00012930e+01	2022-05-17T19:17:00.823392	361	3.76000000e+02
1.00094342e+01	2022-05-17T19:17:00.839013	362	4.15000000e+02
1.00276979e+01	2022-05-17T19:17:00.854635	363	3.85000000e+02
1.00539377e+01	2022-05-17T19:17:00.870291	364	3.77000000e+02
1.00554482e+01	2022-05-17T19:17:00.870291	365	3.75000000e+02
1.00664844e+01	2022-05-17T19:17:00.885908	366	3.78000000e+02
1.00942332e+01	2022-05-17T19:17:00.917126	367	3.75000000e+02
1.01041985e+01	2022-05-17T19:17:00.932742	368	3.89000000e+02
1.01166426e+01	2022-05-17T19:17:00.932742	369	3.68000000e+02
1.01285223e+01	2022-05-17T19:17:00.948392	370	4.11000000e+02
1.01367570e+01	2022-05-17T19:17:00.963985	371	3.72000000e+02
1.01456211e+01	2022-05-17T19:17:00.963985	372	3.74000000e+02
1.01809888e+01	2022-05-17T19:17:01.010888	373	3.75000000e+02
1.01957171e+01	2022-05-17T19:17:01.010888	374	3.85000000e+02
1.02060292e+01	2022-05-17T19:17:01.026511	375	3.80000000e+02
1.02141513e+01	2022-05-17T19:17:01.042131	376	3.76000000e+02
1.02229520e+01	2022-05-17T19:17:01.042131	377	3.75000000e+02
1.02480035e+01	2022-05-17T19:17:01.073365	378	3.76000000e+02
1.02756327e+01	2022-05-17T19:17:01.104577	379	3.71000000e+02
1.02836951e+01	2022-05-17T19:17:01.104577	380	3.89000000e+02
1.02920509e+01	2022-05-17T19:17:01.120198	381	3.76000000e+02
1.03000168e+01	2022-05-17T19:17:01.120198	382	3.78000000e+02
1.03265173e+01	2022-05-17T19:17:01.151442	383	3.75000000e+02
1.03468809e+01	2022-05-17T19:17:01.167062	384	3.81000000e+02
1.03531588e+01	2022-05-17T19:17:01.182682	385	3.76000000e+02
1.03577314e+01	2022-05-17T19:17:01.182682	386	3.76000000e+02
1.03656826e+01	2022-05-17T19:17:01.182682	387	3.75000000e+02
1.03738638e+01	2022-05-17T19:17:01.198304	388	3.81000000e+02
1.03819744e+01	2022-05-17T19:17:01.198304	389	3.76000000e+02
1.04030819e+01	2022-05-17T19:17:01.229546	390	3.77000000e+02
1.04062377e+01	2022-05-17T19:17:01.229546	391	3.76000000e+02
1.04263050e+01	2022-05-17T19:17:01.245168	392	3.76000000e+02
1.04278077e+01	2022-05-17T19:17:01.245168	393	3.76000000e+02
1.04394402e+01	2022-05-17T19:17:01.260821	394	3.77000000e+02
1.04482509e+01	2022-05-17T19:17:01.276510	395	3.76000000e+02
1.04559341e+01	2022-05-17T19:17:01.276510	396	3.77000000e+02
1.04798349e+01	2022-05-17T19:17:01.308213	397	3.75000000e+02
1.04932701e+01	2022-05-17T19:17:01.308213	398	3.64000000e+02
1.05042410e+01	2022-05-17T19:17:01.323836	399	3.86000000e+02
1.05128827e+01	2022-05-17T19:17:01.339459	400	4.26000000e+02
1.05214917e+01	2022-05-17T19:17:01.339459	401	3.76000000e+02
1.05292241e+01	2022-05-17T19:17:01.355080	402	3.77000000e+02
1.05397264e+01	2022-05-17T19:17:01.355080	403	3.78000000e+02
1.05591604e+01	2022-05-17T19:17:01.386322	404	3.75000000e+02
1.05857207e+01	2022-05-17T19:17:01.401944	405	3.76000000e+02
1.05950469e+01	2022-05-17T19:17:01.417744	406	4.15000000e+02
1.06036150e+01	2022-05-17T19:17:01.433199	407	3.76000000e+02
1.06482168e+01	2022-05-17T19:17:01.464431	408	3.76000000e+02
1.06565806e+01	2022-05-17T19:17:01.480091	409	3.88000000e+02
1.06651787e+01	2022-05-17T19:17:01.480091	410	4.21000000e+02
1.06774378e+01	2022-05-17T19:17:01.496437	411	3.75000000e+02
1.07034892e+01	2022-05-17T19:17:01.527719	412	3.79000000e+02
1.07242643e+01	2022-05-17T19:17:01.543305	413	3.76000000e+02
1.07322570e+01	2022-05-17T19:17:01.558925	414	3.75000000e+02
1.07423021e+01	2022-05-17T19:17:01.558925	415	4.01000000e+02
1.07511624e+01	2022-05-17T19:17:01.574904	416	3.94000000e+02
1.07591491e+01	2022-05-17T19:17:01.574904	417	3.76000000e+02
1.07905764e+01	2022-05-17T19:17:01.605791	418	3.75000000e+02
1.08111484e+01	2022-05-17T19:17:01.637031	419	3.75000000e+02
1.08203648e+01	2022-05-17T19:17:01.637031	420	3.64000000e+02
1.08283521e+01	2022-05-17T19:17:01.652653	421	3.83000000e+02
1.08373117e+01	2022-05-17T19:17:01.652653	422	3.75000000e+02
1.08661785e+01	2022-05-17T19:17:01.683896	423	3.76000000e+02
1.08873448e+01	2022-05-17T19:17:01.715138	424	3.75000000e+02
1.08987826e+01	2022-05-17T19:17:01.715138	425	3.89000000e+02
1.09067399e+01	2022-05-17T19:17:01.730760	426	3.79000000e+02
1.09147433e+01	2022-05-17T19:17:01.730760	427	3.76000000e+02
1.09366236e+01	2022-05-17T19:17:01.762003	428	4.15000000e+02
1.09631158e+01	2022-05-17T19:17:01.793246	429	3.76000000e+02
1.09726715e+01	2022-05-17T19:17:01.793246	430	4.23000000e+02
1.09838551e+01	2022-05-17T19:17:01.808865	431	3.77000000e+02
1.09922096e+01	2022-05-17T19:17:01.808865	432	3.76000000e+02
1.10162706e+01	2022-05-17T19:17:01.840109	433	3.76000000e+02
1.10424397e+01	2022-05-17T19:17:01.871351	434	3.87000000e+02
1.10503872e+01	2022-05-17T19:17:01.871351	435	3.76000000e+02
1.10620929e+01	2022-05-17T19:17:01.887037	436	3.76000000e+02
1.10717047e+01	2022-05-17T19:17:01.887037	437	3.76000000e+02
1.10876961e+01	2022-05-17T19:17:01.902593	438	3.77000000e+02
1.11093654e+01	2022-05-17T19:17:01.933836	439	3.75000000e+02
1.11192589e+01	2022-05-17T19:17:01.949458	440	3.85000000e+02
1.11273717e+01	2022-05-17T19:17:01.949458	441	3.76000000e+02
1.11354777e+01	2022-05-17T19:17:01.965078	442	4.06000000e+02
1.11665364e+01	2022-05-17T19:17:01.996323	443	3.75000000e+02
1.11809696e+01	2022-05-17T19:17:01.996323	444	3.76000000e+02
1.11888973e+01	2022-05-17T19:17:02.011979	445	3.76000000e+02
1.11971922e+01	2022-05-17T19:17:02.011979	446	3.68000000e+02
1.12272315e+01	2022-05-17T19:17:02.043192	447	3.71000000e+02
1.12459289e+01	2022-05-17T19:17:02.074428	448	3.83000000e+02
1.12545540e+01	2022-05-17T19:17:02.074428	449	4.03000000e+02
1.12627650e+01	2022-05-17T19:17:02.090050	450	3.72000000e+02
1.12716651e+01	2022-05-17T19:17:02.090050	451	3.77000000e+02
1.12931686e+01	2022-05-17T19:17:02.121339	452	3.68000000e+02
1.13145317e+01	2022-05-17T19:17:02.136913	453	3.75000000e+02
1.13238086e+01	2022-05-17T19:17:02.152535	454	3.64000000e+02
1.13322634e+01	2022-05-17T19:17:02.152535	455	3.76000000e+02
1.13800584e+01	2022-05-17T19:17:02.199399	456	3.95000000e+02
1.13882820e+01	2022-05-17T19:17:02.215020	457	4.15000000e+02
1.13977185e+01	2022-05-17T19:17:02.215020	458	3.77000000e+02
1.14059404e+01	2022-05-17T19:17:02.230710	459	4.28000000e+02
1.14142913e+01	2022-05-17T19:17:02.230710	460	3.77000000e+02
1.14431074e+01	2022-05-17T19:17:02.261885	461	3.79000000e+02
1.14628002e+01	2022-05-17T19:17:02.293127	462	3.75000000e+02
1.14715993e+01	2022-05-17T19:17:02.293127	463	3.81000000e+02
1.14908752e+01	2022-05-17T19:17:02.309288	464	3.68000000e+02
1.14991270e+01	2022-05-17T19:17:02.324914	465	3.76000000e+02
1.15147882e+01	2022-05-17T19:17:02.340534	466	3.95000000e+02
1.15310007e+01	2022-05-17T19:17:02.356157	467	3.80000000e+02
1.15411147e+01	2022-05-17T19:17:02.356157	468	3.77000000e+02
1.15494223e+01	2022-05-17T19:17:02.371811	469	3.91000000e+02
1.15595000e+01	2022-05-17T19:17:02.387426	470	3.76000000e+02
1.15743178e+01	2022-05-17T19:17:02.403019	471	3.75000000e+02
1.15943247e+01	2022-05-17T19:17:02.418676	472	4.21000000e+02
1.16028349e+01	2022-05-17T19:17:02.418676	473	3.76000000e+02
1.16106846e+01	2022-05-17T19:17:02.434264	474	3.84000000e+02
1.16188949e+01	2022-05-17T19:17:02.434264	475	3.76000000e+02
1.16557007e+01	2022-05-17T19:17:02.481126	476	3.80000000e+02
1.16647529e+01	2022-05-17T19:17:02.481126	477	3.75000000e+02
1.16682249e+01	2022-05-17T19:17:02.497344	478	3.74000000e+02
1.16772682e+01	2022-05-17T19:17:02.497344	479	3.94000000e+02
1.17034617e+01	2022-05-17T19:17:02.528628	480	3.75000000e+02
1.17347237e+01	2022-05-17T19:17:02.559868	481	3.75000000e+02
1.17458210e+01	2022-05-17T19:17:02.575453	482	3.79000000e+02
1.17558458e+01	2022-05-17T19:17:02.575453	483	3.76000000e+02
1.17765378e+01	2022-05-17T19:17:02.606698	484	3.75000000e+02
1.18082652e+01	2022-05-17T19:17:02.637975	485	3.75000000e+02
1.18162004e+01	2022-05-17T19:17:02.637975	486	3.87000000e+02
1.18239396e+01	2022-05-17T19:17:02.653561	487	3.81000000e+02
1.18316618e+01	2022-05-17T19:17:02.653561	488	3.79000000e+02
1.18577612e+01	2022-05-17T19:17:02.684802	489	3.72000000e+02
1.18875222e+01	2022-05-17T19:17:02.716088	490	3.72000000e+02
1.18975315e+01	2022-05-17T19:17:02.716088	491	3.76000000e+02
1.19058694e+01	2022-05-17T19:17:02.731668	492	3.79000000e+02
1.19139270e+01	2022-05-17T19:17:02.731668	493	3.77000000e+02
1.19415689e+01	2022-05-17T19:17:02.762909	494	3.81000000e+02
1.19491630e+01	2022-05-17T19:17:02.778530	495	3.78000000e+02
1.19606961e+01	2022-05-17T19:17:02.778530	496	3.76000000e+02
1.19715448e+01	2022-05-17T19:17:02.794151	497	3.76000000e+02
1.19797346e+01	2022-05-17T19:17:02.809773	498	4.27000000e+02
1.19887555e+01	2022-05-17T19:17:02.809773	499	3.83000000e+02
1.20109424e+01	2022-05-17T19:17:02.841017	500	3.75000000e+02
1.20302953e+01	2022-05-17T19:17:02.856638	501	3.83000000e+02
1.20456918e+01	2022-05-17T19:17:02.872304	502	3.76000000e+02
1.20573492e+01	2022-05-17T19:17:02.872304	503	3.75000000e+02
1.20652478e+01	2022-05-17T19:17:02.887934	504	3.76000000e+02
1.20891493e+01	2022-05-17T19:17:02.919124	505	3.95000000e+02
1.21064584e+01	2022-05-17T19:17:02.934743	506	3.76000000e+02
1.21278184e+01	2022-05-17T19:17:02.950366	507	3.75000000e+02
1.21306979e+01	2022-05-17T19:17:02.950366	508	3.76000000e+02
1.21392675e+01	2022-05-17T19:17:02.965990	509	3.77000000e+02
1.21473302e+01	2022-05-17T19:17:02.965990	510	3.64000000e+02
1.21998084e+01	2022-05-17T19:17:03.028473	511	4.19000000e+02
1.22048016e+01	2022-05-17T19:17:03.028473	512	3.77000000e+02
1.22130199e+01	2022-05-17T19:17:03.028473	513	3.86000000e+02
1.22219429e+01	2022-05-17T19:17:03.044092	514	3.81000000e+02
1.22473285e+01	2022-05-17T19:17:03.075337	515	4.25000000e+02
1.22771052e+01	2022-05-17T19:17:03.106579	516	3.76000000e+02
1.22866248e+01	2022-05-17T19:17:03.106579	517	3.77000000e+02
1.22948921e+01	2022-05-17T19:17:03.122199	518	4.22000000e+02
1.23035961e+01	2022-05-17T19:17:03.122199	519	3.77000000e+02
1.23249104e+01	2022-05-17T19:17:03.153446	520	3.74000000e+02
1.23517573e+01	2022-05-17T19:17:03.169062	521	3.76000000e+02
1.23563627e+01	2022-05-17T19:17:03.184683	522	3.76000000e+02
1.23644108e+01	2022-05-17T19:17:03.184683	523	3.83000000e+02
1.23869987e+01	2022-05-17T19:17:03.215927	524	3.77000000e+02
1.24090985e+01	2022-05-17T19:17:03.231549	525	3.90000000e+02
1.24180619e+01	2022-05-17T19:17:03.247204	526	3.82000000e+02
1.24259378e+01	2022-05-17T19:17:03.247204	527	3.79000000e+02
1.24483329e+01	2022-05-17T19:17:03.278451	528	3.76000000e+02
1.24605020e+01	2022-05-17T19:17:03.278451	529	3.75000000e+02
1.24804785e+01	2022-05-17T19:17:03.310226	530	3.75000000e+02
1.24874362e+01	2022-05-17T19:17:03.310226	531	3.79000000e+02
1.24956063e+01	2022-05-17T19:17:03.325280	532	3.77000000e+02
1.25045527e+01	2022-05-17T19:17:03.325280	533	3.65000000e+02
1.25264085e+01	2022-05-17T19:17:03.356544	534	3.68000000e+02
1.25286550e+01	2022-05-17T19:17:03.356544	535	3.76000000e+02
1.25387444e+01	2022-05-17T19:17:03.356544	536	4.04000000e+02
1.25583081e+01	2022-05-17T19:17:03.387763	537	4.25000000e+02
1.25691752e+01	2022-05-17T19:17:03.387763	538	4.05000000e+02
1.25775187e+01	2022-05-17T19:17:03.403382	539	3.77000000e+02
1.25859714e+01	2022-05-17T19:17:03.403382	540	3.80000000e+02
1.26038034e+01	2022-05-17T19:17:03.419004	541	3.76000000e+02
1.26077008e+01	2022-05-17T19:17:03.434657	542	3.78000000e+02
1.26284282e+01	2022-05-17T19:17:03.450245	543	3.76000000e+02
1.26385324e+01	2022-05-17T19:17:03.465867	544	3.83000000e+02
1.26469954e+01	2022-05-17T19:17:03.465867	545	3.68000000e+02
1.26555982e+01	2022-05-17T19:17:03.481490	546	3.77000000e+02
1.26634543e+01	2022-05-17T19:17:03.481490	547	3.76000000e+02
1.26850587e+01	2022-05-17T19:17:03.513483	548	3.75000000e+02
1.26934677e+01	2022-05-17T19:17:03.513483	549	3.76000000e+02
1.27132930e+01	2022-05-17T19:17:03.529105	550	3.75000000e+02
1.27246939e+01	2022-05-17T19:17:03.544728	551	3.77000000e+02
1.27459588e+01	2022-05-17T19:17:03.575968	552	3.83000000e+02
1.27760071e+01	2022-05-17T19:17:03.591590	553	3.77000000e+02
1.27818489e+01	2022-05-17T19:17:03.607212	554	4.02000000e+02
1.27902892e+01	2022-05-17T19:17:03.607212	555	3.76000000e+02
1.27985450e+01	2022-05-17T19:17:03.622833	556	3.83000000e+02
1.28068190e+01	2022-05-17T19:17:03.622833	557	3.77000000e+02
1.28256292e+01	2022-05-17T19:17:03.654075	558	3.75000000e+02
1.28527341e+01	2022-05-17T19:17:03.669696	559	3.75000000e+02
1.28639702e+01	2022-05-17T19:17:03.685317	560	3.76000000e+02
1.28889024e+01	2022-05-17T19:17:03.716565	561	3.74000000e+02
1.29185383e+01	2022-05-17T19:17:03.747806	562	3.87000000e+02
1.29299289e+01	2022-05-17T19:17:03.747806	563	3.76000000e+02
1.29379123e+01	2022-05-17T19:17:03.763488	564	4.25000000e+02
1.29460010e+01	2022-05-17T19:17:03.763488	565	3.76000000e+02
1.29681434e+01	2022-05-17T19:17:03.794668	566	3.76000000e+02
1.29975340e+01	2022-05-17T19:17:03.825910	567	3.93000000e+02
1.30073382e+01	2022-05-17T19:17:03.825910	568	3.85000000e+02
1.30158398e+01	2022-05-17T19:17:03.841531	569	3.79000000e+02
1.30243944e+01	2022-05-17T19:17:03.841531	570	3.76000000e+02
1.30468369e+01	2022-05-17T19:17:03.872774	571	3.92000000e+02
1.30697089e+01	2022-05-17T19:17:03.888395	572	4.23000000e+02
1.30810779e+01	2022-05-17T19:17:03.904017	573	3.76000000e+02
1.30892293e+01	2022-05-17T19:17:03.904017	574	4.26000000e+02
1.30976615e+01	2022-05-17T19:17:03.919638	575	3.76000000e+02
1.31158681e+01	2022-05-17T19:17:03.935260	576	3.99000000e+02
1.31251537e+01	2022-05-17T19:17:03.950880	577	3.79000000e+02
1.31495647e+01	2022-05-17T19:17:03.966508	578	3.64000000e+02
1.31591497e+01	2022-05-17T19:17:03.982123	579	3.76000000e+02
1.31677732e+01	2022-05-17T19:17:03.997750	580	3.81000000e+02
1.31758039e+01	2022-05-17T19:17:03.997750	581	3.76000000e+02
1.31873435e+01	2022-05-17T19:17:04.013366	582	3.79000000e+02
1.32014254e+01	2022-05-17T19:17:04.028986	583	3.78000000e+02
1.32290408e+01	2022-05-17T19:17:04.044649	584	3.75000000e+02
1.32372457e+01	2022-05-17T19:17:04.060230	585	3.85000000e+02
1.32408023e+01	2022-05-17T19:17:04.060230	586	3.80000000e+02
1.32500222e+01	2022-05-17T19:17:04.075851	587	3.76000000e+02
1.32613118e+01	2022-05-17T19:17:04.091472	588	3.80000000e+02
1.32798130e+01	2022-05-17T19:17:04.107093	589	3.77000000e+02
1.32903834e+01	2022-05-17T19:17:04.107093	590	3.83000000e+02
1.33125714e+01	2022-05-17T19:17:04.138335	591	3.64000000e+02
1.33227441e+01	2022-05-17T19:17:04.138335	592	3.77000000e+02
1.33309421e+01	2022-05-17T19:17:04.153956	593	3.75000000e+02
1.33393906e+01	2022-05-17T19:17:04.169579	594	3.83000000e+02
1.33558121e+01	2022-05-17T19:17:04.185239	595	3.80000000e+02
1.33779494e+01	2022-05-17T19:17:04.200822	596	3.68000000e+02
1.33869733e+01	2022-05-17T19:17:04.216442	597	4.26000000e+02
1.33963007e+01	2022-05-17T19:17:04.216442	598	3.77000000e+02
1.34049020e+01	2022-05-17T19:17:04.232066	599	3.78000000e+02
1.34127692e+01	2022-05-17T19:17:04.232066	600	3.77000000e+02
1.34356200e+01	2022-05-17T19:17:04.263305	601	3.75000000e+02
1.34500162e+01	2022-05-17T19:17:04.278930	602	3.79000000e+02
1.34672206e+01	2022-05-17T19:17:04.294549	603	3.78000000e+02
1.34784038e+01	2022-05-17T19:17:04.294549	604	3.64000000e+02
1.34872544e+01	2022-05-17T19:17:04.310697	605	3.75000000e+02
1.35139700e+01	2022-05-17T19:17:04.341943	606	3.84000000e+02
1.35240020e+01	2022-05-17T19:17:04.341943	607	3.75000000e+02
1.35449159e+01	2022-05-17T19:17:04.373187	608	3.78000000e+02
1.35527311e+01	2022-05-17T19:17:04.373187	609	4.21000000e+02
1.35644250e+01	2022-05-17T19:17:04.388807	610	3.75000000e+02
1.35730279e+01	2022-05-17T19:17:04.388807	611	3.76000000e+02
1.35919000e+01	2022-05-17T19:17:04.420077	612	3.81000000e+02
1.36019470e+01	2022-05-17T19:17:04.420077	613	3.76000000e+02
1.36224479e+01	2022-05-17T19:17:04.451293	614	3.77000000e+02
1.36338981e+01	2022-05-17T19:17:04.451293	615	3.86000000e+02
1.36424452e+01	2022-05-17T19:17:04.466913	616	3.76000000e+02
1.36501671e+01	2022-05-17T19:17:04.466913	617	3.70000000e+02
1.36705108e+01	2022-05-17T19:17:04.498696	618	3.88000000e+02
1.36804109e+01	2022-05-17T19:17:04.498696	619	3.81000000e+02
1.37020238e+01	2022-05-17T19:17:04.529941	620	4.15000000e+02
1.37118787e+01	2022-05-17T19:17:04.529941	621	3.88000000e+02
1.37204591e+01	2022-05-17T19:17:04.545563	622	3.76000000e+02
1.37289837e+01	2022-05-17T19:17:04.545563	623	3.77000000e+02
1.37607696e+01	2022-05-17T19:17:04.576805	624	3.87000000e+02
1.37775841e+01	2022-05-17T19:17:04.592471	625	3.76000000e+02
1.37865478e+01	2022-05-17T19:17:04.608083	626	3.76000000e+02
1.37981687e+01	2022-05-17T19:17:04.623706	627	3.77000000e+02
1.38062575e+01	2022-05-17T19:17:04.623706	628	3.76000000e+02
1.38285079e+01	2022-05-17T19:17:04.654950	629	3.87000000e+02
1.38520089e+01	2022-05-17T19:17:04.670534	630	3.75000000e+02
1.38632327e+01	2022-05-17T19:17:04.686200	631	3.85000000e+02
1.38721023e+01	2022-05-17T19:17:04.701775	632	3.79000000e+02
1.38838968e+01	2022-05-17T19:17:04.701775	633	3.76000000e+02
1.39149881e+01	2022-05-17T19:17:04.733019	634	3.77000000e+02
1.39165675e+01	2022-05-17T19:17:04.733019	635	3.75000000e+02
1.39399415e+01	2022-05-17T19:17:04.764262	636	3.75000000e+02
1.39494723e+01	2022-05-17T19:17:04.764262	637	3.77000000e+02
1.39578366e+01	2022-05-17T19:17:04.779882	638	3.76000000e+02
1.39662233e+01	2022-05-17T19:17:04.795504	639	3.76000000e+02
1.39910504e+01	2022-05-17T19:17:04.811125	640	4.07000000e+02
1.40112204e+01	2022-05-17T19:17:04.826747	641	3.68000000e+02
1.40198325e+01	2022-05-17T19:17:04.842987	642	3.76000000e+02
1.40312012e+01	2022-05-17T19:17:04.859049	643	3.78000000e+02
1.40396322e+01	2022-05-17T19:17:04.859049	644	3.76000000e+02
1.40673606e+01	2022-05-17T19:17:04.889855	645	3.78000000e+02
1.40924109e+01	2022-05-17T19:17:04.921131	646	3.76000000e+02
1.40948197e+01	2022-05-17T19:17:04.921131	647	3.75000000e+02
1.41050701e+01	2022-05-17T19:17:04.921131	648	4.23000000e+02
1.41134686e+01	2022-05-17T19:17:04.936718	649	3.76000000e+02
1.41215606e+01	2022-05-17T19:17:04.936718	650	3.65000000e+02
1.41433548e+01	2022-05-17T19:17:04.967996	651	3.75000000e+02
1.41686790e+01	2022-05-17T19:17:04.983622	652	3.81000000e+02
1.41786699e+01	2022-05-17T19:17:04.999236	653	3.78000000e+02
1.41869568e+01	2022-05-17T19:17:05.014824	654	4.23000000e+02
1.41952256e+01	2022-05-17T19:17:05.014824	655	3.76000000e+02
1.42183511e+01	2022-05-17T19:17:05.046066	656	3.83000000e+02
1.42284305e+01	2022-05-17T19:17:05.046066	657	3.76000000e+02
1.42474848e+01	2022-05-17T19:17:05.077310	658	3.76000000e+02
1.42529443e+01	2022-05-17T19:17:05.077310	659	3.78000000e+02
1.42606847e+01	2022-05-17T19:17:05.077310	660	3.77000000e+02
1.42699289e+01	2022-05-17T19:17:05.092931	661	3.75000000e+02
1.42974029e+01	2022-05-17T19:17:05.124173	662	3.76000000e+02
1.43074104e+01	2022-05-17T19:17:05.124173	663	3.76000000e+02
1.43299528e+01	2022-05-17T19:17:05.155421	664	3.77000000e+02
1.43387796e+01	2022-05-17T19:17:05.155421	665	3.76000000e+02
1.43468204e+01	2022-05-17T19:17:05.171036	666	3.76000000e+02
1.43549792e+01	2022-05-17T19:17:05.171036	667	3.89000000e+02
1.43881489e+01	2022-05-17T19:17:05.217938	668	3.90000000e+02
1.44065135e+01	2022-05-17T19:17:05.233551	669	3.76000000e+02
1.44162008e+01	2022-05-17T19:17:05.233551	670	3.68000000e+02
1.44246120e+01	2022-05-17T19:17:05.249194	671	3.76000000e+02
1.44328269e+01	2022-05-17T19:17:05.249194	672	3.77000000e+02
1.44503891e+01	2022-05-17T19:17:05.280397	673	3.88000000e+02
1.44826679e+01	2022-05-17T19:17:05.312206	674	3.75000000e+02
1.44890218e+01	2022-05-17T19:17:05.312206	675	3.78000000e+02
1.44982862e+01	2022-05-17T19:17:05.327829	676	4.15000000e+02
1.45066728e+01	2022-05-17T19:17:05.327829	677	3.76000000e+02
1.45289170e+01	2022-05-17T19:17:05.359073	678	3.79000000e+02
1.45605922e+01	2022-05-17T19:17:05.390319	679	3.75000000e+02
1.45686626e+01	2022-05-17T19:17:05.390319	680	3.85000000e+02
1.45803004e+01	2022-05-17T19:17:05.405937	681	3.76000000e+02
1.45882939e+01	2022-05-17T19:17:05.405937	682	3.85000000e+02
1.46131368e+01	2022-05-17T19:17:05.437179	683	3.75000000e+02
1.46401378e+01	2022-05-17T19:17:05.468423	684	3.80000000e+02
1.46501209e+01	2022-05-17T19:17:05.468423	685	3.78000000e+02
1.46582282e+01	2022-05-17T19:17:05.484045	686	3.76000000e+02
1.46667241e+01	2022-05-17T19:17:05.484045	687	3.78000000e+02
1.46889632e+01	2022-05-17T19:17:05.515824	688	3.77000000e+02
1.46991119e+01	2022-05-17T19:17:05.515824	689	3.76000000e+02
1.47214663e+01	2022-05-17T19:17:05.547070	690	3.75000000e+02
1.47314721e+01	2022-05-17T19:17:05.547070	691	4.15000000e+02
1.47402575e+01	2022-05-17T19:17:05.562688	692	3.76000000e+02
1.47509785e+01	2022-05-17T19:17:05.578311	693	3.77000000e+02
1.47943815e+01	2022-05-17T19:17:05.609553	694	3.75000000e+02
1.48028423e+01	2022-05-17T19:17:05.625173	695	3.87000000e+02
1.48132553e+01	2022-05-17T19:17:05.640831	696	3.77000000e+02
1.48223691e+01	2022-05-17T19:17:05.640831	697	3.96000000e+02
1.48519301e+01	2022-05-17T19:17:05.672037	698	3.77000000e+02
1.48833991e+01	2022-05-17T19:17:05.703318	699	3.76000000e+02
1.48870648e+01	2022-05-17T19:17:05.703318	700	3.77000000e+02
1.48953368e+01	2022-05-17T19:17:05.718900	701	3.76000000e+02
1.49039496e+01	2022-05-17T19:17:05.718900	702	3.76000000e+02
1.49303853e+01	2022-05-17T19:17:05.750143	703	3.75000000e+02
1.49529675e+01	2022-05-17T19:17:05.781387	704	3.76000000e+02
1.49608040e+01	2022-05-17T19:17:05.781387	705	4.22000000e+02
1.49699971e+01	2022-05-17T19:17:05.797031	706	3.76000000e+02
1.49812805e+01	2022-05-17T19:17:05.797031	707	4.00000000e+02
1.50019968e+01	2022-05-17T19:17:05.828251	708	3.80000000e+02
1.50323272e+01	2022-05-17T19:17:05.859496	709	3.79000000e+02
1.50428507e+01	2022-05-17T19:17:05.859496	710	3.95000000e+02
1.50514117e+01	2022-05-17T19:17:05.875114	711	3.76000000e+02
1.50592468e+01	2022-05-17T19:17:05.875114	712	3.76000000e+02
1.50784041e+01	2022-05-17T19:17:05.906356	713	3.77000000e+02
1.50880365e+01	2022-05-17T19:17:05.906356	714	3.76000000e+02
1.51145517e+01	2022-05-17T19:17:05.937601	715	3.77000000e+02
1.51251300e+01	2022-05-17T19:17:05.953220	716	3.78000000e+02
1.51335761e+01	2022-05-17T19:17:05.953220	717	3.97000000e+02
1.51582923e+01	2022-05-17T19:17:05.984462	718	3.78000000e+02
1.51817414e+01	2022-05-17T19:17:06.000087	719	3.76000000e+02
1.51829642e+01	2022-05-17T19:17:06.000087	720	3.76000000e+02
1.51943389e+01	2022-05-17T19:17:06.015707	721	3.81000000e+02
1.52045401e+01	2022-05-17T19:17:06.031329	722	3.76000000e+02
1.52148888e+01	2022-05-17T19:17:06.031329	723	3.79000000e+02
1.52455275e+01	2022-05-17T19:17:06.062610	724	3.79000000e+02
1.52640504e+01	2022-05-17T19:17:06.093849	725	3.75000000e+02
1.52720907e+01	2022-05-17T19:17:06.093849	726	4.15000000e+02
1.52807413e+01	2022-05-17T19:17:06.109433	727	3.76000000e+02
1.52890034e+01	2022-05-17T19:17:06.109433	728	3.76000000e+02
1.52982544e+01	2022-05-17T19:17:06.125055	729	3.79000000e+02
1.53146072e+01	2022-05-17T19:17:06.140675	730	3.77000000e+02
1.53254547e+01	2022-05-17T19:17:06.140675	731	3.76000000e+02
1.53409095e+01	2022-05-17T19:17:06.156297	732	3.76000000e+02
1.53500720e+01	2022-05-17T19:17:06.171920	733	3.76000000e+02
1.53583776e+01	2022-05-17T19:17:06.187540	734	3.78000000e+02
1.53662501e+01	2022-05-17T19:17:06.187540	735	3.75000000e+02
1.53922185e+01	2022-05-17T19:17:06.218782	736	3.75000000e+02
1.54205744e+01	2022-05-17T19:17:06.250027	737	3.79000000e+02
1.54236815e+01	2022-05-17T19:17:06.250027	738	3.80000000e+02
1.54318663e+01	2022-05-17T19:17:06.250027	739	3.76000000e+02
1.54407635e+01	2022-05-17T19:17:06.265665	740	3.75000000e+02
1.54481467e+01	2022-05-17T19:17:06.265665	741	3.79000000e+02
1.54710551e+01	2022-05-17T19:17:06.296890	742	3.85000000e+02
1.54821088e+01	2022-05-17T19:17:06.296890	743	3.76000000e+02
1.54991180e+01	2022-05-17T19:17:06.328300	744	3.83000000e+02
1.55056575e+01	2022-05-17T19:17:06.328300	745	3.80000000e+02
1.55137547e+01	2022-05-17T19:17:06.343903	746	3.76000000e+02
1.55225957e+01	2022-05-17T19:17:06.343903	747	3.77000000e+02
1.55309278e+01	2022-05-17T19:17:06.359525	748	3.91000000e+02
1.55427839e+01	2022-05-17T19:17:06.359525	749	3.77000000e+02
1.55563844e+01	2022-05-17T19:17:06.375146	750	3.76000000e+02
1.55824399e+01	2022-05-17T19:17:06.406389	751	3.78000000e+02
1.55875249e+01	2022-05-17T19:17:06.406389	752	3.83000000e+02
1.55956962e+01	2022-05-17T19:17:06.422010	753	3.75000000e+02
1.56040435e+01	2022-05-17T19:17:06.422010	754	3.83000000e+02
1.56261508e+01	2022-05-17T19:17:06.453252	755	3.78000000e+02
1.56552080e+01	2022-05-17T19:17:06.484530	756	3.76000000e+02
1.56575559e+01	2022-05-17T19:17:06.484530	757	4.24000000e+02
1.56653859e+01	2022-05-17T19:17:06.484530	758	3.98000000e+02
1.56737734e+01	2022-05-17T19:17:06.500641	759	3.75000000e+02
1.56820236e+01	2022-05-17T19:17:06.500641	760	4.25000000e+02
1.57046961e+01	2022-05-17T19:17:06.531916	761	3.76000000e+02
1.57332155e+01	2022-05-17T19:17:06.563130	762	3.76000000e+02
1.57390817e+01	2022-05-17T19:17:06.563130	763	3.77000000e+02
1.57473586e+01	2022-05-17T19:17:06.563130	764	4.23000000e+02
1.57559767e+01	2022-05-17T19:17:06.578752	765	3.75000000e+02
1.57639414e+01	2022-05-17T19:17:06.578752	766	4.09000000e+02
1.57836057e+01	2022-05-17T19:17:06.609993	767	3.83000000e+02
1.58080872e+01	2022-05-17T19:17:06.625614	768	3.83000000e+02
1.58161950e+01	2022-05-17T19:17:06.641267	769	3.77000000e+02
1.58255938e+01	2022-05-17T19:17:06.641267	770	3.83000000e+02
1.58333142e+01	2022-05-17T19:17:06.656856	771	3.75000000e+02
1.58418859e+01	2022-05-17T19:17:06.656856	772	3.76000000e+02
1.58897570e+01	2022-05-17T19:17:06.719343	773	3.76000000e+02
1.58956847e+01	2022-05-17T19:17:06.719343	774	3.62000000e+02
1.59072165e+01	2022-05-17T19:17:06.734997	775	3.76000000e+02
1.59155272e+01	2022-05-17T19:17:06.734997	776	3.79000000e+02
1.59395851e+01	2022-05-17T19:17:06.766206	777	3.83000000e+02
1.59502771e+01	2022-05-17T19:17:06.766206	778	3.76000000e+02
1.59718865e+01	2022-05-17T19:17:06.797485	779	3.89000000e+02
1.59806762e+01	2022-05-17T19:17:06.797485	780	3.88000000e+02
1.59892497e+01	2022-05-17T19:17:06.813103	781	3.76000000e+02
1.59971141e+01	2022-05-17T19:17:06.813103	782	4.02000000e+02
1.60266751e+01	2022-05-17T19:17:06.844314	783	3.74000000e+02
1.60473075e+01	2022-05-17T19:17:06.875587	784	3.82000000e+02
1.60512780e+01	2022-05-17T19:17:06.875587	785	3.77000000e+02
1.60626045e+01	2022-05-17T19:17:06.891229	786	3.76000000e+02
1.60711520e+01	2022-05-17T19:17:06.891229	787	3.78000000e+02
1.61014534e+01	2022-05-17T19:17:06.922420	788	3.75000000e+02
1.61332859e+01	2022-05-17T19:17:06.953663	789	3.76000000e+02
1.61446352e+01	2022-05-17T19:17:06.969317	790	3.76000000e+02
1.61538585e+01	2022-05-17T19:17:06.969317	791	3.76000000e+02
1.61755109e+01	2022-05-17T19:17:07.000526	792	3.75000000e+02
1.61994259e+01	2022-05-17T19:17:07.016146	793	3.78000000e+02
1.62100389e+01	2022-05-17T19:17:07.031771	794	3.88000000e+02
1.62185179e+01	2022-05-17T19:17:07.047390	795	3.76000000e+02
1.62264760e+01	2022-05-17T19:17:07.047390	796	4.22000000e+02
1.62523981e+01	2022-05-17T19:17:07.078631	797	3.87000000e+02
1.62800294e+01	2022-05-17T19:17:07.109874	798	3.74000000e+02
1.62838414e+01	2022-05-17T19:17:07.109874	799	3.76000000e+02
1.62921298e+01	2022-05-17T19:17:07.109874	800	3.80000000e+02
1.63004963e+01	2022-05-17T19:17:07.125496	801	3.76000000e+02
1.63085963e+01	2022-05-17T19:17:07.125496	802	3.91000000e+02
1.63266037e+01	2022-05-17T19:17:07.156737	803	3.75000000e+02
1.63328798e+01	2022-05-17T19:17:07.156737	804	3.85000000e+02
1.63423452e+01	2022-05-17T19:17:07.172359	805	3.76000000e+02
1.63636164e+01	2022-05-17T19:17:07.187981	806	3.68000000e+02
1.63698757e+01	2022-05-17T19:17:07.187981	807	4.03000000e+02
1.63779559e+01	2022-05-17T19:17:07.203601	808	3.76000000e+02
1.63870075e+01	2022-05-17T19:17:07.203601	809	3.79000000e+02
1.64082440e+01	2022-05-17T19:17:07.234846	810	3.80000000e+02
1.64316572e+01	2022-05-17T19:17:07.250466	811	3.78000000e+02
1.64397444e+01	2022-05-17T19:17:07.266089	812	3.78000000e+02
1.64475998e+01	2022-05-17T19:17:07.266089	813	3.76000000e+02
1.64559716e+01	2022-05-17T19:17:07.281716	814	3.76000000e+02
1.64641205e+01	2022-05-17T19:17:07.281716	815	3.78000000e+02
1.64943652e+01	2022-05-17T19:17:07.313550	816	3.75000000e+02
1.65263890e+01	2022-05-17T19:17:07.344797	817	3.75000000e+02
1.65297078e+01	2022-05-17T19:17:07.344797	818	3.77000000e+02
1.65382233e+01	2022-05-17T19:17:07.360417	819	3.76000000e+02
1.65459888e+01	2022-05-17T19:17:07.376040	820	3.80000000e+02
1.65691863e+01	2022-05-17T19:17:07.391659	821	3.74000000e+02
1.65784381e+01	2022-05-17T19:17:07.407349	822	3.78000000e+02
1.66025651e+01	2022-05-17T19:17:07.422902	823	3.77000000e+02
1.66117732e+01	2022-05-17T19:17:07.438523	824	3.76000000e+02
1.66201310e+01	2022-05-17T19:17:07.438523	825	3.79000000e+02
1.66397077e+01	2022-05-17T19:17:07.469768	826	3.83000000e+02
1.66719852e+01	2022-05-17T19:17:07.501547	827	3.76000000e+02
1.66813108e+01	2022-05-17T19:17:07.501547	828	3.90000000e+02
1.66896623e+01	2022-05-17T19:17:07.517172	829	3.76000000e+02
1.66982281e+01	2022-05-17T19:17:07.517172	830	3.78000000e+02
1.67213532e+01	2022-05-17T19:17:07.548413	831	3.68000000e+02
1.67511545e+01	2022-05-17T19:17:07.579658	832	3.78000000e+02
1.67592829e+01	2022-05-17T19:17:07.579658	833	4.15000000e+02
1.67684735e+01	2022-05-17T19:17:07.595635	834	3.76000000e+02
1.67796909e+01	2022-05-17T19:17:07.595635	835	3.68000000e+02
1.68097104e+01	2022-05-17T19:17:07.626519	836	3.64000000e+02
1.68340850e+01	2022-05-17T19:17:07.657766	837	3.80000000e+02
1.68369364e+01	2022-05-17T19:17:07.657766	838	3.77000000e+02
1.68450849e+01	2022-05-17T19:17:07.673383	839	3.75000000e+02
1.68535322e+01	2022-05-17T19:17:07.673383	840	3.78000000e+02
1.68828241e+01	2022-05-17T19:17:07.704627	841	3.68000000e+02
1.69021203e+01	2022-05-17T19:17:07.720253	842	3.91000000e+02
1.69043085e+01	2022-05-17T19:17:07.720253	843	3.64000000e+02
1.69145892e+01	2022-05-17T19:17:07.735868	844	3.91000000e+02
1.69228415e+01	2022-05-17T19:17:07.751489	845	3.75000000e+02
1.69309171e+01	2022-05-17T19:17:07.751489	846	3.76000000e+02
1.69519155e+01	2022-05-17T19:17:07.767111	847	3.76000000e+02
1.69626555e+01	2022-05-17T19:17:07.782732	848	3.76000000e+02
1.69846822e+01	2022-05-17T19:17:07.813977	849	3.83000000e+02
1.69884732e+01	2022-05-17T19:17:07.813977	850	3.68000000e+02
1.69967287e+01	2022-05-17T19:17:07.813977	851	3.80000000e+02
1.70048542e+01	2022-05-17T19:17:07.829596	852	3.76000000e+02
1.70128350e+01	2022-05-17T19:17:07.829596	853	3.76000000e+02
1.70351255e+01	2022-05-17T19:17:07.860840	854	3.79000000e+02
1.70635833e+01	2022-05-17T19:17:07.892083	855	3.74000000e+02
1.70745955e+01	2022-05-17T19:17:07.892083	856	3.88000000e+02
1.70825411e+01	2022-05-17T19:17:07.907748	857	3.76000000e+02
1.70907530e+01	2022-05-17T19:17:07.907748	858	3.77000000e+02
1.71212873e+01	2022-05-17T19:17:07.938995	859	3.82000000e+02
1.71445686e+01	2022-05-17T19:17:07.970189	860	3.78000000e+02
1.71525566e+01	2022-05-17T19:17:07.970189	861	4.15000000e+02
1.71606313e+01	2022-05-17T19:17:07.985810	862	3.77000000e+02
1.71697958e+01	2022-05-17T19:17:07.985810	863	3.76000000e+02
1.71983094e+01	2022-05-17T19:17:08.017052	864	3.75000000e+02
1.72150065e+01	2022-05-17T19:17:08.032715	865	4.23000000e+02
1.72265381e+01	2022-05-17T19:17:08.048299	866	3.75000000e+02
1.72345263e+01	2022-05-17T19:17:08.063916	867	3.76000000e+02
1.72426321e+01	2022-05-17T19:17:08.063916	868	3.80000000e+02
1.72644128e+01	2022-05-17T19:17:08.079537	869	3.75000000e+02
1.72902391e+01	2022-05-17T19:17:08.110779	870	3.76000000e+02
1.72966889e+01	2022-05-17T19:17:08.126403	871	3.83000000e+02
1.73042150e+01	2022-05-17T19:17:08.126403	872	3.78000000e+02
1.73120298e+01	2022-05-17T19:17:08.142098	873	3.76000000e+02
1.73206455e+01	2022-05-17T19:17:08.142098	874	3.87000000e+02
1.73431609e+01	2022-05-17T19:17:08.173266	875	3.77000000e+02
1.73764097e+01	2022-05-17T19:17:08.204509	876	3.77000000e+02
1.73813778e+01	2022-05-17T19:17:08.204509	877	3.77000000e+02
1.73900848e+01	2022-05-17T19:17:08.220130	878	3.76000000e+02
1.73985572e+01	2022-05-17T19:17:08.220130	879	3.91000000e+02
1.74208139e+01	2022-05-17T19:17:08.235750	880	3.94000000e+02
1.74343563e+01	2022-05-17T19:17:08.251371	881	3.74000000e+02
1.74525472e+01	2022-05-17T19:17:08.282633	882	3.77000000e+02
1.74634781e+01	2022-05-17T19:17:08.282633	883	3.76000000e+02
1.74719515e+01	2022-05-17T19:17:08.298236	884	3.76000000e+02
1.74800203e+01	2022-05-17T19:17:08.298236	885	3.77000000e+02
1.75048352e+01	2022-05-17T19:17:08.330076	886	3.93000000e+02
1.75382142e+01	2022-05-17T19:17:08.361318	887	3.89000000e+02
1.75414012e+01	2022-05-17T19:17:08.361318	888	3.78000000e+02
1.75495865e+01	2022-05-17T19:17:08.377081	889	3.76000000e+02
1.75581998e+01	2022-05-17T19:17:08.377081	890	3.76000000e+02
1.75890895e+01	2022-05-17T19:17:08.408185	891	3.78000000e+02
1.75912324e+01	2022-05-17T19:17:08.408185	892	3.76000000e+02
1.76070878e+01	2022-05-17T19:17:08.423804	893	3.75000000e+02
1.76153777e+01	2022-05-17T19:17:08.439426	894	3.85000000e+02
1.76231798e+01	2022-05-17T19:17:08.439426	895	3.80000000e+02
1.76315145e+01	2022-05-17T19:17:08.455045	896	3.77000000e+02
1.76398321e+01	2022-05-17T19:17:08.455045	897	3.79000000e+02
1.76856627e+01	2022-05-17T19:17:08.502643	898	4.15000000e+02
1.76886199e+01	2022-05-17T19:17:08.518232	899	3.79000000e+02
1.76968440e+01	2022-05-17T19:17:08.518232	900	3.76000000e+02
1.77072222e+01	2022-05-17T19:17:08.533853	901	3.76000000e+02
1.77235655e+01	2022-05-17T19:17:08.549475	902	3.97000000e+02
1.77386344e+01	2022-05-17T19:17:08.565132	903	3.86000000e+02
1.77611448e+01	2022-05-17T19:17:08.580716	904	3.76000000e+02
1.77714815e+01	2022-05-17T19:17:08.596342	905	3.81000000e+02
1.78004295e+01	2022-05-17T19:17:08.627580	906	3.77000000e+02
1.78309846e+01	2022-05-17T19:17:08.658823	907	3.81000000e+02
1.78352317e+01	2022-05-17T19:17:08.658823	908	3.77000000e+02
1.78447107e+01	2022-05-17T19:17:08.674458	909	3.80000000e+02
1.78528641e+01	2022-05-17T19:17:08.674458	910	3.76000000e+02
1.78718850e+01	2022-05-17T19:17:08.690066	911	3.75000000e+02
1.78880175e+01	2022-05-17T19:17:08.705725	912	3.64000000e+02
1.78913083e+01	2022-05-17T19:17:08.721309	913	3.95000000e+02
1.79148582e+01	2022-05-17T19:17:08.736957	914	3.85000000e+02
1.79262859e+01	2022-05-17T19:17:08.752551	915	3.64000000e+02
1.79357233e+01	2022-05-17T19:17:08.752551	916	3.78000000e+02
1.79570991e+01	2022-05-17T19:17:08.783794	917	3.89000000e+02
1.79861157e+01	2022-05-17T19:17:08.815037	918	3.75000000e+02
1.79884002e+01	2022-05-17T19:17:08.815037	919	3.77000000e+02
1.80002641e+01	2022-05-17T19:17:08.815037	920	3.77000000e+02
1.80082239e+01	2022-05-17T19:17:08.830665	921	3.66000000e+02
1.80313490e+01	2022-05-17T19:17:08.846280	922	3.76000000e+02
1.80384426e+01	2022-05-17T19:17:08.861899	923	3.96000000e+02
1.80673038e+01	2022-05-17T19:17:08.893143	924	3.78000000e+02
1.80786885e+01	2022-05-17T19:17:08.908774	925	3.95000000e+02
1.80905911e+01	2022-05-17T19:17:08.908774	926	3.79000000e+02
1.81214124e+01	2022-05-17T19:17:08.940007	927	3.76000000e+02
1.81390590e+01	2022-05-17T19:17:08.955633	928	3.79000000e+02
1.81480443e+01	2022-05-17T19:17:08.971250	929	3.64000000e+02
1.81558743e+01	2022-05-17T19:17:08.971250	930	3.89000000e+02
1.81640328e+01	2022-05-17T19:17:08.986906	931	3.77000000e+02
1.81720630e+01	2022-05-17T19:17:08.986906	932	3.76000000e+02
1.81912440e+01	2022-05-17T19:17:09.018113	933	3.77000000e+02
1.82228304e+01	2022-05-17T19:17:09.049355	934	3.75000000e+02
1.82340582e+01	2022-05-17T19:17:09.049355	935	3.72000000e+02
1.82419392e+01	2022-05-17T19:17:09.064981	936	3.80000000e+02
1.82499590e+01	2022-05-17T19:17:09.064981	937	3.75000000e+02
1.82707600e+01	2022-05-17T19:17:09.096233	938	3.77000000e+02
1.82959296e+01	2022-05-17T19:17:09.111844	939	3.75000000e+02
1.83041955e+01	2022-05-17T19:17:09.127463	940	3.80000000e+02
1.83075289e+01	2022-05-17T19:17:09.127463	941	3.79000000e+02
1.83154593e+01	2022-05-17T19:17:09.143083	942	3.75000000e+02
1.83238950e+01	2022-05-17T19:17:09.143083	943	3.79000000e+02
1.83454017e+01	2022-05-17T19:17:09.174326	944	3.76000000e+02
1.83565262e+01	2022-05-17T19:17:09.174326	945	3.77000000e+02
1.83733560e+01	2022-05-17T19:17:09.189949	946	4.23000000e+02
1.83835154e+01	2022-05-17T19:17:09.205605	947	3.80000000e+02
1.83934600e+01	2022-05-17T19:17:09.221190	948	3.77000000e+02
1.84022548e+01	2022-05-17T19:17:09.221190	949	3.76000000e+02
1.84276617e+01	2022-05-17T19:17:09.252443	950	3.77000000e+02
1.84543646e+01	2022-05-17T19:17:09.283695	951	3.76000000e+02
1.84627992e+01	2022-05-17T19:17:09.283695	952	3.76000000e+02
1.84711940e+01	2022-05-17T19:17:09.299404	953	3.80000000e+02
1.84792348e+01	2022-05-17T19:17:09.299404	954	3.78000000e+02
1.85127800e+01	2022-05-17T19:17:09.331149	955	3.76000000e+02
1.85329474e+01	2022-05-17T19:17:09.362392	956	3.77000000e+02
1.85406702e+01	2022-05-17T19:17:09.362392	957	3.77000000e+02
1.85495525e+01	2022-05-17T19:17:09.378039	958	3.76000000e+02
1.85614451e+01	2022-05-17T19:17:09.378039	959	3.75000000e+02
1.85871404e+01	2022-05-17T19:17:09.409254	960	3.81000000e+02
1.86121157e+01	2022-05-17T19:17:09.440497	961	3.75000000e+02
1.86224957e+01	2022-05-17T19:17:09.440497	962	3.81000000e+02
1.86308808e+01	2022-05-17T19:17:09.456138	963	3.68000000e+02
1.86391643e+01	2022-05-17T19:17:09.456138	964	3.75000000e+02
1.86616742e+01	2022-05-17T19:17:09.487898	965	3.76000000e+02
1.86750527e+01	2022-05-17T19:17:09.503527	966	3.79000000e+02
1.86973907e+01	2022-05-17T19:17:09.519147	967	4.00000000e+02
1.87012393e+01	2022-05-17T19:17:09.519147	968	4.23000000e+02
1.87127420e+01	2022-05-17T19:17:09.534765	969	3.76000000e+02
1.87285684e+01	2022-05-17T19:17:09.550411	970	3.76000000e+02
1.87461686e+01	2022-05-17T19:17:09.566042	971	3.75000000e+02
1.87664067e+01	2022-05-17T19:17:09.581709	972	3.76000000e+02
1.87744633e+01	2022-05-17T19:17:09.597286	973	4.24000000e+02
1.87827138e+01	2022-05-17T19:17:09.612871	974	3.80000000e+02
1.87905705e+01	2022-05-17T19:17:09.612871	975	3.76000000e+02
1.87990144e+01	2022-05-17T19:17:09.628493	976	3.75000000e+02
1.88130898e+01	2022-05-17T19:17:09.628493	977	3.75000000e+02
1.88468181e+01	2022-05-17T19:17:09.675357	978	3.90000000e+02
1.88563398e+01	2022-05-17T19:17:09.675357	979	4.25000000e+02
1.88642918e+01	2022-05-17T19:17:09.691480	980	3.82000000e+02
1.88725778e+01	2022-05-17T19:17:09.691480	981	3.77000000e+02
1.88963924e+01	2022-05-17T19:17:09.722219	982	3.77000000e+02
1.89066599e+01	2022-05-17T19:17:09.722219	983	4.01000000e+02
1.89311731e+01	2022-05-17T19:17:09.753474	984	3.76000000e+02
1.89422879e+01	2022-05-17T19:17:09.769165	985	4.23000000e+02
1.89509978e+01	2022-05-17T19:17:09.769165	986	3.75000000e+02
1.89773261e+01	2022-05-17T19:17:09.800366	987	3.77000000e+02
1.90032389e+01	2022-05-17T19:17:09.831569	988	3.76000000e+02
1.90124922e+01	2022-05-17T19:17:09.831569	989	3.78000000e+02
1.90199578e+01	2022-05-17T19:17:09.847197	990	3.76000000e+02
1.90283652e+01	2022-05-17T19:17:09.847197	991	3.80000000e+02
1.90621951e+01	2022-05-17T19:17:09.878470	992	3.78000000e+02
1.90882639e+01	2022-05-17T19:17:09.909675	993	3.75000000e+02
1.90981705e+01	2022-05-17T19:17:09.925395	994	3.76000000e+02
1.91061017e+01	2022-05-17T19:17:09.925395	995	3.68000000e+02
1.91379948e+01	2022-05-17T19:17:09.956541	996	3.75000000e+02
1.91580942e+01	2022-05-17T19:17:09.987782	997	4.04000000e+02
1.91677489e+01	2022-05-17T19:17:09.987782	998	4.28000000e+02
1.91763394e+01	2022-05-17T19:17:10.003404	999	3.76000000e+02
1.91878375e+01	2022-05-17T19:17:10.003404	1000	3.76000000e+02