Time elapsed	Time stamp	Loop Index	GP2Y ADC
s			Cts

5.00204230e+00	2022-05-17T19:17:28.655178	1	3.85000000e+02
5.01166600e+00	2022-05-17T19:17:28.655178	2	3.90000000e+02
5.03837090e+00	2022-05-17T19:17:28.686376	3	4.19000000e+02
5.09646910e+00	2022-05-17T19:17:28.748890	4	3.89000000e+02
5.10891650e+00	2022-05-17T19:17:28.748890	5	3.84000000e+02
5.11839050e+00	2022-05-17T19:17:28.764517	6	3.94000000e+02
5.12642120e+00	2022-05-17T19:17:28.780103	7	3.88000000e+02
5.15073310e+00	2022-05-17T19:17:28.795724	8	3.83000000e+02
5.17034150e+00	2022-05-17T19:17:28.811346	9	3.83000000e+02
5.18222060e+00	2022-05-17T19:17:28.826967	10	4.26000000e+02
5.19210900e+00	2022-05-17T19:17:28.842589	11	3.97000000e+02
5.20359100e+00	2022-05-17T19:17:28.858209	12	4.08000000e+02
5.23375280e+00	2022-05-17T19:17:28.873830	13	3.84000000e+02
5.24475150e+00	2022-05-17T19:17:28.889454	14	4.33000000e+02
5.25335490e+00	2022-05-17T19:17:28.905073	15	3.87000000e+02
5.26101250e+00	2022-05-17T19:17:28.905073	16	3.85000000e+02
5.28652340e+00	2022-05-17T19:17:28.936317	17	3.88000000e+02
5.30876020e+00	2022-05-17T19:17:28.951936	18	3.87000000e+02
5.31907270e+00	2022-05-17T19:17:28.967559	19	3.98000000e+02
5.34975570e+00	2022-05-17T19:17:28.998800	20	3.86000000e+02
5.36631830e+00	2022-05-17T19:17:29.014422	21	3.87000000e+02
5.38333340e+00	2022-05-17T19:17:29.030043	22	3.84000000e+02
5.38557320e+00	2022-05-17T19:17:29.030043	23	3.90000000e+02
5.39637470e+00	2022-05-17T19:17:29.045664	24	3.85000000e+02
5.40482090e+00	2022-05-17T19:17:29.045664	25	3.98000000e+02
5.42494690e+00	2022-05-17T19:17:29.076908	26	3.83000000e+02
5.44694430e+00	2022-05-17T19:17:29.092529	27	3.85000000e+02
5.45798510e+00	2022-05-17T19:17:29.108152	28	3.89000000e+02
5.46618550e+00	2022-05-17T19:17:29.108152	29	4.20000000e+02
5.48485780e+00	2022-05-17T19:17:29.139392	30	4.05000000e+02
5.50292360e+00	2022-05-17T19:17:29.155016	31	3.82000000e+02
5.51188620e+00	2022-05-17T19:17:29.155016	32	3.84000000e+02
5.52338480e+00	2022-05-17T19:17:29.170639	33	3.83000000e+02
5.53173930e+00	2022-05-17T19:17:29.186257	34	3.88000000e+02
5.54736780e+00	2022-05-17T19:17:29.201878	35	4.09000000e+02
5.58473990e+00	2022-05-17T19:17:29.233121	36	4.34000000e+02
5.59299660e+00	2022-05-17T19:17:29.233121	37	3.83000000e+02
5.60191000e+00	2022-05-17T19:17:29.248741	38	3.84000000e+02
5.63524220e+00	2022-05-17T19:17:29.279984	39	3.83000000e+02
5.66231740e+00	2022-05-17T19:17:29.311789	40	3.84000000e+02
5.67098460e+00	2022-05-17T19:17:29.311789	41	3.87000000e+02
5.67923600e+00	2022-05-17T19:17:29.327414	42	3.93000000e+02
5.68777830e+00	2022-05-17T19:17:29.327414	43	3.83000000e+02
5.71710420e+00	2022-05-17T19:17:29.358657	44	3.85000000e+02
5.73495690e+00	2022-05-17T19:17:29.374277	45	3.83000000e+02
5.73707400e+00	2022-05-17T19:17:29.389900	46	3.85000000e+02
5.74882820e+00	2022-05-17T19:17:29.389900	47	3.84000000e+02
5.75688670e+00	2022-05-17T19:17:29.405564	48	3.84000000e+02
5.76512070e+00	2022-05-17T19:17:29.405564	49	3.83000000e+02
5.79319800e+00	2022-05-17T19:17:29.436765	50	4.10000000e+02
5.81448790e+00	2022-05-17T19:17:29.468007	51	3.76000000e+02
5.82244440e+00	2022-05-17T19:17:29.468007	52	4.29000000e+02
5.83058210e+00	2022-05-17T19:17:29.483687	53	3.91000000e+02
5.83875070e+00	2022-05-17T19:17:29.483687	54	3.87000000e+02
5.86607020e+00	2022-05-17T19:17:29.515564	55	3.83000000e+02
5.89232650e+00	2022-05-17T19:17:29.546808	56	4.05000000e+02
5.89677140e+00	2022-05-17T19:17:29.546808	57	4.30000000e+02
5.90853950e+00	2022-05-17T19:17:29.562429	58	3.94000000e+02
5.91658720e+00	2022-05-17T19:17:29.562429	59	3.88000000e+02
5.94392550e+00	2022-05-17T19:17:29.593680	60	3.94000000e+02
5.95905090e+00	2022-05-17T19:17:29.609293	61	3.86000000e+02
5.97624780e+00	2022-05-17T19:17:29.624914	62	3.87000000e+02
5.98622720e+00	2022-05-17T19:17:29.640535	63	3.86000000e+02
5.99438760e+00	2022-05-17T19:17:29.640535	64	3.87000000e+02
6.02729830e+00	2022-05-17T19:17:29.671779	65	3.97000000e+02
6.03974790e+00	2022-05-17T19:17:29.687408	66	3.84000000e+02
6.04848280e+00	2022-05-17T19:17:29.703022	67	3.86000000e+02
6.06015060e+00	2022-05-17T19:17:29.703022	68	3.87000000e+02
6.06816580e+00	2022-05-17T19:17:29.718644	69	3.88000000e+02
6.07621390e+00	2022-05-17T19:17:29.718644	70	3.84000000e+02
6.12175460e+00	2022-05-17T19:17:29.765505	71	4.34000000e+02
6.14386730e+00	2022-05-17T19:17:29.796752	72	3.87000000e+02
6.14686670e+00	2022-05-17T19:17:29.796752	73	3.89000000e+02
6.15801430e+00	2022-05-17T19:17:29.812371	74	3.77000000e+02
6.16626420e+00	2022-05-17T19:17:29.812371	75	3.91000000e+02
6.18058780e+00	2022-05-17T19:17:29.827991	76	3.99000000e+02
6.19545150e+00	2022-05-17T19:17:29.843612	77	3.87000000e+02
6.20468640e+00	2022-05-17T19:17:29.859234	78	4.03000000e+02
6.21785220e+00	2022-05-17T19:17:29.859234	79	3.92000000e+02
6.22842340e+00	2022-05-17T19:17:29.874854	80	3.87000000e+02
6.23610900e+00	2022-05-17T19:17:29.890513	81	4.11000000e+02
6.24415860e+00	2022-05-17T19:17:29.890513	82	3.93000000e+02
6.27450750e+00	2022-05-17T19:17:29.921719	83	3.83000000e+02
6.29304500e+00	2022-05-17T19:17:29.937339	84	3.90000000e+02
6.30246320e+00	2022-05-17T19:17:29.952961	85	4.09000000e+02
6.31367940e+00	2022-05-17T19:17:29.952961	86	3.87000000e+02
6.32214360e+00	2022-05-17T19:17:29.968582	87	4.04000000e+02
6.33848150e+00	2022-05-17T19:17:29.984203	88	4.09000000e+02
6.36050340e+00	2022-05-17T19:17:29.999881	89	3.84000000e+02
6.38132320e+00	2022-05-17T19:17:30.031103	90	3.83000000e+02
6.39151660e+00	2022-05-17T19:17:30.031103	91	3.83000000e+02
6.39980830e+00	2022-05-17T19:17:30.046746	92	3.84000000e+02
6.42344650e+00	2022-05-17T19:17:30.077931	93	3.86000000e+02
6.43896850e+00	2022-05-17T19:17:30.093552	94	3.83000000e+02
6.45421840e+00	2022-05-17T19:17:30.093552	95	3.85000000e+02
6.46521390e+00	2022-05-17T19:17:30.109175	96	3.88000000e+02
6.49576760e+00	2022-05-17T19:17:30.140417	97	4.06000000e+02
6.51204130e+00	2022-05-17T19:17:30.156075	98	3.87000000e+02
6.52255960e+00	2022-05-17T19:17:30.171702	99	3.88000000e+02
6.53068210e+00	2022-05-17T19:17:30.171702	100	3.88000000e+02
6.55301960e+00	2022-05-17T19:17:30.202901	101	3.90000000e+02
6.57680800e+00	2022-05-17T19:17:30.218567	102	3.93000000e+02
6.58826100e+00	2022-05-17T19:17:30.234176	103	3.84000000e+02
6.60350770e+00	2022-05-17T19:17:30.249766	104	3.91000000e+02
6.61454520e+00	2022-05-17T19:17:30.265386	105	3.94000000e+02
6.63178040e+00	2022-05-17T19:17:30.281009	106	3.88000000e+02
6.64125050e+00	2022-05-17T19:17:30.281009	107	3.93000000e+02
6.64929510e+00	2022-05-17T19:17:30.296693	108	3.85000000e+02
6.65778550e+00	2022-05-17T19:17:30.312322	109	3.83000000e+02
6.68419560e+00	2022-05-17T19:17:30.328453	110	3.84000000e+02
6.70075250e+00	2022-05-17T19:17:30.344074	111	3.86000000e+02
6.71086290e+00	2022-05-17T19:17:30.359731	112	3.88000000e+02
6.71938610e+00	2022-05-17T19:17:30.359731	113	3.96000000e+02
6.74351080e+00	2022-05-17T19:17:30.390936	114	3.84000000e+02
6.75816430e+00	2022-05-17T19:17:30.406559	115	4.27000000e+02
6.76846510e+00	2022-05-17T19:17:30.422196	116	3.85000000e+02
6.77655540e+00	2022-05-17T19:17:30.422196	117	3.84000000e+02
6.80204030e+00	2022-05-17T19:17:30.453457	118	4.10000000e+02
6.81904950e+00	2022-05-17T19:17:30.469050	119	3.87000000e+02
6.82732060e+00	2022-05-17T19:17:30.469050	120	3.83000000e+02
6.83806220e+00	2022-05-17T19:17:30.484664	121	3.72000000e+02
6.84867120e+00	2022-05-17T19:17:30.500857	122	3.85000000e+02
6.86484460e+00	2022-05-17T19:17:30.516481	123	3.85000000e+02
6.87589510e+00	2022-05-17T19:17:30.516481	124	3.84000000e+02
6.89259840e+00	2022-05-17T19:17:30.532106	125	3.83000000e+02
6.90345330e+00	2022-05-17T19:17:30.547724	126	3.87000000e+02
6.92430920e+00	2022-05-17T19:17:30.578967	127	3.84000000e+02
6.93728490e+00	2022-05-17T19:17:30.578967	128	3.83000000e+02
6.95413420e+00	2022-05-17T19:17:30.594593	129	3.82000000e+02
6.96465680e+00	2022-05-17T19:17:30.610247	130	3.84000000e+02
6.99049230e+00	2022-05-17T19:17:30.641451	131	3.84000000e+02
7.01470340e+00	2022-05-17T19:17:30.657114	132	3.87000000e+02
7.02663010e+00	2022-05-17T19:17:30.672778	133	4.39000000e+02
7.04776320e+00	2022-05-17T19:17:30.688360	134	3.88000000e+02
7.06560400e+00	2022-05-17T19:17:30.719595	135	4.08000000e+02
7.07114390e+00	2022-05-17T19:17:30.719595	136	3.84000000e+02
7.07975660e+00	2022-05-17T19:17:30.719595	137	3.83000000e+02
7.08782310e+00	2022-05-17T19:17:30.735215	138	3.83000000e+02
7.09580040e+00	2022-05-17T19:17:30.735215	139	4.10000000e+02
7.11666090e+00	2022-05-17T19:17:30.766456	140	3.86000000e+02
7.13672300e+00	2022-05-17T19:17:30.782078	141	3.83000000e+02
7.14532490e+00	2022-05-17T19:17:30.797665	142	3.84000000e+02
7.15343400e+00	2022-05-17T19:17:30.797665	143	4.23000000e+02
7.16148940e+00	2022-05-17T19:17:30.813318	144	3.89000000e+02
7.17022820e+00	2022-05-17T19:17:30.813318	145	3.83000000e+02
7.19006060e+00	2022-05-17T19:17:30.844590	146	3.76000000e+02
7.19592410e+00	2022-05-17T19:17:30.844590	147	3.95000000e+02
7.22039940e+00	2022-05-17T19:17:30.860149	148	3.87000000e+02
7.22249470e+00	2022-05-17T19:17:30.875772	149	3.87000000e+02
7.23099260e+00	2022-05-17T19:17:30.875772	150	3.89000000e+02
7.23930690e+00	2022-05-17T19:17:30.891392	151	4.10000000e+02
7.24763270e+00	2022-05-17T19:17:30.891392	152	3.84000000e+02
7.28418480e+00	2022-05-17T19:17:30.938261	153	3.72000000e+02
7.29742030e+00	2022-05-17T19:17:30.938261	154	3.85000000e+02
7.30881110e+00	2022-05-17T19:17:30.953914	155	3.90000000e+02
7.33463770e+00	2022-05-17T19:17:30.985120	156	3.83000000e+02
7.35284980e+00	2022-05-17T19:17:31.000745	157	3.91000000e+02
7.36104580e+00	2022-05-17T19:17:31.000745	158	3.83000000e+02
7.37041130e+00	2022-05-17T19:17:31.016398	159	3.87000000e+02
7.39300020e+00	2022-05-17T19:17:31.047606	160	3.84000000e+02
7.40085550e+00	2022-05-17T19:17:31.047606	161	3.83000000e+02
7.42449850e+00	2022-05-17T19:17:31.078847	162	3.83000000e+02
7.43593640e+00	2022-05-17T19:17:31.078847	163	3.85000000e+02
7.44401750e+00	2022-05-17T19:17:31.094502	164	3.84000000e+02
7.45228960e+00	2022-05-17T19:17:31.094502	165	3.89000000e+02
7.47657520e+00	2022-05-17T19:17:31.125712	166	3.91000000e+02
7.48549780e+00	2022-05-17T19:17:31.125712	167	3.87000000e+02
7.50157670e+00	2022-05-17T19:17:31.141371	168	3.83000000e+02
7.50953680e+00	2022-05-17T19:17:31.156955	169	3.72000000e+02
7.51845510e+00	2022-05-17T19:17:31.172577	170	3.84000000e+02
7.53842520e+00	2022-05-17T19:17:31.188205	171	3.85000000e+02
7.55799820e+00	2022-05-17T19:17:31.203819	172	4.12000000e+02
7.56702820e+00	2022-05-17T19:17:31.219439	173	3.84000000e+02
7.57496810e+00	2022-05-17T19:17:31.219439	174	4.33000000e+02
7.58353900e+00	2022-05-17T19:17:31.235063	175	3.85000000e+02
7.59203530e+00	2022-05-17T19:17:31.235063	176	3.85000000e+02
7.61174930e+00	2022-05-17T19:17:31.266343	177	3.84000000e+02
7.64122040e+00	2022-05-17T19:17:31.281969	178	3.82000000e+02
7.64458410e+00	2022-05-17T19:17:31.297582	179	3.87000000e+02
7.65302100e+00	2022-05-17T19:17:31.297582	180	3.96000000e+02
7.67915370e+00	2022-05-17T19:17:31.329383	181	3.83000000e+02
7.70330790e+00	2022-05-17T19:17:31.345004	182	3.84000000e+02
7.70614460e+00	2022-05-17T19:17:31.360695	183	3.85000000e+02
7.71437560e+00	2022-05-17T19:17:31.360695	184	3.84000000e+02
7.73961970e+00	2022-05-17T19:17:31.391904	185	3.94000000e+02
7.75049550e+00	2022-05-17T19:17:31.391904	186	3.83000000e+02
7.76621420e+00	2022-05-17T19:17:31.407530	187	4.38000000e+02
7.77586180e+00	2022-05-17T19:17:31.423110	188	3.87000000e+02
7.78583610e+00	2022-05-17T19:17:31.438801	189	3.87000000e+02
7.80361730e+00	2022-05-17T19:17:31.454391	190	3.92000000e+02
7.81545050e+00	2022-05-17T19:17:31.470034	191	3.93000000e+02
7.83127890e+00	2022-05-17T19:17:31.485633	192	3.83000000e+02
7.84130990e+00	2022-05-17T19:17:31.485633	193	4.08000000e+02
7.85049120e+00	2022-05-17T19:17:31.501804	194	4.26000000e+02
7.85776980e+00	2022-05-17T19:17:31.501804	195	3.83000000e+02
7.88271900e+00	2022-05-17T19:17:31.533052	196	3.84000000e+02
7.89412730e+00	2022-05-17T19:17:31.548673	197	3.85000000e+02
7.90988380e+00	2022-05-17T19:17:31.564294	198	3.84000000e+02
7.91134340e+00	2022-05-17T19:17:31.564294	199	3.84000000e+02
7.91957490e+00	2022-05-17T19:17:31.564294	200	3.94000000e+02
7.92818000e+00	2022-05-17T19:17:31.579915	201	4.12000000e+02
7.93984630e+00	2022-05-17T19:17:31.579915	202	4.12000000e+02
7.96646170e+00	2022-05-17T19:17:31.611190	203	3.86000000e+02
7.98875720e+00	2022-05-17T19:17:31.642401	204	3.87000000e+02
7.99706440e+00	2022-05-17T19:17:31.642401	205	3.88000000e+02
8.00523470e+00	2022-05-17T19:17:31.658054	206	3.76000000e+02
8.01339920e+00	2022-05-17T19:17:31.658054	207	3.92000000e+02
8.03463850e+00	2022-05-17T19:17:31.689299	208	3.89000000e+02
8.04506280e+00	2022-05-17T19:17:31.689299	209	3.87000000e+02
8.06236960e+00	2022-05-17T19:17:31.704886	210	3.89000000e+02
8.07074690e+00	2022-05-17T19:17:31.720541	211	4.15000000e+02
8.07875990e+00	2022-05-17T19:17:31.720541	212	3.93000000e+02
8.09888480e+00	2022-05-17T19:17:31.751784	213	3.89000000e+02
8.10902380e+00	2022-05-17T19:17:31.751784	214	3.87000000e+02
8.12606850e+00	2022-05-17T19:17:31.767411	215	3.86000000e+02
8.13621380e+00	2022-05-17T19:17:31.782992	216	3.97000000e+02
8.16251110e+00	2022-05-17T19:17:31.814235	217	3.91000000e+02
8.18840940e+00	2022-05-17T19:17:31.829896	218	3.83000000e+02
8.19024190e+00	2022-05-17T19:17:31.829896	219	3.85000000e+02
8.20178260e+00	2022-05-17T19:17:31.845512	220	3.87000000e+02
8.22458410e+00	2022-05-17T19:17:31.876790	221	3.83000000e+02
8.23788380e+00	2022-05-17T19:17:31.892392	222	3.94000000e+02
8.25284500e+00	2022-05-17T19:17:31.892392	223	3.89000000e+02
8.25517190e+00	2022-05-17T19:17:31.908000	224	3.95000000e+02
8.26312270e+00	2022-05-17T19:17:31.908000	225	3.83000000e+02
8.27166840e+00	2022-05-17T19:17:31.923624	226	3.74000000e+02
8.27973490e+00	2022-05-17T19:17:31.923624	227	3.92000000e+02
8.30018520e+00	2022-05-17T19:17:31.954826	228	3.83000000e+02
8.31011130e+00	2022-05-17T19:17:31.954826	229	3.84000000e+02
8.32650680e+00	2022-05-17T19:17:31.970447	230	3.95000000e+02
8.33697700e+00	2022-05-17T19:17:31.986068	231	3.83000000e+02
8.34493810e+00	2022-05-17T19:17:31.986068	232	4.03000000e+02
8.36523990e+00	2022-05-17T19:17:32.017312	233	3.87000000e+02
8.38281590e+00	2022-05-17T19:17:32.032933	234	3.84000000e+02
8.39539490e+00	2022-05-17T19:17:32.048554	235	4.16000000e+02
8.40253570e+00	2022-05-17T19:17:32.048554	236	4.43000000e+02
8.41947010e+00	2022-05-17T19:17:32.064208	237	3.83000000e+02
8.42780380e+00	2022-05-17T19:17:32.079835	238	4.03000000e+02
8.45460580e+00	2022-05-17T19:17:32.095455	239	3.82000000e+02
8.46381490e+00	2022-05-17T19:17:32.111078	240	3.76000000e+02
8.47236960e+00	2022-05-17T19:17:32.126726	241	3.85000000e+02
8.49163760e+00	2022-05-17T19:17:32.142344	242	4.09000000e+02
8.50214000e+00	2022-05-17T19:17:32.142344	243	3.96000000e+02
8.52024110e+00	2022-05-17T19:17:32.173558	244	3.85000000e+02
8.52931370e+00	2022-05-17T19:17:32.173558	245	4.29000000e+02
8.53764660e+00	2022-05-17T19:17:32.189262	246	3.88000000e+02
8.54583170e+00	2022-05-17T19:17:32.189262	247	3.78000000e+02
8.56842670e+00	2022-05-17T19:17:32.220389	248	4.05000000e+02
8.58845020e+00	2022-05-17T19:17:32.236058	249	3.86000000e+02
8.59898520e+00	2022-05-17T19:17:32.251664	250	3.89000000e+02
8.60727850e+00	2022-05-17T19:17:32.251664	251	3.84000000e+02
8.63023560e+00	2022-05-17T19:17:32.282920	252	3.87000000e+02
8.64058720e+00	2022-05-17T19:17:32.282920	253	3.99000000e+02
8.65726510e+00	2022-05-17T19:17:32.298549	254	4.07000000e+02
8.66860790e+00	2022-05-17T19:17:32.314241	255	3.88000000e+02
8.70217110e+00	2022-05-17T19:17:32.345486	256	3.83000000e+02
8.72032120e+00	2022-05-17T19:17:32.361147	257	3.91000000e+02
8.72190890e+00	2022-05-17T19:17:32.376774	258	3.86000000e+02
8.73028290e+00	2022-05-17T19:17:32.376774	259	3.83000000e+02
8.73872370e+00	2022-05-17T19:17:32.392385	260	3.84000000e+02
8.74642170e+00	2022-05-17T19:17:32.392385	261	3.85000000e+02
8.77047340e+00	2022-05-17T19:17:32.423595	262	3.86000000e+02
8.78834630e+00	2022-05-17T19:17:32.439217	263	3.87000000e+02
8.79710320e+00	2022-05-17T19:17:32.439217	264	3.88000000e+02
8.80790780e+00	2022-05-17T19:17:32.454836	265	3.87000000e+02
8.82403250e+00	2022-05-17T19:17:32.470457	266	3.93000000e+02
8.83341680e+00	2022-05-17T19:17:32.486714	267	3.86000000e+02
8.84244320e+00	2022-05-17T19:17:32.486714	268	4.35000000e+02
8.86118610e+00	2022-05-17T19:17:32.502374	269	4.05000000e+02
8.86938560e+00	2022-05-17T19:17:32.517995	270	3.88000000e+02
8.87737990e+00	2022-05-17T19:17:32.517995	271	3.88000000e+02
8.89771150e+00	2022-05-17T19:17:32.549203	272	3.95000000e+02
8.90726300e+00	2022-05-17T19:17:32.549203	273	3.86000000e+02
8.92490730e+00	2022-05-17T19:17:32.564870	274	3.88000000e+02
8.93499370e+00	2022-05-17T19:17:32.580445	275	3.87000000e+02
8.96031530e+00	2022-05-17T19:17:32.611688	276	3.89000000e+02
8.97068380e+00	2022-05-17T19:17:32.611688	277	3.91000000e+02
8.98867950e+00	2022-05-17T19:17:32.642967	278	3.87000000e+02
8.99620930e+00	2022-05-17T19:17:32.642967	279	3.89000000e+02
9.00464830e+00	2022-05-17T19:17:32.658590	280	3.84000000e+02
9.01273130e+00	2022-05-17T19:17:32.658590	281	3.88000000e+02
9.03653220e+00	2022-05-17T19:17:32.689794	282	3.84000000e+02
9.06386670e+00	2022-05-17T19:17:32.705455	283	3.86000000e+02
9.07409900e+00	2022-05-17T19:17:32.721079	284	3.93000000e+02
9.08238640e+00	2022-05-17T19:17:32.736660	285	3.83000000e+02
9.10354700e+00	2022-05-17T19:17:32.752279	286	3.94000000e+02
9.12118550e+00	2022-05-17T19:17:32.767936	287	3.83000000e+02
9.13142460e+00	2022-05-17T19:17:32.783562	288	4.29000000e+02
9.13966640e+00	2022-05-17T19:17:32.783562	289	3.85000000e+02
9.14823930e+00	2022-05-17T19:17:32.799144	290	3.91000000e+02
9.15612160e+00	2022-05-17T19:17:32.799144	291	3.83000000e+02
9.17708620e+00	2022-05-17T19:17:32.830422	292	3.73000000e+02
9.19168420e+00	2022-05-17T19:17:32.846048	293	3.86000000e+02
9.20572860e+00	2022-05-17T19:17:32.846048	294	3.88000000e+02
9.20916470e+00	2022-05-17T19:17:32.861629	295	3.88000000e+02
9.21771900e+00	2022-05-17T19:17:32.861629	296	3.89000000e+02
9.24136220e+00	2022-05-17T19:17:32.892871	297	3.86000000e+02
9.26178880e+00	2022-05-17T19:17:32.908494	298	3.89000000e+02
9.26339640e+00	2022-05-17T19:17:32.908494	299	3.91000000e+02
9.27469680e+00	2022-05-17T19:17:32.924156	300	3.87000000e+02
9.28334070e+00	2022-05-17T19:17:32.924156	301	3.85000000e+02
9.29141110e+00	2022-05-17T19:17:32.939736	302	4.23000000e+02
9.29970870e+00	2022-05-17T19:17:32.939736	303	3.96000000e+02
9.31858860e+00	2022-05-17T19:17:32.971019	304	3.86000000e+02
9.32846860e+00	2022-05-17T19:17:32.971019	305	3.88000000e+02
9.34808280e+00	2022-05-17T19:17:33.002257	306	4.32000000e+02
9.35668130e+00	2022-05-17T19:17:33.002257	307	3.83000000e+02
9.36568060e+00	2022-05-17T19:17:33.019413	308	4.31000000e+02
9.37714880e+00	2022-05-17T19:17:33.019413	309	3.83000000e+02
9.39960890e+00	2022-05-17T19:17:33.041142	310	3.90000000e+02
9.41968290e+00	2022-05-17T19:17:33.072389	311	3.83000000e+02
9.43029470e+00	2022-05-17T19:17:33.072389	312	3.84000000e+02
9.43873580e+00	2022-05-17T19:17:33.088047	313	3.73000000e+02
9.44700810e+00	2022-05-17T19:17:33.088047	314	3.86000000e+02
9.46713650e+00	2022-05-17T19:17:33.119252	315	3.97000000e+02
9.47850930e+00	2022-05-17T19:17:33.119252	316	3.88000000e+02
9.49014260e+00	2022-05-17T19:17:33.134874	317	3.88000000e+02
9.50000570e+00	2022-05-17T19:17:33.150539	318	3.88000000e+02
9.50819740e+00	2022-05-17T19:17:33.150539	319	3.88000000e+02
9.51788600e+00	2022-05-17T19:17:33.166117	320	4.02000000e+02
9.53433830e+00	2022-05-17T19:17:33.181738	321	4.23000000e+02
9.54600580e+00	2022-05-17T19:17:33.197397	322	3.83000000e+02
9.56662500e+00	2022-05-17T19:17:33.213020	323	3.96000000e+02
9.57799040e+00	2022-05-17T19:17:33.228601	324	3.84000000e+02
9.58626200e+00	2022-05-17T19:17:33.228601	325	3.83000000e+02
9.59440460e+00	2022-05-17T19:17:33.244237	326	3.89000000e+02
9.60266500e+00	2022-05-17T19:17:33.244237	327	3.84000000e+02
9.62514730e+00	2022-05-17T19:17:33.275547	328	3.86000000e+02
9.64448410e+00	2022-05-17T19:17:33.291170	329	3.86000000e+02
9.65385570e+00	2022-05-17T19:17:33.307375	330	3.87000000e+02
9.66376780e+00	2022-05-17T19:17:33.307375	331	3.83000000e+02
9.67213150e+00	2022-05-17T19:17:33.322999	332	4.00000000e+02
9.68095700e+00	2022-05-17T19:17:33.322999	333	3.97000000e+02
9.70294960e+00	2022-05-17T19:17:33.354241	334	3.86000000e+02
9.72952510e+00	2022-05-17T19:17:33.369862	335	3.85000000e+02
9.73771320e+00	2022-05-17T19:17:33.385484	336	3.88000000e+02
9.74578090e+00	2022-05-17T19:17:33.385484	337	3.87000000e+02
9.76803180e+00	2022-05-17T19:17:33.416726	338	3.89000000e+02
9.77921680e+00	2022-05-17T19:17:33.432348	339	4.31000000e+02
9.79920130e+00	2022-05-17T19:17:33.447973	340	3.88000000e+02
9.80713790e+00	2022-05-17T19:17:33.447973	341	3.86000000e+02
9.81601270e+00	2022-05-17T19:17:33.463592	342	3.87000000e+02
9.82371830e+00	2022-05-17T19:17:33.463592	343	3.87000000e+02
9.84457470e+00	2022-05-17T19:17:33.495364	344	3.87000000e+02
9.85765430e+00	2022-05-17T19:17:33.511037	345	3.87000000e+02
9.87254800e+00	2022-05-17T19:17:33.526648	346	3.85000000e+02
9.87684720e+00	2022-05-17T19:17:33.526648	347	3.74000000e+02
9.88512170e+00	2022-05-17T19:17:33.526648	348	3.87000000e+02
9.89377900e+00	2022-05-17T19:17:33.542233	349	3.90000000e+02
9.90172830e+00	2022-05-17T19:17:33.542233	350	3.84000000e+02
9.92142990e+00	2022-05-17T19:17:33.573473	351	3.83000000e+02
9.93148590e+00	2022-05-17T19:17:33.573473	352	4.33000000e+02
9.95065310e+00	2022-05-17T19:17:33.604717	353	3.84000000e+02
9.95871480e+00	2022-05-17T19:17:33.604717	354	3.84000000e+02
9.96788750e+00	2022-05-17T19:17:33.620338	355	3.91000000e+02
9.97917590e+00	2022-05-17T19:17:33.620338	356	3.84000000e+02
1.00087196e+01	2022-05-17T19:17:33.651581	357	3.89000000e+02
1.00288189e+01	2022-05-17T19:17:33.682861	358	3.83000000e+02
1.00368855e+01	2022-05-17T19:17:33.682861	359	3.84000000e+02
1.00448176e+01	2022-05-17T19:17:33.698445	360	4.31000000e+02
1.00532316e+01	2022-05-17T19:17:33.698445	361	3.83000000e+02
1.00760727e+01	2022-05-17T19:17:33.729687	362	3.93000000e+02
1.01018515e+01	2022-05-17T19:17:33.745308	363	3.84000000e+02
1.01107169e+01	2022-05-17T19:17:33.760930	364	3.85000000e+02
1.01186812e+01	2022-05-17T19:17:33.760930	365	3.84000000e+02
1.01266990e+01	2022-05-17T19:17:33.776550	366	4.16000000e+02
1.01356512e+01	2022-05-17T19:17:33.776550	367	3.83000000e+02
1.01559113e+01	2022-05-17T19:17:33.807795	368	4.05000000e+02
1.01660492e+01	2022-05-17T19:17:33.807795	369	3.84000000e+02
1.01863391e+01	2022-05-17T19:17:33.839035	370	4.02000000e+02
1.01963167e+01	2022-05-17T19:17:33.839035	371	3.91000000e+02
1.02053211e+01	2022-05-17T19:17:33.854657	372	3.84000000e+02
1.02313260e+01	2022-05-17T19:17:33.885899	373	3.88000000e+02
1.02456271e+01	2022-05-17T19:17:33.885899	374	3.86000000e+02
1.02665448e+01	2022-05-17T19:17:33.917143	375	3.88000000e+02
1.02745877e+01	2022-05-17T19:17:33.917143	376	3.85000000e+02
1.02825684e+01	2022-05-17T19:17:33.933089	377	3.84000000e+02
1.02916709e+01	2022-05-17T19:17:33.933089	378	3.87000000e+02
1.03127911e+01	2022-05-17T19:17:33.964043	379	3.86000000e+02
1.03239665e+01	2022-05-17T19:17:33.964043	380	4.01000000e+02
1.03443260e+01	2022-05-17T19:17:33.995249	381	4.23000000e+02
1.03522116e+01	2022-05-17T19:17:33.995249	382	4.23000000e+02
1.03602032e+01	2022-05-17T19:17:34.010932	383	3.91000000e+02
1.03687152e+01	2022-05-17T19:17:34.010932	384	3.88000000e+02
1.03922810e+01	2022-05-17T19:17:34.042112	385	3.89000000e+02
1.04196710e+01	2022-05-17T19:17:34.073355	386	3.95000000e+02
1.04256006e+01	2022-05-17T19:17:34.073355	387	3.93000000e+02
1.04340777e+01	2022-05-17T19:17:34.073355	388	3.77000000e+02
1.04420626e+01	2022-05-17T19:17:34.088976	389	4.00000000e+02
1.04656141e+01	2022-05-17T19:17:34.120221	390	4.01000000e+02
1.04715697e+01	2022-05-17T19:17:34.120221	391	3.76000000e+02
1.04816919e+01	2022-05-17T19:17:34.135841	392	3.88000000e+02
1.05022218e+01	2022-05-17T19:17:34.151462	393	3.86000000e+02
1.05118308e+01	2022-05-17T19:17:34.151462	394	3.88000000e+02
1.05208946e+01	2022-05-17T19:17:34.167084	395	4.08000000e+02
1.05486298e+01	2022-05-17T19:17:34.198364	396	3.87000000e+02
1.05596647e+01	2022-05-17T19:17:34.213948	397	4.35000000e+02
1.05761906e+01	2022-05-17T19:17:34.229568	398	3.77000000e+02
1.05822461e+01	2022-05-17T19:17:34.229568	399	3.88000000e+02
1.05936955e+01	2022-05-17T19:17:34.245221	400	3.89000000e+02
1.06021359e+01	2022-05-17T19:17:34.245221	401	3.83000000e+02
1.06252669e+01	2022-05-17T19:17:34.276433	402	3.89000000e+02
1.06374930e+01	2022-05-17T19:17:34.292053	403	3.84000000e+02
1.06568157e+01	2022-05-17T19:17:34.308276	404	3.87000000e+02
1.06633496e+01	2022-05-17T19:17:34.308276	405	3.84000000e+02
1.06715632e+01	2022-05-17T19:17:34.323899	406	3.88000000e+02
1.06797617e+01	2022-05-17T19:17:34.323899	407	3.83000000e+02
1.07045515e+01	2022-05-17T19:17:34.355144	408	3.97000000e+02
1.07141022e+01	2022-05-17T19:17:34.355144	409	4.35000000e+02
1.07335928e+01	2022-05-17T19:17:34.386385	410	3.84000000e+02
1.07449488e+01	2022-05-17T19:17:34.386385	411	3.88000000e+02
1.07535331e+01	2022-05-17T19:17:34.402006	412	3.93000000e+02
1.07614461e+01	2022-05-17T19:17:34.402006	413	3.87000000e+02
1.07746267e+01	2022-05-17T19:17:34.417628	414	3.90000000e+02
1.07900352e+01	2022-05-17T19:17:34.433249	415	3.86000000e+02
1.08089911e+01	2022-05-17T19:17:34.448870	416	3.97000000e+02
1.08188986e+01	2022-05-17T19:17:34.464491	417	3.87000000e+02
1.08425475e+01	2022-05-17T19:17:34.496267	418	3.92000000e+02
1.08526646e+01	2022-05-17T19:17:34.496267	419	4.35000000e+02
1.08718325e+01	2022-05-17T19:17:34.511892	420	3.92000000e+02
1.08760933e+01	2022-05-17T19:17:34.527513	421	3.88000000e+02
1.08846429e+01	2022-05-17T19:17:34.527513	422	3.88000000e+02
1.08931588e+01	2022-05-17T19:17:34.543133	423	3.95000000e+02
1.09010057e+01	2022-05-17T19:17:34.543133	424	3.90000000e+02
1.09197731e+01	2022-05-17T19:17:34.574420	425	3.87000000e+02
1.09317898e+01	2022-05-17T19:17:34.574420	426	4.33000000e+02
1.09461979e+01	2022-05-17T19:17:34.590032	427	3.76000000e+02
1.09542670e+01	2022-05-17T19:17:34.605654	428	3.84000000e+02
1.09623745e+01	2022-05-17T19:17:34.605654	429	3.87000000e+02
1.09705432e+01	2022-05-17T19:17:34.621239	430	3.85000000e+02
1.09786961e+01	2022-05-17T19:17:34.621239	431	4.01000000e+02
1.10084346e+01	2022-05-17T19:17:34.652482	432	3.86000000e+02
1.10289690e+01	2022-05-17T19:17:34.683755	433	3.84000000e+02
1.10403383e+01	2022-05-17T19:17:34.683755	434	3.90000000e+02
1.10625624e+01	2022-05-17T19:17:34.714967	435	3.86000000e+02
1.10928712e+01	2022-05-17T19:17:34.746211	436	4.19000000e+02
1.10982270e+01	2022-05-17T19:17:34.746211	437	3.88000000e+02
1.11098316e+01	2022-05-17T19:17:34.762164	438	3.84000000e+02
1.11182077e+01	2022-05-17T19:17:34.762164	439	4.25000000e+02
1.11406376e+01	2022-05-17T19:17:34.793074	440	4.31000000e+02
1.11707042e+01	2022-05-17T19:17:34.824317	441	3.90000000e+02
1.11757273e+01	2022-05-17T19:17:34.824317	442	3.76000000e+02
1.11835901e+01	2022-05-17T19:17:34.824317	443	4.29000000e+02
1.11915521e+01	2022-05-17T19:17:34.839937	444	3.88000000e+02
1.12013435e+01	2022-05-17T19:17:34.855562	445	3.87000000e+02
1.12165871e+01	2022-05-17T19:17:34.871180	446	3.88000000e+02
1.12475053e+01	2022-05-17T19:17:34.886859	447	3.87000000e+02
1.12570317e+01	2022-05-17T19:17:34.902423	448	3.93000000e+02
1.12655037e+01	2022-05-17T19:17:34.918044	449	3.88000000e+02
1.12735080e+01	2022-05-17T19:17:34.918044	450	3.97000000e+02
1.13188539e+01	2022-05-17T19:17:34.964977	451	3.91000000e+02
1.13270641e+01	2022-05-17T19:17:34.980533	452	3.99000000e+02
1.13351000e+01	2022-05-17T19:17:34.980533	453	3.89000000e+02
1.13431095e+01	2022-05-17T19:17:34.996220	454	3.83000000e+02
1.13515076e+01	2022-05-17T19:17:34.996220	455	3.96000000e+02
1.13800991e+01	2022-05-17T19:17:35.027394	456	3.82000000e+02
1.14039217e+01	2022-05-17T19:17:35.058640	457	3.80000000e+02
1.14086154e+01	2022-05-17T19:17:35.058640	458	3.84000000e+02
1.14170444e+01	2022-05-17T19:17:35.058640	459	3.89000000e+02
1.14251920e+01	2022-05-17T19:17:35.074287	460	3.88000000e+02
1.14339392e+01	2022-05-17T19:17:35.074287	461	3.89000000e+02
1.14503436e+01	2022-05-17T19:17:35.089878	462	3.89000000e+02
1.14798229e+01	2022-05-17T19:17:35.121121	463	3.72000000e+02
1.14824452e+01	2022-05-17T19:17:35.136742	464	3.87000000e+02
1.14913405e+01	2022-05-17T19:17:35.136742	465	3.87000000e+02
1.15052814e+01	2022-05-17T19:17:35.152363	466	3.84000000e+02
1.15169724e+01	2022-05-17T19:17:35.167984	467	3.96000000e+02
1.15464264e+01	2022-05-17T19:17:35.199227	468	3.78000000e+02
1.15561577e+01	2022-05-17T19:17:35.199227	469	3.87000000e+02
1.15642812e+01	2022-05-17T19:17:35.214849	470	3.99000000e+02
1.15725713e+01	2022-05-17T19:17:35.214849	471	3.88000000e+02
1.15914941e+01	2022-05-17T19:17:35.246091	472	3.88000000e+02
1.15949451e+01	2022-05-17T19:17:35.246091	473	4.35000000e+02
1.16212331e+01	2022-05-17T19:17:35.261713	474	3.86000000e+02
1.16255160e+01	2022-05-17T19:17:35.277334	475	3.72000000e+02
1.16340205e+01	2022-05-17T19:17:35.277334	476	3.85000000e+02
1.16551167e+01	2022-05-17T19:17:35.309155	477	3.82000000e+02
1.16648819e+01	2022-05-17T19:17:35.309155	478	3.88000000e+02
1.16854558e+01	2022-05-17T19:17:35.324780	479	3.89000000e+02
1.16953548e+01	2022-05-17T19:17:35.340401	480	3.88000000e+02
1.17038156e+01	2022-05-17T19:17:35.356022	481	4.38000000e+02
1.17118657e+01	2022-05-17T19:17:35.356022	482	3.91000000e+02
1.17285154e+01	2022-05-17T19:17:35.371643	483	3.95000000e+02
1.17387386e+01	2022-05-17T19:17:35.387264	484	3.88000000e+02
1.17625585e+01	2022-05-17T19:17:35.402886	485	3.84000000e+02
1.17710411e+01	2022-05-17T19:17:35.418508	486	3.89000000e+02
1.17735301e+01	2022-05-17T19:17:35.418508	487	3.87000000e+02
1.17814206e+01	2022-05-17T19:17:35.434193	488	3.88000000e+02
1.17896797e+01	2022-05-17T19:17:35.434193	489	3.97000000e+02
1.18125332e+01	2022-05-17T19:17:35.465371	490	3.86000000e+02
1.18225854e+01	2022-05-17T19:17:35.465371	491	3.84000000e+02
1.18440635e+01	2022-05-17T19:17:35.497432	492	3.76000000e+02
1.18551011e+01	2022-05-17T19:17:35.497432	493	3.88000000e+02
1.18632999e+01	2022-05-17T19:17:35.513120	494	3.89000000e+02
1.18716283e+01	2022-05-17T19:17:35.513120	495	3.99000000e+02
1.18986116e+01	2022-05-17T19:17:35.544300	496	3.87000000e+02
1.19133642e+01	2022-05-17T19:17:35.559985	497	3.91000000e+02
1.19218951e+01	2022-05-17T19:17:35.575582	498	3.87000000e+02
1.19331688e+01	2022-05-17T19:17:35.575582	499	3.84000000e+02
1.19412156e+01	2022-05-17T19:17:35.591486	500	3.87000000e+02
1.19508547e+01	2022-05-17T19:17:35.591486	501	3.91000000e+02
1.19906103e+01	2022-05-17T19:17:35.638061	502	3.86000000e+02
1.19995447e+01	2022-05-17T19:17:35.653648	503	3.88000000e+02
1.20107703e+01	2022-05-17T19:17:35.653648	504	3.88000000e+02
1.20192095e+01	2022-05-17T19:17:35.669313	505	3.94000000e+02
1.20270879e+01	2022-05-17T19:17:35.669313	506	3.89000000e+02
1.20479661e+01	2022-05-17T19:17:35.700586	507	3.86000000e+02
1.20616999e+01	2022-05-17T19:17:35.716173	508	3.89000000e+02
1.20786779e+01	2022-05-17T19:17:35.731793	509	3.90000000e+02
1.20886110e+01	2022-05-17T19:17:35.731793	510	3.84000000e+02
1.20967882e+01	2022-05-17T19:17:35.747376	511	3.80000000e+02
1.21050643e+01	2022-05-17T19:17:35.747376	512	3.88000000e+02
1.21253883e+01	2022-05-17T19:17:35.778654	513	3.86000000e+02
1.21350425e+01	2022-05-17T19:17:35.778654	514	4.39000000e+02
1.21487649e+01	2022-05-17T19:17:35.794275	515	3.95000000e+02
1.21635764e+01	2022-05-17T19:17:35.809862	516	3.87000000e+02
1.21744937e+01	2022-05-17T19:17:35.825521	517	3.89000000e+02
1.21840157e+01	2022-05-17T19:17:35.825521	518	3.93000000e+02
1.22245555e+01	2022-05-17T19:17:35.872382	519	3.84000000e+02
1.22339762e+01	2022-05-17T19:17:35.888010	520	3.85000000e+02
1.22441580e+01	2022-05-17T19:17:35.888010	521	3.87000000e+02
1.22525276e+01	2022-05-17T19:17:35.903589	522	3.90000000e+02
1.22605318e+01	2022-05-17T19:17:35.903589	523	3.88000000e+02
1.22760285e+01	2022-05-17T19:17:35.919267	524	3.87000000e+02
1.22949839e+01	2022-05-17T19:17:35.934832	525	3.87000000e+02
1.23120846e+01	2022-05-17T19:17:35.966113	526	4.30000000e+02
1.23183642e+01	2022-05-17T19:17:35.966113	527	3.83000000e+02
1.23262018e+01	2022-05-17T19:17:35.966113	528	3.72000000e+02
1.23346595e+01	2022-05-17T19:17:35.981695	529	3.84000000e+02
1.23424412e+01	2022-05-17T19:17:35.981695	530	3.84000000e+02
1.23740724e+01	2022-05-17T19:17:36.028624	531	3.82000000e+02
1.23918516e+01	2022-05-17T19:17:36.044180	532	3.83000000e+02
1.23999538e+01	2022-05-17T19:17:36.044180	533	3.87000000e+02
1.24080583e+01	2022-05-17T19:17:36.059801	534	3.87000000e+02
1.24169171e+01	2022-05-17T19:17:36.059801	535	3.76000000e+02
1.24472032e+01	2022-05-17T19:17:36.091049	536	3.92000000e+02
1.24687675e+01	2022-05-17T19:17:36.122289	537	4.29000000e+02
1.24783663e+01	2022-05-17T19:17:36.122289	538	3.88000000e+02
1.24860071e+01	2022-05-17T19:17:36.137907	539	3.87000000e+02
1.24939704e+01	2022-05-17T19:17:36.137907	540	3.84000000e+02
1.25162007e+01	2022-05-17T19:17:36.169150	541	3.86000000e+02
1.25392669e+01	2022-05-17T19:17:36.184772	542	3.90000000e+02
1.25482555e+01	2022-05-17T19:17:36.200394	543	3.89000000e+02
1.25594753e+01	2022-05-17T19:17:36.200394	544	4.31000000e+02
1.25679291e+01	2022-05-17T19:17:36.216014	545	3.88000000e+02
1.25759287e+01	2022-05-17T19:17:36.216014	546	3.76000000e+02
1.25948975e+01	2022-05-17T19:17:36.247320	547	3.82000000e+02
1.26053329e+01	2022-05-17T19:17:36.247320	548	4.29000000e+02
1.26279769e+01	2022-05-17T19:17:36.278539	549	3.83000000e+02
1.26374648e+01	2022-05-17T19:17:36.278539	550	3.84000000e+02
1.26457547e+01	2022-05-17T19:17:36.294155	551	3.91000000e+02
1.26539274e+01	2022-05-17T19:17:36.294155	552	3.87000000e+02
1.26719896e+01	2022-05-17T19:17:36.325988	553	3.83000000e+02
1.26951891e+01	2022-05-17T19:17:36.341601	554	3.88000000e+02
1.27038255e+01	2022-05-17T19:17:36.357226	555	3.76000000e+02
1.27153545e+01	2022-05-17T19:17:36.357226	556	3.83000000e+02
1.27234903e+01	2022-05-17T19:17:36.372845	557	4.04000000e+02
1.27326310e+01	2022-05-17T19:17:36.372845	558	3.83000000e+02
1.27587194e+01	2022-05-17T19:17:36.404087	559	3.86000000e+02
1.27656094e+01	2022-05-17T19:17:36.419711	560	3.84000000e+02
1.27837106e+01	2022-05-17T19:17:36.435332	561	3.87000000e+02
1.27928551e+01	2022-05-17T19:17:36.435332	562	3.84000000e+02
1.28013559e+01	2022-05-17T19:17:36.450952	563	3.76000000e+02
1.28092507e+01	2022-05-17T19:17:36.450952	564	4.23000000e+02
1.28377786e+01	2022-05-17T19:17:36.482195	565	3.87000000e+02
1.28437961e+01	2022-05-17T19:17:36.498401	566	3.88000000e+02
1.28623073e+01	2022-05-17T19:17:36.516183	567	3.87000000e+02
1.28666947e+01	2022-05-17T19:17:36.516183	568	3.88000000e+02
1.28749603e+01	2022-05-17T19:17:36.516183	569	3.94000000e+02
1.28836049e+01	2022-05-17T19:17:36.531867	570	4.04000000e+02
1.28913150e+01	2022-05-17T19:17:36.531867	571	4.36000000e+02
1.29104855e+01	2022-05-17T19:17:36.563085	572	3.83000000e+02
1.29241951e+01	2022-05-17T19:17:36.578711	573	3.88000000e+02
1.29430100e+01	2022-05-17T19:17:36.594337	574	3.82000000e+02
1.29527814e+01	2022-05-17T19:17:36.594337	575	4.03000000e+02
1.29609488e+01	2022-05-17T19:17:36.609977	576	3.86000000e+02
1.29694182e+01	2022-05-17T19:17:36.609977	577	3.97000000e+02
1.29972195e+01	2022-05-17T19:17:36.641194	578	3.84000000e+02
1.30196094e+01	2022-05-17T19:17:36.672432	579	3.84000000e+02
1.30305795e+01	2022-05-17T19:17:36.672432	580	3.88000000e+02
1.30389778e+01	2022-05-17T19:17:36.688057	581	3.91000000e+02
1.30469311e+01	2022-05-17T19:17:36.688057	582	3.88000000e+02
1.30759541e+01	2022-05-17T19:17:36.719260	583	3.90000000e+02
1.30987688e+01	2022-05-17T19:17:36.750548	584	3.86000000e+02
1.31083303e+01	2022-05-17T19:17:36.750548	585	3.90000000e+02
1.31169264e+01	2022-05-17T19:17:36.766163	586	3.94000000e+02
1.31248089e+01	2022-05-17T19:17:36.766163	587	3.92000000e+02
1.31549954e+01	2022-05-17T19:17:36.797369	588	3.90000000e+02
1.31693907e+01	2022-05-17T19:17:36.813027	589	4.05000000e+02
1.31842964e+01	2022-05-17T19:17:36.828608	590	3.93000000e+02
1.31943449e+01	2022-05-17T19:17:36.844265	591	3.88000000e+02
1.32027940e+01	2022-05-17T19:17:36.844265	592	3.95000000e+02
1.32319439e+01	2022-05-17T19:17:36.875508	593	3.88000000e+02
1.32535623e+01	2022-05-17T19:17:36.906752	594	3.88000000e+02
1.32598080e+01	2022-05-17T19:17:36.906752	595	3.87000000e+02
1.32682817e+01	2022-05-17T19:17:36.922336	596	3.91000000e+02
1.32762624e+01	2022-05-17T19:17:36.922336	597	3.88000000e+02
1.33011127e+01	2022-05-17T19:17:36.953607	598	4.06000000e+02
1.33149908e+01	2022-05-17T19:17:36.969246	599	3.89000000e+02
1.33342998e+01	2022-05-17T19:17:36.984856	600	3.86000000e+02
1.33417842e+01	2022-05-17T19:17:36.984856	601	3.87000000e+02
1.33502963e+01	2022-05-17T19:17:37.000480	602	3.90000000e+02
1.33582430e+01	2022-05-17T19:17:37.000480	603	3.90000000e+02
1.33887559e+01	2022-05-17T19:17:37.031686	604	3.87000000e+02
1.34122318e+01	2022-05-17T19:17:37.062964	605	3.86000000e+02
1.34238480e+01	2022-05-17T19:17:37.078550	606	3.88000000e+02
1.34326985e+01	2022-05-17T19:17:37.078550	607	3.87000000e+02
1.34641485e+01	2022-05-17T19:17:37.109826	608	3.95000000e+02
1.34745491e+01	2022-05-17T19:17:37.125451	609	3.99000000e+02
1.34970894e+01	2022-05-17T19:17:37.141069	610	3.84000000e+02
1.35055975e+01	2022-05-17T19:17:37.156690	611	3.88000000e+02
1.35137892e+01	2022-05-17T19:17:37.156690	612	4.21000000e+02
1.35385758e+01	2022-05-17T19:17:37.187899	613	3.93000000e+02
1.35690008e+01	2022-05-17T19:17:37.219177	614	3.86000000e+02
1.35793988e+01	2022-05-17T19:17:37.219177	615	3.96000000e+02
1.35877384e+01	2022-05-17T19:17:37.234762	616	3.88000000e+02
1.35957204e+01	2022-05-17T19:17:37.250385	617	3.84000000e+02
1.36137688e+01	2022-05-17T19:17:37.266005	618	3.87000000e+02
1.36247919e+01	2022-05-17T19:17:37.266005	619	4.06000000e+02
1.36480621e+01	2022-05-17T19:17:37.297286	620	3.87000000e+02
1.36572205e+01	2022-05-17T19:17:37.297286	621	4.19000000e+02
1.36662299e+01	2022-05-17T19:17:37.313483	622	3.98000000e+02
1.37028116e+01	2022-05-17T19:17:37.344728	623	3.89000000e+02
1.37048177e+01	2022-05-17T19:17:37.344728	624	3.83000000e+02
1.37277127e+01	2022-05-17T19:17:37.376008	625	3.86000000e+02
1.37390579e+01	2022-05-17T19:17:37.391592	626	3.88000000e+02
1.37474830e+01	2022-05-17T19:17:37.391592	627	3.91000000e+02
1.37701548e+01	2022-05-17T19:17:37.422834	628	3.87000000e+02
1.38001547e+01	2022-05-17T19:17:37.454078	629	3.87000000e+02
1.38045364e+01	2022-05-17T19:17:37.454078	630	3.88000000e+02
1.38128454e+01	2022-05-17T19:17:37.454078	631	3.89000000e+02
1.38211776e+01	2022-05-17T19:17:37.469698	632	4.21000000e+02
1.38291977e+01	2022-05-17T19:17:37.469698	633	3.96000000e+02
1.38489183e+01	2022-05-17T19:17:37.501579	634	3.88000000e+02
1.38598516e+01	2022-05-17T19:17:37.501579	635	3.88000000e+02
1.38801308e+01	2022-05-17T19:17:37.532868	636	3.93000000e+02
1.38867482e+01	2022-05-17T19:17:37.532868	637	3.97000000e+02
1.38948745e+01	2022-05-17T19:17:37.548451	638	3.90000000e+02
1.39031253e+01	2022-05-17T19:17:37.548451	639	3.77000000e+02
1.39271398e+01	2022-05-17T19:17:37.579729	640	3.89000000e+02
1.39375028e+01	2022-05-17T19:17:37.579729	641	3.88000000e+02
1.39579306e+01	2022-05-17T19:17:37.610972	642	3.98000000e+02
1.39645938e+01	2022-05-17T19:17:37.610972	643	3.87000000e+02
1.39727368e+01	2022-05-17T19:17:37.626587	644	3.95000000e+02
1.39815102e+01	2022-05-17T19:17:37.626587	645	3.84000000e+02
1.40057029e+01	2022-05-17T19:17:37.657830	646	3.99000000e+02
1.40367139e+01	2022-05-17T19:17:37.689083	647	3.82000000e+02
1.40461642e+01	2022-05-17T19:17:37.689083	648	3.89000000e+02
1.40545954e+01	2022-05-17T19:17:37.704695	649	3.98000000e+02
1.40626332e+01	2022-05-17T19:17:37.704695	650	3.91000000e+02
1.40844505e+01	2022-05-17T19:17:37.735936	651	3.88000000e+02
1.41068379e+01	2022-05-17T19:17:37.751556	652	3.72000000e+02
1.41161174e+01	2022-05-17T19:17:37.767178	653	3.87000000e+02
1.41241313e+01	2022-05-17T19:17:37.767178	654	3.90000000e+02
1.41328840e+01	2022-05-17T19:17:37.782804	655	3.89000000e+02
1.41405428e+01	2022-05-17T19:17:37.782804	656	3.96000000e+02
1.41690295e+01	2022-05-17T19:17:37.814008	657	3.89000000e+02
1.41765362e+01	2022-05-17T19:17:37.829675	658	3.87000000e+02
1.41890266e+01	2022-05-17T19:17:37.829675	659	4.33000000e+02
1.42042158e+01	2022-05-17T19:17:37.845283	660	3.88000000e+02
1.42144363e+01	2022-05-17T19:17:37.860905	661	3.87000000e+02
1.42375403e+01	2022-05-17T19:17:37.892114	662	3.89000000e+02
1.42427636e+01	2022-05-17T19:17:37.892114	663	3.74000000e+02
1.42734969e+01	2022-05-17T19:17:37.923397	664	3.87000000e+02
1.42838959e+01	2022-05-17T19:17:37.923397	665	3.99000000e+02
1.42920608e+01	2022-05-17T19:17:37.939013	666	3.88000000e+02
1.43003457e+01	2022-05-17T19:17:37.954638	667	4.38000000e+02
1.43172441e+01	2022-05-17T19:17:37.970256	668	3.86000000e+02
1.43316982e+01	2022-05-17T19:17:37.985879	669	3.87000000e+02
1.43507533e+01	2022-05-17T19:17:38.001496	670	3.86000000e+02
1.43615847e+01	2022-05-17T19:17:38.001496	671	3.87000000e+02
1.43699558e+01	2022-05-17T19:17:38.017124	672	3.91000000e+02
1.43780533e+01	2022-05-17T19:17:38.032707	673	3.87000000e+02
1.43985230e+01	2022-05-17T19:17:38.048327	674	3.87000000e+02
1.44233263e+01	2022-05-17T19:17:38.063989	675	4.33000000e+02
1.44322936e+01	2022-05-17T19:17:38.079571	676	3.87000000e+02
1.44435703e+01	2022-05-17T19:17:38.095223	677	3.87000000e+02
1.44521462e+01	2022-05-17T19:17:38.095223	678	3.89000000e+02
1.44835077e+01	2022-05-17T19:17:38.126436	679	3.87000000e+02
1.45087072e+01	2022-05-17T19:17:38.157716	680	3.87000000e+02
1.45173990e+01	2022-05-17T19:17:38.157716	681	3.89000000e+02
1.45254778e+01	2022-05-17T19:17:38.173333	682	3.88000000e+02
1.45336915e+01	2022-05-17T19:17:38.173333	683	3.99000000e+02
1.45528987e+01	2022-05-17T19:17:38.204575	684	3.87000000e+02
1.45639108e+01	2022-05-17T19:17:38.204575	685	4.04000000e+02
1.45871274e+01	2022-05-17T19:17:38.235819	686	3.87000000e+02
1.45951461e+01	2022-05-17T19:17:38.235819	687	4.01000000e+02
1.46035279e+01	2022-05-17T19:17:38.251439	688	3.89000000e+02
1.46116023e+01	2022-05-17T19:17:38.251439	689	4.29000000e+02
1.46320362e+01	2022-05-17T19:17:38.282708	690	4.16000000e+02
1.46426897e+01	2022-05-17T19:17:38.282708	691	3.86000000e+02
1.46666994e+01	2022-05-17T19:17:38.314504	692	3.87000000e+02
1.46770942e+01	2022-05-17T19:17:38.330192	693	4.04000000e+02
1.46854117e+01	2022-05-17T19:17:38.330192	694	3.88000000e+02
1.47120229e+01	2022-05-17T19:17:38.361434	695	3.94000000e+02
1.47372200e+01	2022-05-17T19:17:38.377059	696	4.37000000e+02
1.47397976e+01	2022-05-17T19:17:38.392679	697	3.87000000e+02
1.47473597e+01	2022-05-17T19:17:38.392679	698	4.18000000e+02
1.47550510e+01	2022-05-17T19:17:38.408270	699	4.16000000e+02
1.47631706e+01	2022-05-17T19:17:38.408270	700	3.92000000e+02
1.47881662e+01	2022-05-17T19:17:38.439504	701	4.23000000e+02
1.48126518e+01	2022-05-17T19:17:38.455139	702	3.76000000e+02
1.48205975e+01	2022-05-17T19:17:38.470720	703	3.86000000e+02
1.48285600e+01	2022-05-17T19:17:38.470720	704	3.93000000e+02
1.48368560e+01	2022-05-17T19:17:38.486942	705	3.84000000e+02
1.48448627e+01	2022-05-17T19:17:38.486942	706	4.07000000e+02
1.48666572e+01	2022-05-17T19:17:38.518187	707	3.85000000e+02
1.48908773e+01	2022-05-17T19:17:38.533810	708	3.90000000e+02
1.49021436e+01	2022-05-17T19:17:38.549430	709	3.88000000e+02
1.49103777e+01	2022-05-17T19:17:38.565051	710	3.99000000e+02
1.49188857e+01	2022-05-17T19:17:38.565051	711	3.84000000e+02
1.49276957e+01	2022-05-17T19:17:38.580672	712	3.96000000e+02
1.49472327e+01	2022-05-17T19:17:38.596293	713	3.98000000e+02
1.49804462e+01	2022-05-17T19:17:38.627537	714	3.87000000e+02
1.49883500e+01	2022-05-17T19:17:38.643157	715	4.33000000e+02
1.49976744e+01	2022-05-17T19:17:38.643157	716	3.90000000e+02
1.50245513e+01	2022-05-17T19:17:38.674400	717	3.88000000e+02
1.50492426e+01	2022-05-17T19:17:38.690029	718	3.93000000e+02
1.50599517e+01	2022-05-17T19:17:38.705642	719	3.89000000e+02
1.50702512e+01	2022-05-17T19:17:38.721264	720	4.33000000e+02
1.50786754e+01	2022-05-17T19:17:38.721264	721	3.84000000e+02
1.51029401e+01	2022-05-17T19:17:38.752507	722	3.84000000e+02
1.51128404e+01	2022-05-17T19:17:38.752507	723	4.37000000e+02
1.51292116e+01	2022-05-17T19:17:38.783763	724	3.86000000e+02
1.51404528e+01	2022-05-17T19:17:38.783763	725	3.89000000e+02
1.51493817e+01	2022-05-17T19:17:38.799370	726	4.07000000e+02
1.51603716e+01	2022-05-17T19:17:38.814992	727	3.92000000e+02
1.51814342e+01	2022-05-17T19:17:38.830613	728	3.87000000e+02
1.51907578e+01	2022-05-17T19:17:38.830613	729	3.91000000e+02
1.52079998e+01	2022-05-17T19:17:38.861856	730	3.88000000e+02
1.52178446e+01	2022-05-17T19:17:38.861856	731	3.92000000e+02
1.52261499e+01	2022-05-17T19:17:38.878096	732	3.88000000e+02
1.52347782e+01	2022-05-17T19:17:38.878096	733	3.88000000e+02
1.52483505e+01	2022-05-17T19:17:38.893098	734	3.87000000e+02
1.52698616e+01	2022-05-17T19:17:38.924341	735	3.91000000e+02
1.52853317e+01	2022-05-17T19:17:38.939961	736	3.88000000e+02
1.53096182e+01	2022-05-17T19:17:38.955584	737	3.91000000e+02
1.53200751e+01	2022-05-17T19:17:38.971205	738	4.02000000e+02
1.53282636e+01	2022-05-17T19:17:38.971205	739	3.87000000e+02
1.53526881e+01	2022-05-17T19:17:39.002447	740	4.31000000e+02
1.53651601e+01	2022-05-17T19:17:39.018069	741	3.87000000e+02
1.53805084e+01	2022-05-17T19:17:39.033691	742	4.36000000e+02
1.53897198e+01	2022-05-17T19:17:39.033691	743	3.91000000e+02
1.53989695e+01	2022-05-17T19:17:39.049311	744	3.87000000e+02
1.54100477e+01	2022-05-17T19:17:39.049311	745	3.95000000e+02
1.54316277e+01	2022-05-17T19:17:39.080554	746	3.88000000e+02
1.54555652e+01	2022-05-17T19:17:39.096192	747	3.87000000e+02
1.54641899e+01	2022-05-17T19:17:39.111797	748	3.86000000e+02
1.54757288e+01	2022-05-17T19:17:39.127417	749	3.90000000e+02
1.54842232e+01	2022-05-17T19:17:39.127417	750	3.83000000e+02
1.55099729e+01	2022-05-17T19:17:39.158660	751	3.84000000e+02
1.55205772e+01	2022-05-17T19:17:39.174281	752	3.87000000e+02
1.55436550e+01	2022-05-17T19:17:39.189904	753	4.01000000e+02
1.55535657e+01	2022-05-17T19:17:39.205524	754	3.91000000e+02
1.55616781e+01	2022-05-17T19:17:39.205524	755	3.88000000e+02
1.55857488e+01	2022-05-17T19:17:39.236767	756	3.87000000e+02
1.55987036e+01	2022-05-17T19:17:39.252388	757	3.87000000e+02
1.56190915e+01	2022-05-17T19:17:39.268010	758	3.89000000e+02
1.56271356e+01	2022-05-17T19:17:39.268010	759	3.87000000e+02
1.56356377e+01	2022-05-17T19:17:39.283631	760	3.87000000e+02
1.56435542e+01	2022-05-17T19:17:39.283631	761	3.88000000e+02
1.56603040e+01	2022-05-17T19:17:39.314907	762	3.89000000e+02
1.56728732e+01	2022-05-17T19:17:39.315412	763	3.87000000e+02
1.56972855e+01	2022-05-17T19:17:39.346658	764	3.87000000e+02
1.57051391e+01	2022-05-17T19:17:39.346658	765	3.88000000e+02
1.57134645e+01	2022-05-17T19:17:39.362279	766	3.88000000e+02
1.57218810e+01	2022-05-17T19:17:39.362279	767	3.88000000e+02
1.57482906e+01	2022-05-17T19:17:39.393522	768	3.91000000e+02
1.57732757e+01	2022-05-17T19:17:39.424764	769	3.89000000e+02
1.57836334e+01	2022-05-17T19:17:39.424764	770	4.02000000e+02
1.57951781e+01	2022-05-17T19:17:39.440385	771	3.87000000e+02
1.58216590e+01	2022-05-17T19:17:39.471628	772	4.01000000e+02
1.58545934e+01	2022-05-17T19:17:39.504106	773	3.99000000e+02
1.58606944e+01	2022-05-17T19:17:39.504106	774	4.01000000e+02
1.58691087e+01	2022-05-17T19:17:39.519727	775	3.84000000e+02
1.58771591e+01	2022-05-17T19:17:39.519727	776	3.84000000e+02
1.59009152e+01	2022-05-17T19:17:39.550969	777	3.93000000e+02
1.59120093e+01	2022-05-17T19:17:39.566591	778	3.87000000e+02
1.59366896e+01	2022-05-17T19:17:39.582212	779	3.76000000e+02
1.59470064e+01	2022-05-17T19:17:39.597834	780	3.94000000e+02
1.59551547e+01	2022-05-17T19:17:39.597834	781	3.84000000e+02
1.59756706e+01	2022-05-17T19:17:39.629076	782	3.88000000e+02
1.60076899e+01	2022-05-17T19:17:39.660319	783	3.86000000e+02
1.60165043e+01	2022-05-17T19:17:39.660319	784	3.87000000e+02
1.60244276e+01	2022-05-17T19:17:39.675940	785	4.12000000e+02
1.60330291e+01	2022-05-17T19:17:39.675940	786	3.88000000e+02
1.60590486e+01	2022-05-17T19:17:39.707183	787	3.87000000e+02
1.60924940e+01	2022-05-17T19:17:39.738425	788	3.89000000e+02
1.60941049e+01	2022-05-17T19:17:39.738425	789	3.92000000e+02
1.61023172e+01	2022-05-17T19:17:39.754046	790	3.87000000e+02
1.61104155e+01	2022-05-17T19:17:39.754046	791	3.88000000e+02
1.61359446e+01	2022-05-17T19:17:39.785289	792	3.89000000e+02
1.61612170e+01	2022-05-17T19:17:39.800911	793	3.76000000e+02
1.61720264e+01	2022-05-17T19:17:39.816535	794	3.98000000e+02
1.61802704e+01	2022-05-17T19:17:39.832153	795	3.88000000e+02
1.61884151e+01	2022-05-17T19:17:39.832153	796	3.88000000e+02
1.62123882e+01	2022-05-17T19:17:39.863396	797	3.88000000e+02
1.62540484e+01	2022-05-17T19:17:39.894638	798	4.19000000e+02
1.62557702e+01	2022-05-17T19:17:39.910260	799	4.33000000e+02
1.62678549e+01	2022-05-17T19:17:39.910260	800	3.92000000e+02
1.62790642e+01	2022-05-17T19:17:39.926398	801	3.87000000e+02
1.62873315e+01	2022-05-17T19:17:39.941502	802	3.98000000e+02
1.62953711e+01	2022-05-17T19:17:39.941502	803	3.90000000e+02
1.63111275e+01	2022-05-17T19:17:39.957124	804	3.87000000e+02
1.63250577e+01	2022-05-17T19:17:39.972745	805	3.90000000e+02
1.63568320e+01	2022-05-17T19:17:40.003988	806	3.88000000e+02
1.63603710e+01	2022-05-17T19:17:40.003988	807	4.33000000e+02
1.63689767e+01	2022-05-17T19:17:40.019711	808	3.87000000e+02
1.63769732e+01	2022-05-17T19:17:40.019711	809	3.88000000e+02
1.64013379e+01	2022-05-17T19:17:40.050851	810	3.87000000e+02
1.64138896e+01	2022-05-17T19:17:40.066474	811	3.87000000e+02
1.64376929e+01	2022-05-17T19:17:40.082110	812	3.87000000e+02
1.64474014e+01	2022-05-17T19:17:40.097782	813	3.87000000e+02
1.64548934e+01	2022-05-17T19:17:40.097782	814	3.87000000e+02
1.64814468e+01	2022-05-17T19:17:40.128958	815	3.87000000e+02
1.65135237e+01	2022-05-17T19:17:40.160201	816	4.38000000e+02
1.65241191e+01	2022-05-17T19:17:40.175822	817	3.84000000e+02
1.65328076e+01	2022-05-17T19:17:40.175822	818	3.87000000e+02
1.65571066e+01	2022-05-17T19:17:40.207064	819	3.87000000e+02
1.65673612e+01	2022-05-17T19:17:40.207064	820	3.93000000e+02
1.65930654e+01	2022-05-17T19:17:40.238307	821	3.87000000e+02
1.66021553e+01	2022-05-17T19:17:40.253927	822	3.84000000e+02
1.66103087e+01	2022-05-17T19:17:40.253927	823	3.97000000e+02
1.66258349e+01	2022-05-17T19:17:40.269552	824	3.87000000e+02
1.66359954e+01	2022-05-17T19:17:40.285171	825	3.89000000e+02
1.66681649e+01	2022-05-17T19:17:40.317050	826	3.88000000e+02
1.66718019e+01	2022-05-17T19:17:40.317050	827	3.95000000e+02
1.66801019e+01	2022-05-17T19:17:40.332674	828	3.88000000e+02
1.66885352e+01	2022-05-17T19:17:40.332674	829	3.91000000e+02
1.67115681e+01	2022-05-17T19:17:40.363916	830	3.96000000e+02
1.67228365e+01	2022-05-17T19:17:40.363916	831	3.88000000e+02
1.67423353e+01	2022-05-17T19:17:40.395160	832	3.89000000e+02
1.67539211e+01	2022-05-17T19:17:40.395160	833	3.92000000e+02
1.67619231e+01	2022-05-17T19:17:40.410781	834	3.89000000e+02
1.67701394e+01	2022-05-17T19:17:40.410781	835	3.87000000e+02
1.67902841e+01	2022-05-17T19:17:40.442022	836	3.87000000e+02
1.68176002e+01	2022-05-17T19:17:40.457668	837	3.89000000e+02
1.68193788e+01	2022-05-17T19:17:40.473313	838	3.89000000e+02
1.68285292e+01	2022-05-17T19:17:40.473313	839	3.86000000e+02
1.68395304e+01	2022-05-17T19:17:40.489930	840	3.98000000e+02
1.68492297e+01	2022-05-17T19:17:40.489930	841	3.88000000e+02
1.68755024e+01	2022-05-17T19:17:40.521183	842	3.84000000e+02
1.68775422e+01	2022-05-17T19:17:40.521183	843	3.96000000e+02
1.68985166e+01	2022-05-17T19:17:40.552418	844	4.20000000e+02
1.69051210e+01	2022-05-17T19:17:40.552418	845	3.92000000e+02
1.69137679e+01	2022-05-17T19:17:40.568041	846	4.01000000e+02
1.69216213e+01	2022-05-17T19:17:40.568041	847	3.93000000e+02
1.69334887e+01	2022-05-17T19:17:40.583660	848	3.88000000e+02
1.69509043e+01	2022-05-17T19:17:40.599281	849	4.18000000e+02
1.69759519e+01	2022-05-17T19:17:40.630523	850	4.16000000e+02
1.69860214e+01	2022-05-17T19:17:40.630523	851	3.76000000e+02
1.69875131e+01	2022-05-17T19:17:40.630523	852	3.88000000e+02
1.69954426e+01	2022-05-17T19:17:40.646264	853	3.87000000e+02
1.70036340e+01	2022-05-17T19:17:40.646264	854	3.87000000e+02
1.70281686e+01	2022-05-17T19:17:40.677388	855	3.88000000e+02
1.70542454e+01	2022-05-17T19:17:40.708629	856	3.87000000e+02
1.70644003e+01	2022-05-17T19:17:40.708629	857	4.09000000e+02
1.70734330e+01	2022-05-17T19:17:40.724251	858	3.88000000e+02
1.70828454e+01	2022-05-17T19:17:40.724251	859	3.88000000e+02
1.71000007e+01	2022-05-17T19:17:40.739872	860	3.96000000e+02
1.71102830e+01	2022-05-17T19:17:40.755494	861	3.88000000e+02
1.71333194e+01	2022-05-17T19:17:40.786775	862	3.94000000e+02
1.71435506e+01	2022-05-17T19:17:40.786775	863	3.87000000e+02
1.71552165e+01	2022-05-17T19:17:40.802358	864	3.88000000e+02
1.71636645e+01	2022-05-17T19:17:40.817984	865	3.87000000e+02
1.71823527e+01	2022-05-17T19:17:40.833601	866	4.08000000e+02
1.72062458e+01	2022-05-17T19:17:40.849222	867	3.97000000e+02
1.72165375e+01	2022-05-17T19:17:40.864843	868	3.91000000e+02
1.72245915e+01	2022-05-17T19:17:40.864843	869	3.88000000e+02
1.72332315e+01	2022-05-17T19:17:40.880464	870	3.88000000e+02
1.72409347e+01	2022-05-17T19:17:40.880464	871	3.87000000e+02
1.72585408e+01	2022-05-17T19:17:40.911707	872	3.88000000e+02
1.72845571e+01	2022-05-17T19:17:40.927329	873	3.94000000e+02
1.72940116e+01	2022-05-17T19:17:40.942949	874	4.04000000e+02
1.73023197e+01	2022-05-17T19:17:40.942949	875	3.90000000e+02
1.73107688e+01	2022-05-17T19:17:40.958586	876	4.05000000e+02
1.73186635e+01	2022-05-17T19:17:40.958586	877	3.87000000e+02
1.73268633e+01	2022-05-17T19:17:40.974191	878	3.89000000e+02
1.73350508e+01	2022-05-17T19:17:40.989813	879	4.16000000e+02
1.73432240e+01	2022-05-17T19:17:40.989813	880	3.90000000e+02
1.73513525e+01	2022-05-17T19:17:41.005434	881	3.87000000e+02
1.73595474e+01	2022-05-17T19:17:41.005434	882	3.88000000e+02
1.73677336e+01	2022-05-17T19:17:41.021055	883	3.89000000e+02
1.73758960e+01	2022-05-17T19:17:41.021055	884	3.88000000e+02
1.73841121e+01	2022-05-17T19:17:41.036677	885	3.93000000e+02
1.73922499e+01	2022-05-17T19:17:41.036677	886	3.87000000e+02
1.74005147e+01	2022-05-17T19:17:41.052298	887	4.05000000e+02
1.74086530e+01	2022-05-17T19:17:41.052298	888	3.86000000e+02
1.74169302e+01	2022-05-17T19:17:41.067919	889	3.74000000e+02
1.74249733e+01	2022-05-17T19:17:41.067919	890	3.91000000e+02
1.74331646e+01	2022-05-17T19:17:41.083545	891	3.88000000e+02
1.74414541e+01	2022-05-17T19:17:41.083545	892	4.33000000e+02
1.74504729e+01	2022-05-17T19:17:41.099315	893	3.95000000e+02
1.74587413e+01	2022-05-17T19:17:41.099315	894	3.87000000e+02
1.74705217e+01	2022-05-17T19:17:41.115245	895	3.88000000e+02
1.74784253e+01	2022-05-17T19:17:41.130405	896	3.76000000e+02
1.74866277e+01	2022-05-17T19:17:41.130405	897	3.94000000e+02
1.74948165e+01	2022-05-17T19:17:41.146025	898	3.88000000e+02
1.75027961e+01	2022-05-17T19:17:41.146025	899	4.12000000e+02
1.75109359e+01	2022-05-17T19:17:41.161647	900	3.84000000e+02
1.75192209e+01	2022-05-17T19:17:41.161647	901	3.84000000e+02
1.75275296e+01	2022-05-17T19:17:41.177269	902	3.93000000e+02
1.75356355e+01	2022-05-17T19:17:41.177269	903	3.84000000e+02
1.75439181e+01	2022-05-17T19:17:41.192890	904	4.27000000e+02
1.75519607e+01	2022-05-17T19:17:41.192890	905	3.88000000e+02
1.75602621e+01	2022-05-17T19:17:41.208511	906	3.88000000e+02
1.75683785e+01	2022-05-17T19:17:41.208511	907	4.00000000e+02
1.75764822e+01	2022-05-17T19:17:41.224137	908	3.89000000e+02
1.75848150e+01	2022-05-17T19:17:41.224137	909	4.28000000e+02
1.75929355e+01	2022-05-17T19:17:41.239754	910	3.87000000e+02
1.76010768e+01	2022-05-17T19:17:41.255375	911	3.87000000e+02
1.76093325e+01	2022-05-17T19:17:41.255375	912	4.01000000e+02
1.76174821e+01	2022-05-17T19:17:41.270996	913	3.89000000e+02
1.76256511e+01	2022-05-17T19:17:41.270996	914	3.88000000e+02
1.76339683e+01	2022-05-17T19:17:41.286618	915	3.92000000e+02
1.76421799e+01	2022-05-17T19:17:41.286618	916	3.88000000e+02
1.76505738e+01	2022-05-17T19:17:41.303062	917	3.92000000e+02
1.76592311e+01	2022-05-17T19:17:41.303062	918	4.06000000e+02
1.76669898e+01	2022-05-17T19:17:41.318699	919	3.87000000e+02
1.76759697e+01	2022-05-17T19:17:41.318699	920	3.94000000e+02
1.76884740e+01	2022-05-17T19:17:41.334850	921	4.31000000e+02
1.76993916e+01	2022-05-17T19:17:41.349930	922	3.90000000e+02
1.77077724e+01	2022-05-17T19:17:41.349930	923	3.87000000e+02
1.77157773e+01	2022-05-17T19:17:41.365551	924	3.96000000e+02
1.77240703e+01	2022-05-17T19:17:41.365551	925	3.88000000e+02
1.77324358e+01	2022-05-17T19:17:41.381172	926	3.95000000e+02
1.77404163e+01	2022-05-17T19:17:41.381172	927	3.89000000e+02
1.77485733e+01	2022-05-17T19:17:41.396793	928	3.87000000e+02
1.77569296e+01	2022-05-17T19:17:41.396793	929	3.91000000e+02
1.77659476e+01	2022-05-17T19:17:41.412765	930	3.88000000e+02
1.77779854e+01	2022-05-17T19:17:41.428503	931	3.84000000e+02
1.77860011e+01	2022-05-17T19:17:41.428503	932	3.87000000e+02
1.77939236e+01	2022-05-17T19:17:41.443716	933	3.95000000e+02
1.78019271e+01	2022-05-17T19:17:41.443716	934	3.90000000e+02
1.78102610e+01	2022-05-17T19:17:41.459279	935	4.16000000e+02
1.78182219e+01	2022-05-17T19:17:41.459279	936	3.97000000e+02
1.78265365e+01	2022-05-17T19:17:41.474900	937	3.88000000e+02
1.78346114e+01	2022-05-17T19:17:41.474900	938	3.76000000e+02
1.78430199e+01	2022-05-17T19:17:41.491062	939	3.89000000e+02
1.78510138e+01	2022-05-17T19:17:41.491062	940	3.88000000e+02
1.78592210e+01	2022-05-17T19:17:41.506685	941	3.98000000e+02
1.78674286e+01	2022-05-17T19:17:41.506685	942	3.88000000e+02
1.78755793e+01	2022-05-17T19:17:41.522307	943	3.84000000e+02
1.78838224e+01	2022-05-17T19:17:41.537928	944	3.91000000e+02
1.78920054e+01	2022-05-17T19:17:41.537928	945	3.88000000e+02
1.79001896e+01	2022-05-17T19:17:41.553549	946	3.88000000e+02
1.79084328e+01	2022-05-17T19:17:41.553549	947	3.85000000e+02
1.79164894e+01	2022-05-17T19:17:41.569171	948	3.83000000e+02
1.79247809e+01	2022-05-17T19:17:41.569171	949	3.86000000e+02
1.79329610e+01	2022-05-17T19:17:41.584792	950	3.84000000e+02
1.79410767e+01	2022-05-17T19:17:41.584792	951	3.88000000e+02
1.79545430e+01	2022-05-17T19:17:41.600424	952	3.88000000e+02
1.79663817e+01	2022-05-17T19:17:41.616035	953	3.88000000e+02
1.79741077e+01	2022-05-17T19:17:41.616035	954	3.87000000e+02
1.79975749e+01	2022-05-17T19:17:41.647278	955	3.86000000e+02
1.80254616e+01	2022-05-17T19:17:41.678526	956	3.88000000e+02
1.80364084e+01	2022-05-17T19:17:41.678526	957	3.87000000e+02
1.80479321e+01	2022-05-17T19:17:41.694141	958	3.89000000e+02
1.80684905e+01	2022-05-17T19:17:41.709763	959	3.87000000e+02
1.80857769e+01	2022-05-17T19:17:41.725384	960	4.04000000e+02
1.81133009e+01	2022-05-17T19:17:41.756626	961	3.88000000e+02
1.81151749e+01	2022-05-17T19:17:41.756626	962	4.00000000e+02
1.81264245e+01	2022-05-17T19:17:41.772677	963	4.14000000e+02
1.81514715e+01	2022-05-17T19:17:41.803490	964	3.84000000e+02
1.81628154e+01	2022-05-17T19:17:41.803490	965	3.88000000e+02
1.81809794e+01	2022-05-17T19:17:41.834733	966	3.84000000e+02
1.81909465e+01	2022-05-17T19:17:41.834733	967	4.01000000e+02
1.81996526e+01	2022-05-17T19:17:41.850355	968	4.31000000e+02
1.82075817e+01	2022-05-17T19:17:41.850355	969	3.99000000e+02
1.82285191e+01	2022-05-17T19:17:41.881597	970	3.87000000e+02
1.82400104e+01	2022-05-17T19:17:41.881597	971	3.88000000e+02
1.82664171e+01	2022-05-17T19:17:41.912840	972	3.90000000e+02
1.82773897e+01	2022-05-17T19:17:41.928460	973	3.89000000e+02
1.82857641e+01	2022-05-17T19:17:41.928460	974	3.98000000e+02
1.83084762e+01	2022-05-17T19:17:41.959703	975	3.92000000e+02
1.83207697e+01	2022-05-17T19:17:41.975324	976	3.87000000e+02
1.83462493e+01	2022-05-17T19:17:41.990945	977	3.87000000e+02
1.83479509e+01	2022-05-17T19:17:41.990945	978	3.87000000e+02
1.83595712e+01	2022-05-17T19:17:42.006784	979	3.88000000e+02
1.83679758e+01	2022-05-17T19:17:42.022188	980	3.87000000e+02
1.83863125e+01	2022-05-17T19:17:42.037809	981	3.94000000e+02
1.83990725e+01	2022-05-17T19:17:42.053430	982	3.89000000e+02
1.84262587e+01	2022-05-17T19:17:42.069053	983	3.94000000e+02
1.84369435e+01	2022-05-17T19:17:42.084673	984	4.01000000e+02
1.84453133e+01	2022-05-17T19:17:42.084673	985	3.87000000e+02
1.84717008e+01	2022-05-17T19:17:42.115916	986	4.28000000e+02
1.84773884e+01	2022-05-17T19:17:42.131537	987	3.96000000e+02
1.85003233e+01	2022-05-17T19:17:42.147159	988	4.23000000e+02
1.85108482e+01	2022-05-17T19:17:42.162780	989	3.87000000e+02
1.85194209e+01	2022-05-17T19:17:42.162780	990	3.87000000e+02
1.85356428e+01	2022-05-17T19:17:42.178630	991	3.84000000e+02
1.85524080e+01	2022-05-17T19:17:42.194024	992	3.89000000e+02
1.85790175e+01	2022-05-17T19:17:42.225272	993	3.87000000e+02
1.85805552e+01	2022-05-17T19:17:42.225272	994	3.93000000e+02
1.85891899e+01	2022-05-17T19:17:42.241053	995	4.40000000e+02
1.85975943e+01	2022-05-17T19:17:42.241053	996	3.88000000e+02
1.86195215e+01	2022-05-17T19:17:42.272146	997	3.82000000e+02
1.86338417e+01	2022-05-17T19:17:42.287751	998	3.85000000e+02
1.86569920e+01	2022-05-17T19:17:42.303508	999	3.84000000e+02
1.86671119e+01	2022-05-17T19:17:42.319482	1000	3.88000000e+02