Time elapsed	Time stamp	Loop Index	GP2Y ADC
s			Cts

5.00219330e+00	2022-05-17T19:17:58.189564	1	4.07000000e+02
5.01144080e+00	2022-05-17T19:17:58.189564	2	4.08000000e+02
5.01947510e+00	2022-05-17T19:17:58.205186	3	4.03000000e+02
5.02780320e+00	2022-05-17T19:17:58.205186	4	4.19000000e+02
5.04444800e+00	2022-05-17T19:17:58.220807	5	4.44000000e+02
5.05555480e+00	2022-05-17T19:17:58.236429	6	4.05000000e+02
5.08013370e+00	2022-05-17T19:17:58.267672	7	4.02000000e+02
5.08398620e+00	2022-05-17T19:17:58.267672	8	4.00000000e+02
5.09470350e+00	2022-05-17T19:17:58.283293	9	4.06000000e+02
5.10576230e+00	2022-05-17T19:17:58.283293	10	3.94000000e+02
5.11385680e+00	2022-05-17T19:17:58.298950	11	4.03000000e+02
5.12227360e+00	2022-05-17T19:17:58.298950	12	4.03000000e+02
5.14208290e+00	2022-05-17T19:17:58.330753	13	3.92000000e+02
5.15243360e+00	2022-05-17T19:17:58.330753	14	4.03000000e+02
5.16605520e+00	2022-05-17T19:17:58.346377	15	4.03000000e+02
5.17536120e+00	2022-05-17T19:17:58.362035	16	4.09000000e+02
5.18343080e+00	2022-05-17T19:17:58.362035	17	4.04000000e+02
5.20947570e+00	2022-05-17T19:17:58.393238	18	3.99000000e+02
5.22306950e+00	2022-05-17T19:17:58.408861	19	4.05000000e+02
5.23267710e+00	2022-05-17T19:17:58.408861	20	3.99000000e+02
5.24094130e+00	2022-05-17T19:17:58.424499	21	4.01000000e+02
5.24891250e+00	2022-05-17T19:17:58.424499	22	4.00000000e+02
5.26706060e+00	2022-05-17T19:17:58.455763	23	3.98000000e+02
5.27932410e+00	2022-05-17T19:17:58.455763	24	4.03000000e+02
5.29806920e+00	2022-05-17T19:17:58.486971	25	4.29000000e+02
5.30222710e+00	2022-05-17T19:17:58.488185	26	4.03000000e+02
5.31071590e+00	2022-05-17T19:17:58.488185	27	4.06000000e+02
5.31865890e+00	2022-05-17T19:17:58.503882	28	4.16000000e+02
5.32694850e+00	2022-05-17T19:17:58.503882	29	4.03000000e+02
5.35007340e+00	2022-05-17T19:17:58.535053	30	4.02000000e+02
5.36974220e+00	2022-05-17T19:17:58.550674	31	4.04000000e+02
5.38015330e+00	2022-05-17T19:17:58.566334	32	4.13000000e+02
5.38861960e+00	2022-05-17T19:17:58.566334	33	4.04000000e+02
5.41065720e+00	2022-05-17T19:17:58.597537	34	4.00000000e+02
5.43269790e+00	2022-05-17T19:17:58.613161	35	4.46000000e+02
5.44172100e+00	2022-05-17T19:17:58.628815	36	4.09000000e+02
5.44962440e+00	2022-05-17T19:17:58.628815	37	4.06000000e+02
5.46860070e+00	2022-05-17T19:17:58.644466	38	3.98000000e+02
5.49032630e+00	2022-05-17T19:17:58.675644	39	3.99000000e+02
5.49685830e+00	2022-05-17T19:17:58.675644	40	3.98000000e+02
5.50713810e+00	2022-05-17T19:17:58.691302	41	4.03000000e+02
5.51516270e+00	2022-05-17T19:17:58.691302	42	4.04000000e+02
5.53351120e+00	2022-05-17T19:17:58.706929	43	4.45000000e+02
5.54466970e+00	2022-05-17T19:17:58.722508	44	4.03000000e+02
5.56259900e+00	2022-05-17T19:17:58.738129	45	4.06000000e+02
5.57363980e+00	2022-05-17T19:17:58.753776	46	4.05000000e+02
5.59614850e+00	2022-05-17T19:17:58.785018	47	3.92000000e+02
5.61239680e+00	2022-05-17T19:17:58.800640	48	4.12000000e+02
5.62217560e+00	2022-05-17T19:17:58.800640	49	4.03000000e+02
5.63000440e+00	2022-05-17T19:17:58.816276	50	4.11000000e+02
5.63852630e+00	2022-05-17T19:17:58.816276	51	4.04000000e+02
5.65622070e+00	2022-05-17T19:17:58.831891	52	4.02000000e+02
5.68066190e+00	2022-05-17T19:17:58.863156	53	4.14000000e+02
5.69136780e+00	2022-05-17T19:17:58.878746	54	4.18000000e+02
5.69959990e+00	2022-05-17T19:17:58.878746	55	3.99000000e+02
5.72130430e+00	2022-05-17T19:17:58.909997	56	4.01000000e+02
5.73745410e+00	2022-05-17T19:17:58.925629	57	4.01000000e+02
5.74536630e+00	2022-05-17T19:17:58.925629	58	4.07000000e+02
5.75699950e+00	2022-05-17T19:17:58.941245	59	4.06000000e+02
5.76497440e+00	2022-05-17T19:17:58.941245	60	4.04000000e+02
5.78527450e+00	2022-05-17T19:17:58.972483	61	4.02000000e+02
5.81044830e+00	2022-05-17T19:17:58.988072	62	4.19000000e+02
5.81414090e+00	2022-05-17T19:17:58.988072	63	4.04000000e+02
5.82322670e+00	2022-05-17T19:17:59.003729	64	4.13000000e+02
5.84603420e+00	2022-05-17T19:17:59.019355	65	4.03000000e+02
5.86335970e+00	2022-05-17T19:17:59.050595	66	4.13000000e+02
5.87432920e+00	2022-05-17T19:17:59.050595	67	4.15000000e+02
5.88386320e+00	2022-05-17T19:17:59.066221	68	4.07000000e+02
5.89216540e+00	2022-05-17T19:17:59.066221	69	4.03000000e+02
5.91422350e+00	2022-05-17T19:17:59.097455	70	4.02000000e+02
5.93761570e+00	2022-05-17T19:17:59.113071	71	4.03000000e+02
5.94508940e+00	2022-05-17T19:17:59.128697	72	4.49000000e+02
5.95345260e+00	2022-05-17T19:17:59.128697	73	4.00000000e+02
5.96204490e+00	2022-05-17T19:17:59.144320	74	4.03000000e+02
5.96993060e+00	2022-05-17T19:17:59.144320	75	3.99000000e+02
5.99260920e+00	2022-05-17T19:17:59.175564	76	4.02000000e+02
6.00129470e+00	2022-05-17T19:17:59.175564	77	4.03000000e+02
6.01572340e+00	2022-05-17T19:17:59.191146	78	4.05000000e+02
6.02711870e+00	2022-05-17T19:17:59.206802	79	4.14000000e+02
6.03516490e+00	2022-05-17T19:17:59.222389	80	4.04000000e+02
6.05485400e+00	2022-05-17T19:17:59.238010	81	3.94000000e+02
6.07044670e+00	2022-05-17T19:17:59.253633	82	4.03000000e+02
6.07846230e+00	2022-05-17T19:17:59.253633	83	4.03000000e+02
6.08880440e+00	2022-05-17T19:17:59.269286	84	4.03000000e+02
6.09772230e+00	2022-05-17T19:17:59.284875	85	4.26000000e+02
6.11715640e+00	2022-05-17T19:17:59.300494	86	4.00000000e+02
6.13771480e+00	2022-05-17T19:17:59.316707	87	4.03000000e+02
6.14645700e+00	2022-05-17T19:17:59.332933	88	4.05000000e+02
6.15503810e+00	2022-05-17T19:17:59.332933	89	4.14000000e+02
6.17655780e+00	2022-05-17T19:17:59.363615	90	4.12000000e+02
6.19617930e+00	2022-05-17T19:17:59.379237	91	3.93000000e+02
6.20416190e+00	2022-05-17T19:17:59.379237	92	4.03000000e+02
6.21629240e+00	2022-05-17T19:17:59.394816	93	4.39000000e+02
6.23737900e+00	2022-05-17T19:17:59.426084	94	4.08000000e+02
6.24965740e+00	2022-05-17T19:17:59.426084	95	3.99000000e+02
6.25729670e+00	2022-05-17T19:17:59.441724	96	4.32000000e+02
6.26562210e+00	2022-05-17T19:17:59.441724	97	4.00000000e+02
6.27804960e+00	2022-05-17T19:17:59.457850	98	4.03000000e+02
6.30070620e+00	2022-05-17T19:17:59.488603	99	4.12000000e+02
6.32205130e+00	2022-05-17T19:17:59.505381	100	4.03000000e+02
6.33149940e+00	2022-05-17T19:17:59.505381	101	4.18000000e+02
6.34321070e+00	2022-05-17T19:17:59.521453	102	4.19000000e+02
6.36633390e+00	2022-05-17T19:17:59.552284	103	4.01000000e+02
6.38722990e+00	2022-05-17T19:17:59.567911	104	4.04000000e+02
6.39244420e+00	2022-05-17T19:17:59.567911	105	4.05000000e+02
6.40072940e+00	2022-05-17T19:17:59.584041	106	4.03000000e+02
6.42552490e+00	2022-05-17T19:17:59.599684	107	4.06000000e+02
6.44056570e+00	2022-05-17T19:17:59.614771	108	4.04000000e+02
6.44910770e+00	2022-05-17T19:17:59.630392	109	4.04000000e+02
6.45737780e+00	2022-05-17T19:17:59.645975	110	4.52000000e+02
6.46621840e+00	2022-05-17T19:17:59.645975	111	4.11000000e+02
6.48747090e+00	2022-05-17T19:17:59.661597	112	4.43000000e+02
6.50130220e+00	2022-05-17T19:17:59.677244	113	4.12000000e+02
6.51046580e+00	2022-05-17T19:17:59.692876	114	4.01000000e+02
6.51955210e+00	2022-05-17T19:17:59.692876	115	4.03000000e+02
6.53165640e+00	2022-05-17T19:17:59.708500	116	4.14000000e+02
6.55379300e+00	2022-05-17T19:17:59.739734	117	4.02000000e+02
6.57430960e+00	2022-05-17T19:17:59.755361	118	4.13000000e+02
6.58075560e+00	2022-05-17T19:17:59.755361	119	4.03000000e+02
6.58856280e+00	2022-05-17T19:17:59.771406	120	4.06000000e+02
6.59737430e+00	2022-05-17T19:17:59.771406	121	4.00000000e+02
6.61571150e+00	2022-05-17T19:17:59.802217	122	4.33000000e+02
6.63537630e+00	2022-05-17T19:17:59.817863	123	3.92000000e+02
6.63788140e+00	2022-05-17T19:17:59.817863	124	4.03000000e+02
6.64677790e+00	2022-05-17T19:17:59.833989	125	4.11000000e+02
6.65848230e+00	2022-05-17T19:17:59.833989	126	4.16000000e+02
6.67601350e+00	2022-05-17T19:17:59.864700	127	4.02000000e+02
6.69230620e+00	2022-05-17T19:17:59.880330	128	4.03000000e+02
6.70377120e+00	2022-05-17T19:17:59.880330	129	4.04000000e+02
6.71595760e+00	2022-05-17T19:17:59.896428	130	3.99000000e+02
6.73689470e+00	2022-05-17T19:17:59.911574	131	4.00000000e+02
6.75433550e+00	2022-05-17T19:17:59.942817	132	4.04000000e+02
6.76043890e+00	2022-05-17T19:17:59.942817	133	4.03000000e+02
6.76937460e+00	2022-05-17T19:17:59.942817	134	4.03000000e+02
6.78146350e+00	2022-05-17T19:17:59.958402	135	4.12000000e+02
6.80179560e+00	2022-05-17T19:17:59.989671	136	4.49000000e+02
6.80990840e+00	2022-05-17T19:17:59.989671	137	4.00000000e+02
6.82053570e+00	2022-05-17T19:18:00.005276	138	4.51000000e+02
6.83029670e+00	2022-05-17T19:18:00.005276	139	4.03000000e+02
6.83876970e+00	2022-05-17T19:18:00.020887	140	4.04000000e+02
6.84707720e+00	2022-05-17T19:18:00.020887	141	4.06000000e+02
6.86607620e+00	2022-05-17T19:18:00.052130	142	4.01000000e+02
6.88699630e+00	2022-05-17T19:18:00.067789	143	4.04000000e+02
6.89634600e+00	2022-05-17T19:18:00.083768	144	3.90000000e+02
6.90841140e+00	2022-05-17T19:18:00.083768	145	3.99000000e+02
6.93073450e+00	2022-05-17T19:18:00.114640	146	4.00000000e+02
6.94700140e+00	2022-05-17T19:18:00.130247	147	4.02000000e+02
6.95754600e+00	2022-05-17T19:18:00.145892	148	4.04000000e+02
6.96622370e+00	2022-05-17T19:18:00.145892	149	4.03000000e+02
6.98848960e+00	2022-05-17T19:18:00.177127	150	4.03000000e+02
6.99767760e+00	2022-05-17T19:18:00.177127	151	4.08000000e+02
7.01209590e+00	2022-05-17T19:18:00.192757	152	4.04000000e+02
7.02284700e+00	2022-05-17T19:18:00.208824	153	4.02000000e+02
7.03153230e+00	2022-05-17T19:18:00.208824	154	4.08000000e+02
7.05331000e+00	2022-05-17T19:18:00.239610	155	4.12000000e+02
7.06961470e+00	2022-05-17T19:18:00.255206	156	3.99000000e+02
7.07654020e+00	2022-05-17T19:18:00.255206	157	4.01000000e+02
7.08809790e+00	2022-05-17T19:18:00.270869	158	4.02000000e+02
7.09675800e+00	2022-05-17T19:18:00.270869	159	4.03000000e+02
7.10536510e+00	2022-05-17T19:18:00.286842	160	4.03000000e+02
7.13012210e+00	2022-05-17T19:18:00.318830	161	4.06000000e+02
7.15189100e+00	2022-05-17T19:18:00.334413	162	4.05000000e+02
7.16254230e+00	2022-05-17T19:18:00.350007	163	4.04000000e+02
7.17453790e+00	2022-05-17T19:18:00.350007	164	4.46000000e+02
7.19409740e+00	2022-05-17T19:18:00.381279	165	4.43000000e+02
7.21064860e+00	2022-05-17T19:18:00.396871	166	4.08000000e+02
7.21909040e+00	2022-05-17T19:18:00.396871	167	4.00000000e+02
7.22794770e+00	2022-05-17T19:18:00.413003	168	4.03000000e+02
7.23633600e+00	2022-05-17T19:18:00.413003	169	4.08000000e+02
7.25766550e+00	2022-05-17T19:18:00.443760	170	4.02000000e+02
7.27304420e+00	2022-05-17T19:18:00.459395	171	4.24000000e+02
7.28074970e+00	2022-05-17T19:18:00.459395	172	3.94000000e+02
7.28895470e+00	2022-05-17T19:18:00.475623	173	4.13000000e+02
7.29778790e+00	2022-05-17T19:18:00.475623	174	4.03000000e+02
7.31315530e+00	2022-05-17T19:18:00.492175	175	4.21000000e+02
7.32323580e+00	2022-05-17T19:18:00.507837	176	4.07000000e+02
7.33734870e+00	2022-05-17T19:18:00.523458	177	4.03000000e+02
7.34642730e+00	2022-05-17T19:18:00.523458	178	4.14000000e+02
7.35482040e+00	2022-05-17T19:18:00.539622	179	4.04000000e+02
7.36322060e+00	2022-05-17T19:18:00.539622	180	4.07000000e+02
7.38307440e+00	2022-05-17T19:18:00.570316	181	4.15000000e+02
7.39871890e+00	2022-05-17T19:18:00.585949	182	4.04000000e+02
7.40626900e+00	2022-05-17T19:18:00.585949	183	4.03000000e+02
7.41655510e+00	2022-05-17T19:18:00.602020	184	4.04000000e+02
7.42854620e+00	2022-05-17T19:18:00.617188	185	4.06000000e+02
7.44613680e+00	2022-05-17T19:18:00.632797	186	4.05000000e+02
7.46216500e+00	2022-05-17T19:18:00.648428	187	4.02000000e+02
7.47293440e+00	2022-05-17T19:18:00.648428	188	4.03000000e+02
7.48204240e+00	2022-05-17T19:18:00.664523	189	4.18000000e+02
7.50644020e+00	2022-05-17T19:18:00.695256	190	4.13000000e+02
7.51505560e+00	2022-05-17T19:18:00.695256	191	4.45000000e+02
7.52954050e+00	2022-05-17T19:18:00.710916	192	4.04000000e+02
7.53900620e+00	2022-05-17T19:18:00.726499	193	4.05000000e+02
7.54754120e+00	2022-05-17T19:18:00.726499	194	4.10000000e+02
7.57142580e+00	2022-05-17T19:18:00.757789	195	4.02000000e+02
7.57990360e+00	2022-05-17T19:18:00.757789	196	4.05000000e+02
7.59491230e+00	2022-05-17T19:18:00.773380	197	4.00000000e+02
7.60473600e+00	2022-05-17T19:18:00.789368	198	4.03000000e+02
7.61310620e+00	2022-05-17T19:18:00.789368	199	4.03000000e+02
7.63473440e+00	2022-05-17T19:18:00.820252	200	4.14000000e+02
7.64975610e+00	2022-05-17T19:18:00.835887	201	4.03000000e+02
7.65772370e+00	2022-05-17T19:18:00.835887	202	4.15000000e+02
7.66616680e+00	2022-05-17T19:18:00.852112	203	4.03000000e+02
7.67433710e+00	2022-05-17T19:18:00.852112	204	4.13000000e+02
7.69706690e+00	2022-05-17T19:18:00.882738	205	3.93000000e+02
7.71383170e+00	2022-05-17T19:18:00.898336	206	4.08000000e+02
7.72357550e+00	2022-05-17T19:18:00.898336	207	4.03000000e+02
7.73113820e+00	2022-05-17T19:18:00.914432	208	4.04000000e+02
7.73988430e+00	2022-05-17T19:18:00.914432	209	4.07000000e+02
7.75526830e+00	2022-05-17T19:18:00.929576	210	4.04000000e+02
7.76361710e+00	2022-05-17T19:18:00.945222	211	4.03000000e+02
7.77940560e+00	2022-05-17T19:18:00.960867	212	4.39000000e+02
7.78913570e+00	2022-05-17T19:18:00.976484	213	4.04000000e+02
7.79747690e+00	2022-05-17T19:18:00.976484	214	4.06000000e+02
7.81786930e+00	2022-05-17T19:18:00.992084	215	3.96000000e+02
7.83439940e+00	2022-05-17T19:18:01.007707	216	4.11000000e+02
7.84182080e+00	2022-05-17T19:18:01.023340	217	4.02000000e+02
7.85080090e+00	2022-05-17T19:18:01.038952	218	4.23000000e+02
7.86276260e+00	2022-05-17T19:18:01.038952	219	4.08000000e+02
7.88151660e+00	2022-05-17T19:18:01.070193	220	4.03000000e+02
7.89717970e+00	2022-05-17T19:18:01.085838	221	4.10000000e+02
7.90779530e+00	2022-05-17T19:18:01.085838	222	4.06000000e+02
7.91602110e+00	2022-05-17T19:18:01.101792	223	4.00000000e+02
7.92375590e+00	2022-05-17T19:18:01.101792	224	4.03000000e+02
7.95207890e+00	2022-05-17T19:18:01.132678	225	4.06000000e+02
7.96849760e+00	2022-05-17T19:18:01.148318	226	4.02000000e+02
7.97333800e+00	2022-05-17T19:18:01.148318	227	4.04000000e+02
7.98169700e+00	2022-05-17T19:18:01.164389	228	4.14000000e+02
8.00288850e+00	2022-05-17T19:18:01.180034	229	3.99000000e+02
8.02692650e+00	2022-05-17T19:18:01.210799	230	4.49000000e+02
8.03465640e+00	2022-05-17T19:18:01.210799	231	4.01000000e+02
8.04307310e+00	2022-05-17T19:18:01.226379	232	3.99000000e+02
8.06735410e+00	2022-05-17T19:18:01.242002	233	4.01000000e+02
8.07051970e+00	2022-05-17T19:18:01.257648	234	3.99000000e+02
8.08629910e+00	2022-05-17T19:18:01.273283	235	4.04000000e+02
8.10040950e+00	2022-05-17T19:18:01.288895	236	3.94000000e+02
8.11249940e+00	2022-05-17T19:18:01.288895	237	4.10000000e+02
8.12123870e+00	2022-05-17T19:18:01.306107	238	4.03000000e+02
8.13305620e+00	2022-05-17T19:18:01.321734	239	4.11000000e+02
8.14752950e+00	2022-05-17T19:18:01.321734	240	4.09000000e+02
8.17290910e+00	2022-05-17T19:18:01.353050	241	4.06000000e+02
8.18160340e+00	2022-05-17T19:18:01.368631	242	4.50000000e+02
8.18992440e+00	2022-05-17T19:18:01.368631	243	3.99000000e+02
8.21509080e+00	2022-05-17T19:18:01.399915	244	4.07000000e+02
8.23703820e+00	2022-05-17T19:18:01.415463	245	4.02000000e+02
8.24815600e+00	2022-05-17T19:18:01.431083	246	4.08000000e+02
8.25929770e+00	2022-05-17T19:18:01.446701	247	4.03000000e+02
8.26771210e+00	2022-05-17T19:18:01.446701	248	4.05000000e+02
8.30004400e+00	2022-05-17T19:18:01.477985	249	4.04000000e+02
8.31832840e+00	2022-05-17T19:18:01.494108	250	4.13000000e+02
8.32896970e+00	2022-05-17T19:18:01.509758	251	4.20000000e+02
8.33782070e+00	2022-05-17T19:18:01.525388	252	4.15000000e+02
8.34544680e+00	2022-05-17T19:18:01.525388	253	4.43000000e+02
8.37307230e+00	2022-05-17T19:18:01.556628	254	4.15000000e+02
8.38987750e+00	2022-05-17T19:18:01.572255	255	4.04000000e+02
8.39522550e+00	2022-05-17T19:18:01.572255	256	4.04000000e+02
8.40371220e+00	2022-05-17T19:18:01.588432	257	4.03000000e+02
8.41564760e+00	2022-05-17T19:18:01.603460	258	3.96000000e+02
8.42336280e+00	2022-05-17T19:18:01.603460	259	4.03000000e+02
8.44625960e+00	2022-05-17T19:18:01.634728	260	4.03000000e+02
8.46292760e+00	2022-05-17T19:18:01.650324	261	3.94000000e+02
8.47075590e+00	2022-05-17T19:18:01.650324	262	4.03000000e+02
8.48121080e+00	2022-05-17T19:18:01.666446	263	4.54000000e+02
8.48929660e+00	2022-05-17T19:18:01.666446	264	4.07000000e+02
8.50840220e+00	2022-05-17T19:18:01.697236	265	4.02000000e+02
8.53186450e+00	2022-05-17T19:18:01.712858	266	4.54000000e+02
8.54254860e+00	2022-05-17T19:18:01.728847	267	4.20000000e+02
8.55103420e+00	2022-05-17T19:18:01.728847	268	4.03000000e+02
8.57100020e+00	2022-05-17T19:18:01.759673	269	4.06000000e+02
8.58765750e+00	2022-05-17T19:18:01.775330	270	4.09000000e+02
8.59558910e+00	2022-05-17T19:18:01.775330	271	4.10000000e+02
8.60420950e+00	2022-05-17T19:18:01.791559	272	4.22000000e+02
8.61640860e+00	2022-05-17T19:18:01.791559	273	4.04000000e+02
8.63618460e+00	2022-05-17T19:18:01.822158	274	4.07000000e+02
8.65688270e+00	2022-05-17T19:18:01.837818	275	4.02000000e+02
8.66140920e+00	2022-05-17T19:18:01.837818	276	4.04000000e+02
8.66976590e+00	2022-05-17T19:18:01.853969	277	4.07000000e+02
8.69707870e+00	2022-05-17T19:18:01.884682	278	4.06000000e+02
8.71916380e+00	2022-05-17T19:18:01.900302	279	3.98000000e+02
8.72229630e+00	2022-05-17T19:18:01.900302	280	4.11000000e+02
8.73105480e+00	2022-05-17T19:18:01.916529	281	4.12000000e+02
8.73961000e+00	2022-05-17T19:18:01.916529	282	4.00000000e+02
8.76134220e+00	2022-05-17T19:18:01.947193	283	4.10000000e+02
8.78420080e+00	2022-05-17T19:18:01.962823	284	4.02000000e+02
8.78800600e+00	2022-05-17T19:18:01.962823	285	4.02000000e+02
8.79690790e+00	2022-05-17T19:18:01.978371	286	4.00000000e+02
8.82000900e+00	2022-05-17T19:18:01.994174	287	3.99000000e+02
8.84219730e+00	2022-05-17T19:18:02.025272	288	4.03000000e+02
8.85012830e+00	2022-05-17T19:18:02.025272	289	4.16000000e+02
8.86212150e+00	2022-05-17T19:18:02.041357	290	4.03000000e+02
8.88745440e+00	2022-05-17T19:18:02.072126	291	4.10000000e+02
8.89586650e+00	2022-05-17T19:18:02.072126	292	4.52000000e+02
8.91290500e+00	2022-05-17T19:18:02.087753	293	4.04000000e+02
8.92313790e+00	2022-05-17T19:18:02.103816	294	4.33000000e+02
8.94593310e+00	2022-05-17T19:18:02.134609	295	4.13000000e+02
8.94894790e+00	2022-05-17T19:18:02.134609	296	3.94000000e+02
8.97163020e+00	2022-05-17T19:18:02.150241	297	4.04000000e+02
8.97674710e+00	2022-05-17T19:18:02.150241	298	4.03000000e+02
8.98519950e+00	2022-05-17T19:18:02.165826	299	4.04000000e+02
9.01248860e+00	2022-05-17T19:18:02.197102	300	3.94000000e+02
9.02474730e+00	2022-05-17T19:18:02.212708	301	4.06000000e+02
9.03738800e+00	2022-05-17T19:18:02.212708	302	4.22000000e+02
9.04662070e+00	2022-05-17T19:18:02.228829	303	4.04000000e+02
9.07171570e+00	2022-05-17T19:18:02.259597	304	4.02000000e+02
9.09325730e+00	2022-05-17T19:18:02.275211	305	4.03000000e+02
9.09943680e+00	2022-05-17T19:18:02.275211	306	4.04000000e+02
9.10786520e+00	2022-05-17T19:18:02.291315	307	4.10000000e+02
9.11612720e+00	2022-05-17T19:18:02.291315	308	4.03000000e+02
9.13832120e+00	2022-05-17T19:18:02.323129	309	4.02000000e+02
9.15986630e+00	2022-05-17T19:18:02.338750	310	4.03000000e+02
9.16870630e+00	2022-05-17T19:18:02.354371	311	4.03000000e+02
9.17703140e+00	2022-05-17T19:18:02.354371	312	4.19000000e+02
9.18518440e+00	2022-05-17T19:18:02.369992	313	4.04000000e+02
9.19323470e+00	2022-05-17T19:18:02.369992	314	4.00000000e+02
9.22466480e+00	2022-05-17T19:18:02.401235	315	4.11000000e+02
9.24107110e+00	2022-05-17T19:18:02.416863	316	4.03000000e+02
9.25131810e+00	2022-05-17T19:18:02.432923	317	4.03000000e+02
9.27551760e+00	2022-05-17T19:18:02.463746	318	4.02000000e+02
9.28427680e+00	2022-05-17T19:18:02.463746	319	4.21000000e+02
9.30181200e+00	2022-05-17T19:18:02.479342	320	4.23000000e+02
9.31260590e+00	2022-05-17T19:18:02.496326	321	4.23000000e+02
9.32150030e+00	2022-05-17T19:18:02.496326	322	3.94000000e+02
9.34052320e+00	2022-05-17T19:18:02.527646	323	4.03000000e+02
9.35729530e+00	2022-05-17T19:18:02.543232	324	4.03000000e+02
9.36455480e+00	2022-05-17T19:18:02.543232	325	4.04000000e+02
9.37023500e+00	2022-05-17T19:18:02.558816	326	4.03000000e+02
9.38225300e+00	2022-05-17T19:18:02.558816	327	4.05000000e+02
9.40196420e+00	2022-05-17T19:18:02.590117	328	4.11000000e+02
9.41306850e+00	2022-05-17T19:18:02.590117	329	4.15000000e+02
9.43048180e+00	2022-05-17T19:18:02.605706	330	4.04000000e+02
9.43926290e+00	2022-05-17T19:18:02.621589	331	3.96000000e+02
9.44734780e+00	2022-05-17T19:18:02.621589	332	4.03000000e+02
9.46446200e+00	2022-05-17T19:18:02.652582	333	4.03000000e+02
9.48858780e+00	2022-05-17T19:18:02.668202	334	4.02000000e+02
9.49705850e+00	2022-05-17T19:18:02.684370	335	4.14000000e+02
9.50952730e+00	2022-05-17T19:18:02.684370	336	3.96000000e+02
9.53946440e+00	2022-05-17T19:18:02.715053	337	4.02000000e+02
9.55538550e+00	2022-05-17T19:18:02.730675	338	4.02000000e+02
9.56251080e+00	2022-05-17T19:18:02.746639	339	4.03000000e+02
9.57047040e+00	2022-05-17T19:18:02.746639	340	4.11000000e+02
9.59281720e+00	2022-05-17T19:18:02.777514	341	4.02000000e+02
9.62016620e+00	2022-05-17T19:18:02.808762	342	4.11000000e+02
9.62329720e+00	2022-05-17T19:18:02.808762	343	4.05000000e+02
9.63156050e+00	2022-05-17T19:18:02.808762	344	4.43000000e+02
9.63980580e+00	2022-05-17T19:18:02.824377	345	4.02000000e+02
9.64798980e+00	2022-05-17T19:18:02.824377	346	4.05000000e+02
9.66272760e+00	2022-05-17T19:18:02.840000	347	4.03000000e+02
9.67367020e+00	2022-05-17T19:18:02.855653	348	4.03000000e+02
9.70039850e+00	2022-05-17T19:18:02.886904	349	4.03000000e+02
9.70946710e+00	2022-05-17T19:18:02.886904	350	4.03000000e+02
9.71768850e+00	2022-05-17T19:18:02.902482	351	4.03000000e+02
9.72592370e+00	2022-05-17T19:18:02.902482	352	4.04000000e+02
9.75816830e+00	2022-05-17T19:18:02.933726	353	4.02000000e+02
9.77644600e+00	2022-05-17T19:18:02.964980	354	4.55000000e+02
9.77976540e+00	2022-05-17T19:18:02.964980	355	4.02000000e+02
9.79127410e+00	2022-05-17T19:18:02.964980	356	4.04000000e+02
9.79955300e+00	2022-05-17T19:18:02.980626	357	3.99000000e+02
9.80779280e+00	2022-05-17T19:18:02.996213	358	4.00000000e+02
9.83700310e+00	2022-05-17T19:18:03.011833	359	4.04000000e+02
9.85034070e+00	2022-05-17T19:18:03.027488	360	3.99000000e+02
9.85938980e+00	2022-05-17T19:18:03.043116	361	4.01000000e+02
9.86904220e+00	2022-05-17T19:18:03.043116	362	4.02000000e+02
9.87742750e+00	2022-05-17T19:18:03.058745	363	4.03000000e+02
9.88558560e+00	2022-05-17T19:18:03.074317	364	4.07000000e+02
9.92802010e+00	2022-05-17T19:18:03.105564	365	4.03000000e+02
9.93474980e+00	2022-05-17T19:18:03.121755	366	4.03000000e+02
9.94369850e+00	2022-05-17T19:18:03.121755	367	4.07000000e+02
9.95553480e+00	2022-05-17T19:18:03.136876	368	4.03000000e+02
9.96328060e+00	2022-05-17T19:18:03.136876	369	4.04000000e+02
9.98517980e+00	2022-05-17T19:18:03.168045	370	4.04000000e+02
9.99256040e+00	2022-05-17T19:18:03.168045	371	4.03000000e+02
1.00093831e+01	2022-05-17T19:18:03.183666	372	4.17000000e+02
1.00210627e+01	2022-05-17T19:18:03.199322	373	4.17000000e+02
1.00418689e+01	2022-05-17T19:18:03.230565	374	4.03000000e+02
1.00474814e+01	2022-05-17T19:18:03.230565	375	4.08000000e+02
1.00729456e+01	2022-05-17T19:18:03.261782	376	4.03000000e+02
1.00778829e+01	2022-05-17T19:18:03.261782	377	4.03000000e+02
1.00863476e+01	2022-05-17T19:18:03.261782	378	4.08000000e+02
1.00944197e+01	2022-05-17T19:18:03.277394	379	4.03000000e+02
1.01025201e+01	2022-05-17T19:18:03.277394	380	4.00000000e+02
1.01149553e+01	2022-05-17T19:18:03.293334	381	4.06000000e+02
1.01311130e+01	2022-05-17T19:18:03.309383	382	4.03000000e+02
1.01425281e+01	2022-05-17T19:18:03.325050	383	4.02000000e+02
1.01517460e+01	2022-05-17T19:18:03.340632	384	4.03000000e+02
1.01605227e+01	2022-05-17T19:18:03.340632	385	4.47000000e+02
1.01686414e+01	2022-05-17T19:18:03.356254	386	4.06000000e+02
1.01773313e+01	2022-05-17T19:18:03.356254	387	4.06000000e+02
1.02004364e+01	2022-05-17T19:18:03.387522	388	4.39000000e+02
1.02094362e+01	2022-05-17T19:18:03.387522	389	4.09000000e+02
1.02269362e+01	2022-05-17T19:18:03.403155	390	4.03000000e+02
1.02382756e+01	2022-05-17T19:18:03.419290	391	4.03000000e+02
1.02467981e+01	2022-05-17T19:18:03.434360	392	4.06000000e+02
1.02587247e+01	2022-05-17T19:18:03.434360	393	4.03000000e+02
1.02815424e+01	2022-05-17T19:18:03.465603	394	4.14000000e+02
1.02921181e+01	2022-05-17T19:18:03.465603	395	4.04000000e+02
1.03096926e+01	2022-05-17T19:18:03.498134	396	4.45000000e+02
1.03195338e+01	2022-05-17T19:18:03.498134	397	4.43000000e+02
1.03279369e+01	2022-05-17T19:18:03.513807	398	4.00000000e+02
1.03359161e+01	2022-05-17T19:18:03.513807	399	3.99000000e+02
1.03596642e+01	2022-05-17T19:18:03.545003	400	4.39000000e+02
1.03802335e+01	2022-05-17T19:18:03.560667	401	4.02000000e+02
1.03884447e+01	2022-05-17T19:18:03.576250	402	4.04000000e+02
1.03972406e+01	2022-05-17T19:18:03.576250	403	4.03000000e+02
1.04061186e+01	2022-05-17T19:18:03.591907	404	4.04000000e+02
1.04139655e+01	2022-05-17T19:18:03.591907	405	4.02000000e+02
1.04423756e+01	2022-05-17T19:18:03.623107	406	4.06000000e+02
1.04662648e+01	2022-05-17T19:18:03.654401	407	4.03000000e+02
1.04714935e+01	2022-05-17T19:18:03.654401	408	4.03000000e+02
1.04800164e+01	2022-05-17T19:18:03.654401	409	4.05000000e+02
1.04922042e+01	2022-05-17T19:18:03.670420	410	3.94000000e+02
1.05156727e+01	2022-05-17T19:18:03.701240	411	4.05000000e+02
1.05383982e+01	2022-05-17T19:18:03.716871	412	4.05000000e+02
1.05457361e+01	2022-05-17T19:18:03.733054	413	4.03000000e+02
1.05578049e+01	2022-05-17T19:18:03.733054	414	4.62000000e+02
1.05659654e+01	2022-05-17T19:18:03.748078	415	4.04000000e+02
1.05743539e+01	2022-05-17T19:18:03.748078	416	4.04000000e+02
1.05901443e+01	2022-05-17T19:18:03.764080	417	4.06000000e+02
1.06138006e+01	2022-05-17T19:18:03.794980	418	4.32000000e+02
1.06193256e+01	2022-05-17T19:18:03.794980	419	4.04000000e+02
1.06314798e+01	2022-05-17T19:18:03.811048	420	4.04000000e+02
1.06529070e+01	2022-05-17T19:18:03.826374	421	4.04000000e+02
1.06758077e+01	2022-05-17T19:18:03.857452	422	4.36000000e+02
1.06804968e+01	2022-05-17T19:18:03.857452	423	4.00000000e+02
1.06882283e+01	2022-05-17T19:18:03.873632	424	4.03000000e+02
1.06974838e+01	2022-05-17T19:18:03.873632	425	4.03000000e+02
1.07167430e+01	2022-05-17T19:18:03.904316	426	3.93000000e+02
1.07393898e+01	2022-05-17T19:18:03.919953	427	4.07000000e+02
1.07502308e+01	2022-05-17T19:18:03.936032	428	4.07000000e+02
1.07585502e+01	2022-05-17T19:18:03.936032	429	4.04000000e+02
1.07814683e+01	2022-05-17T19:18:03.966804	430	4.09000000e+02
1.08043650e+01	2022-05-17T19:18:03.982435	431	4.03000000e+02
1.08071081e+01	2022-05-17T19:18:03.982435	432	4.03000000e+02
1.08159277e+01	2022-05-17T19:18:03.998531	433	4.03000000e+02
1.08408300e+01	2022-05-17T19:18:04.029286	434	4.02000000e+02
1.08647721e+01	2022-05-17T19:18:04.044921	435	3.94000000e+02
1.08688594e+01	2022-05-17T19:18:04.044921	436	4.47000000e+02
1.08772738e+01	2022-05-17T19:18:04.060998	437	4.04000000e+02
1.08859592e+01	2022-05-17T19:18:04.060998	438	4.05000000e+02
1.09011290e+01	2022-05-17T19:18:04.076164	439	3.94000000e+02
1.09249616e+01	2022-05-17T19:18:04.107404	440	4.03000000e+02
1.09344925e+01	2022-05-17T19:18:04.123014	441	4.14000000e+02
1.09429010e+01	2022-05-17T19:18:04.123014	442	4.03000000e+02
1.09548788e+01	2022-05-17T19:18:04.138610	443	4.21000000e+02
1.09634206e+01	2022-05-17T19:18:04.138610	444	4.03000000e+02
1.09800428e+01	2022-05-17T19:18:04.154731	445	4.39000000e+02
1.10040383e+01	2022-05-17T19:18:04.185510	446	4.02000000e+02
1.10080408e+01	2022-05-17T19:18:04.185510	447	4.03000000e+02
1.10165055e+01	2022-05-17T19:18:04.201701	448	4.11000000e+02
1.10248719e+01	2022-05-17T19:18:04.201701	449	4.03000000e+02
1.10431904e+01	2022-05-17T19:18:04.217261	450	4.02000000e+02
1.10677557e+01	2022-05-17T19:18:04.247998	451	4.02000000e+02
1.10773368e+01	2022-05-17T19:18:04.264109	452	4.04000000e+02
1.10874788e+01	2022-05-17T19:18:04.264109	453	4.03000000e+02
1.11140042e+01	2022-05-17T19:18:04.294908	454	4.12000000e+02
1.11312028e+01	2022-05-17T19:18:04.311116	455	4.03000000e+02
1.11350243e+01	2022-05-17T19:18:04.311116	456	4.03000000e+02
1.11434112e+01	2022-05-17T19:18:04.327213	457	4.09000000e+02
1.11518916e+01	2022-05-17T19:18:04.327213	458	4.47000000e+02
1.11740127e+01	2022-05-17T19:18:04.358019	459	4.06000000e+02
1.11933038e+01	2022-05-17T19:18:04.373606	460	4.04000000e+02
1.12046143e+01	2022-05-17T19:18:04.389618	461	4.03000000e+02
1.12130896e+01	2022-05-17T19:18:04.389618	462	4.04000000e+02
1.12313930e+01	2022-05-17T19:18:04.405387	463	4.21000000e+02
1.12408479e+01	2022-05-17T19:18:04.420468	464	4.03000000e+02
1.12581641e+01	2022-05-17T19:18:04.436130	465	4.30000000e+02
1.12698434e+01	2022-05-17T19:18:04.452354	466	4.05000000e+02
1.12788714e+01	2022-05-17T19:18:04.467371	467	4.04000000e+02
1.12909377e+01	2022-05-17T19:18:04.467371	468	4.06000000e+02
1.13104909e+01	2022-05-17T19:18:04.498612	469	4.04000000e+02
1.13342047e+01	2022-05-17T19:18:04.514816	470	3.96000000e+02
1.13437500e+01	2022-05-17T19:18:04.530979	471	3.99000000e+02
1.13529708e+01	2022-05-17T19:18:04.530979	472	3.92000000e+02
1.13730292e+01	2022-05-17T19:18:04.561708	473	4.05000000e+02
1.13808086e+01	2022-05-17T19:18:04.561708	474	4.46000000e+02
1.13978704e+01	2022-05-17T19:18:04.577339	475	4.02000000e+02
1.14097600e+01	2022-05-17T19:18:04.593103	476	4.13000000e+02
1.14179922e+01	2022-05-17T19:18:04.593103	477	4.04000000e+02
1.14351400e+01	2022-05-17T19:18:04.608860	478	4.02000000e+02
1.14604069e+01	2022-05-17T19:18:04.639827	479	4.35000000e+02
1.14672554e+01	2022-05-17T19:18:04.655462	480	4.09000000e+02
1.14793362e+01	2022-05-17T19:18:04.655462	481	4.03000000e+02
1.15059448e+01	2022-05-17T19:18:04.686698	482	4.07000000e+02
1.15242839e+01	2022-05-17T19:18:04.702273	483	4.04000000e+02
1.15284436e+01	2022-05-17T19:18:04.702273	484	4.03000000e+02
1.15365860e+01	2022-05-17T19:18:04.718260	485	4.13000000e+02
1.15453341e+01	2022-05-17T19:18:04.733593	486	4.13000000e+02
1.15630518e+01	2022-05-17T19:18:04.749167	487	4.04000000e+02
1.15863830e+01	2022-05-17T19:18:04.764795	488	4.47000000e+02
1.15890490e+01	2022-05-17T19:18:04.764795	489	4.02000000e+02
1.15982839e+01	2022-05-17T19:18:04.780905	490	4.06000000e+02
1.16234697e+01	2022-05-17T19:18:04.811622	491	4.16000000e+02
1.16441249e+01	2022-05-17T19:18:04.827281	492	4.43000000e+02
1.16548938e+01	2022-05-17T19:18:04.842938	493	4.06000000e+02
1.16637827e+01	2022-05-17T19:18:04.842938	494	4.04000000e+02
1.16840924e+01	2022-05-17T19:18:04.859386	495	4.07000000e+02
1.17046641e+01	2022-05-17T19:18:04.890670	496	4.04000000e+02
1.17166497e+01	2022-05-17T19:18:04.890670	497	4.03000000e+02
1.17250561e+01	2022-05-17T19:18:04.906668	498	4.07000000e+02
1.17336287e+01	2022-05-17T19:18:04.921873	499	4.21000000e+02
1.17485482e+01	2022-05-17T19:18:04.921873	500	4.03000000e+02
1.17735876e+01	2022-05-17T19:18:04.953154	501	4.04000000e+02
1.17782762e+01	2022-05-17T19:18:04.953154	502	3.96000000e+02
1.17864346e+01	2022-05-17T19:18:04.969224	503	3.99000000e+02
1.17948490e+01	2022-05-17T19:18:04.969224	504	3.96000000e+02
1.18125761e+01	2022-05-17T19:18:05.000016	505	4.10000000e+02
1.18372590e+01	2022-05-17T19:18:05.015639	506	4.11000000e+02
1.18438864e+01	2022-05-17T19:18:05.031367	507	4.13000000e+02
1.18560713e+01	2022-05-17T19:18:05.031367	508	4.05000000e+02
1.18752122e+01	2022-05-17T19:18:05.062492	509	4.15000000e+02
1.18996938e+01	2022-05-17T19:18:05.078123	510	4.07000000e+02
1.19093852e+01	2022-05-17T19:18:05.093771	511	4.11000000e+02
1.19177822e+01	2022-05-17T19:18:05.093771	512	4.03000000e+02
1.19355293e+01	2022-05-17T19:18:05.109741	513	4.20000000e+02
1.19604934e+01	2022-05-17T19:18:05.140612	514	4.03000000e+02
1.19667921e+01	2022-05-17T19:18:05.140612	515	4.51000000e+02
1.19749868e+01	2022-05-17T19:18:05.156231	516	4.06000000e+02
1.19987463e+01	2022-05-17T19:18:05.187436	517	4.02000000e+02
1.20184027e+01	2022-05-17T19:18:05.203094	518	4.03000000e+02
1.20266325e+01	2022-05-17T19:18:05.203094	519	3.96000000e+02
1.20362880e+01	2022-05-17T19:18:05.219243	520	4.11000000e+02
1.20447705e+01	2022-05-17T19:18:05.219243	521	4.34000000e+02
1.20628783e+01	2022-05-17T19:18:05.249959	522	4.02000000e+02
1.20881732e+01	2022-05-17T19:18:05.265573	523	4.03000000e+02
1.20978312e+01	2022-05-17T19:18:05.281226	524	4.03000000e+02
1.21240851e+01	2022-05-17T19:18:05.312432	525	4.03000000e+02
1.21262799e+01	2022-05-17T19:18:05.312432	526	4.03000000e+02
1.21348199e+01	2022-05-17T19:18:05.312432	527	4.03000000e+02
1.21468085e+01	2022-05-17T19:18:05.328868	528	4.05000000e+02
1.21544759e+01	2022-05-17T19:18:05.328868	529	4.05000000e+02
1.21635492e+01	2022-05-17T19:18:05.344896	530	4.04000000e+02
1.21863974e+01	2022-05-17T19:18:05.360259	531	4.17000000e+02
1.21961702e+01	2022-05-17T19:18:05.375760	532	4.15000000e+02
1.22151633e+01	2022-05-17T19:18:05.391356	533	4.02000000e+02
1.22246693e+01	2022-05-17T19:18:05.406977	534	4.07000000e+02
1.22331081e+01	2022-05-17T19:18:05.406977	535	4.35000000e+02
1.22495705e+01	2022-05-17T19:18:05.438245	536	4.06000000e+02
1.22579481e+01	2022-05-17T19:18:05.438245	537	4.03000000e+02
1.22767381e+01	2022-05-17T19:18:05.453882	538	4.02000000e+02
1.22863793e+01	2022-05-17T19:18:05.469629	539	4.07000000e+02
1.22944677e+01	2022-05-17T19:18:05.469629	540	4.03000000e+02
1.23144224e+01	2022-05-17T19:18:05.501283	541	4.02000000e+02
1.23253986e+01	2022-05-17T19:18:05.501283	542	4.47000000e+02
1.23350952e+01	2022-05-17T19:18:05.516945	543	4.02000000e+02
1.23439332e+01	2022-05-17T19:18:05.532529	544	4.05000000e+02
1.23553706e+01	2022-05-17T19:18:05.532529	545	4.10000000e+02
1.23745690e+01	2022-05-17T19:18:05.548769	546	4.02000000e+02
1.23944559e+01	2022-05-17T19:18:05.579437	547	4.05000000e+02
1.24049523e+01	2022-05-17T19:18:05.579437	548	4.19000000e+02
1.24132636e+01	2022-05-17T19:18:05.595476	549	4.03000000e+02
1.24384967e+01	2022-05-17T19:18:05.626294	550	4.23000000e+02
1.24644515e+01	2022-05-17T19:18:05.641914	551	4.15000000e+02
1.24743949e+01	2022-05-17T19:18:05.657584	552	4.10000000e+02
1.24826061e+01	2022-05-17T19:18:05.657584	553	4.04000000e+02
1.25021798e+01	2022-05-17T19:18:05.688784	554	4.04000000e+02
1.25264085e+01	2022-05-17T19:18:05.704403	555	4.02000000e+02
1.25359771e+01	2022-05-17T19:18:05.720386	556	4.08000000e+02
1.25444121e+01	2022-05-17T19:18:05.720386	557	4.45000000e+02
1.25642977e+01	2022-05-17T19:18:05.751270	558	4.06000000e+02
1.25882841e+01	2022-05-17T19:18:05.766885	559	4.37000000e+02
1.25974480e+01	2022-05-17T19:18:05.782959	560	4.06000000e+02
1.26055987e+01	2022-05-17T19:18:05.782959	561	4.03000000e+02
1.26258634e+01	2022-05-17T19:18:05.813750	562	4.03000000e+02
1.26346778e+01	2022-05-17T19:18:05.813750	563	4.05000000e+02
1.26544288e+01	2022-05-17T19:18:05.829372	564	4.15000000e+02
1.26630562e+01	2022-05-17T19:18:05.844955	565	4.04000000e+02
1.26811396e+01	2022-05-17T19:18:05.861057	566	4.07000000e+02
1.26960512e+01	2022-05-17T19:18:05.876224	567	3.93000000e+02
1.27145437e+01	2022-05-17T19:18:05.891855	568	4.04000000e+02
1.27245422e+01	2022-05-17T19:18:05.907439	569	4.03000000e+02
1.27442381e+01	2022-05-17T19:18:05.923331	570	4.02000000e+02
1.27534913e+01	2022-05-17T19:18:05.938721	571	4.13000000e+02
1.27779486e+01	2022-05-17T19:18:05.954340	572	4.02000000e+02
1.27898859e+01	2022-05-17T19:18:05.970492	573	3.99000000e+02
1.28142968e+01	2022-05-17T19:18:06.001196	574	4.03000000e+02
1.28345277e+01	2022-05-17T19:18:06.016827	575	4.04000000e+02
1.28413673e+01	2022-05-17T19:18:06.016827	576	4.06000000e+02
1.28475219e+01	2022-05-17T19:18:06.032823	577	4.03000000e+02
1.28614735e+01	2022-05-17T19:18:06.048073	578	4.11000000e+02
1.28762107e+01	2022-05-17T19:18:06.063689	579	4.04000000e+02
1.29019858e+01	2022-05-17T19:18:06.079312	580	4.04000000e+02
1.29129112e+01	2022-05-17T19:18:06.095496	581	4.03000000e+02
1.29436283e+01	2022-05-17T19:18:06.126190	582	4.11000000e+02
1.29534420e+01	2022-05-17T19:18:06.141759	583	4.08000000e+02
1.29661751e+01	2022-05-17T19:18:06.141759	584	4.08000000e+02
1.29783651e+01	2022-05-17T19:18:06.157420	585	4.03000000e+02
1.29861090e+01	2022-05-17T19:18:06.173345	586	4.04000000e+02
1.29949481e+01	2022-05-17T19:18:06.173345	587	4.03000000e+02
1.30172365e+01	2022-05-17T19:18:06.204270	588	4.03000000e+02
1.30378699e+01	2022-05-17T19:18:06.219866	589	4.02000000e+02
1.30480087e+01	2022-05-17T19:18:06.235487	590	4.20000000e+02
1.30562183e+01	2022-05-17T19:18:06.235487	591	4.06000000e+02
1.30781029e+01	2022-05-17T19:18:06.266755	592	4.02000000e+02
1.30803964e+01	2022-05-17T19:18:06.266755	593	4.00000000e+02
1.31007695e+01	2022-05-17T19:18:06.282390	594	4.04000000e+02
1.31086135e+01	2022-05-17T19:18:06.282390	595	4.09000000e+02
1.31179281e+01	2022-05-17T19:18:06.298335	596	4.03000000e+02
1.31414561e+01	2022-05-17T19:18:06.329816	597	4.44000000e+02
1.31507466e+01	2022-05-17T19:18:06.329816	598	4.03000000e+02
1.31693671e+01	2022-05-17T19:18:06.345437	599	4.04000000e+02
1.31792006e+01	2022-05-17T19:18:06.361605	600	4.04000000e+02
1.32035880e+01	2022-05-17T19:18:06.392301	601	4.03000000e+02
1.32252802e+01	2022-05-17T19:18:06.407963	602	4.02000000e+02
1.32363935e+01	2022-05-17T19:18:06.423584	603	4.33000000e+02
1.32441650e+01	2022-05-17T19:18:06.423584	604	4.16000000e+02
1.32690241e+01	2022-05-17T19:18:06.454826	605	4.02000000e+02
1.32933029e+01	2022-05-17T19:18:06.470444	606	4.04000000e+02
1.33031256e+01	2022-05-17T19:18:06.487239	607	4.08000000e+02
1.33141756e+01	2022-05-17T19:18:06.502864	608	4.02000000e+02
1.33288724e+01	2022-05-17T19:18:06.502864	609	4.00000000e+02
1.33384540e+01	2022-05-17T19:18:06.518510	610	4.03000000e+02
1.33513767e+01	2022-05-17T19:18:06.534106	611	4.02000000e+02
1.33626904e+01	2022-05-17T19:18:06.550209	612	4.04000000e+02
1.33709457e+01	2022-05-17T19:18:06.550209	613	4.55000000e+02
1.33937965e+01	2022-05-17T19:18:06.581006	614	4.04000000e+02
1.34207453e+01	2022-05-17T19:18:06.596628	615	4.12000000e+02
1.34330300e+01	2022-05-17T19:18:06.612751	616	4.04000000e+02
1.34454542e+01	2022-05-17T19:18:06.628396	617	4.05000000e+02
1.34568958e+01	2022-05-17T19:18:06.643481	618	4.11000000e+02
1.34783434e+01	2022-05-17T19:18:06.659115	619	4.03000000e+02
1.34860718e+01	2022-05-17T19:18:06.674698	620	4.28000000e+02
1.34945748e+01	2022-05-17T19:18:06.674698	621	4.03000000e+02
1.35169725e+01	2022-05-17T19:18:06.690512	622	4.03000000e+02
1.35268992e+01	2022-05-17T19:18:06.705941	623	4.01000000e+02
1.35458418e+01	2022-05-17T19:18:06.721603	624	4.03000000e+02
1.35558884e+01	2022-05-17T19:18:06.737695	625	4.03000000e+02
1.35645466e+01	2022-05-17T19:18:06.752803	626	4.05000000e+02
1.35762179e+01	2022-05-17T19:18:06.752803	627	4.05000000e+02
1.35954462e+01	2022-05-17T19:18:06.784048	628	4.37000000e+02
1.36049080e+01	2022-05-17T19:18:06.784048	629	4.00000000e+02
1.36227970e+01	2022-05-17T19:18:06.799707	630	4.11000000e+02
1.36297498e+01	2022-05-17T19:18:06.815773	631	4.08000000e+02
1.36418792e+01	2022-05-17T19:18:06.815773	632	4.03000000e+02
1.36580622e+01	2022-05-17T19:18:06.846578	633	4.05000000e+02
1.36599600e+01	2022-05-17T19:18:06.846578	634	4.03000000e+02
1.36870783e+01	2022-05-17T19:18:06.862180	635	4.24000000e+02
1.36992222e+01	2022-05-17T19:18:06.878289	636	4.03000000e+02
1.37219851e+01	2022-05-17T19:18:06.909042	637	4.00000000e+02
1.37426027e+01	2022-05-17T19:18:06.924675	638	4.02000000e+02
1.37518850e+01	2022-05-17T19:18:06.940341	639	4.11000000e+02
1.37608145e+01	2022-05-17T19:18:06.940341	640	4.04000000e+02
1.37853827e+01	2022-05-17T19:18:06.971538	641	4.01000000e+02
1.37942377e+01	2022-05-17T19:18:06.971538	642	4.06000000e+02
1.38141760e+01	2022-05-17T19:18:07.002772	643	4.02000000e+02
1.38260408e+01	2022-05-17T19:18:07.002772	644	4.06000000e+02
1.38346667e+01	2022-05-17T19:18:07.018936	645	4.11000000e+02
1.38550959e+01	2022-05-17T19:18:07.034133	646	4.04000000e+02
1.38623465e+01	2022-05-17T19:18:07.049634	647	4.03000000e+02
1.38717007e+01	2022-05-17T19:18:07.049634	648	4.14000000e+02
1.38910219e+01	2022-05-17T19:18:07.065268	649	4.17000000e+02
1.39000666e+01	2022-05-17T19:18:07.081068	650	4.09000000e+02
1.39242108e+01	2022-05-17T19:18:07.112134	651	4.18000000e+02
1.39502324e+01	2022-05-17T19:18:07.127753	652	4.02000000e+02
1.39533436e+01	2022-05-17T19:18:07.127753	653	4.47000000e+02
1.39618300e+01	2022-05-17T19:18:07.143372	654	4.04000000e+02
1.39859953e+01	2022-05-17T19:18:07.174605	655	4.08000000e+02
1.40130134e+01	2022-05-17T19:18:07.190237	656	4.02000000e+02
1.40227665e+01	2022-05-17T19:18:07.206194	657	4.23000000e+02
1.40311541e+01	2022-05-17T19:18:07.206194	658	4.03000000e+02
1.40498005e+01	2022-05-17T19:18:07.237099	659	4.02000000e+02
1.40705770e+01	2022-05-17T19:18:07.252723	660	4.19000000e+02
1.40802014e+01	2022-05-17T19:18:07.268339	661	4.39000000e+02
1.40924408e+01	2022-05-17T19:18:07.268339	662	4.04000000e+02
1.41141576e+01	2022-05-17T19:18:07.299581	663	4.01000000e+02
1.41398858e+01	2022-05-17T19:18:07.316318	664	4.26000000e+02
1.41450898e+01	2022-05-17T19:18:07.332438	665	4.06000000e+02
1.41535968e+01	2022-05-17T19:18:07.332438	666	4.19000000e+02
1.41763281e+01	2022-05-17T19:18:07.363185	667	4.04000000e+02
1.41969507e+01	2022-05-17T19:18:07.378846	668	4.03000000e+02
1.42120581e+01	2022-05-17T19:18:07.394485	669	4.23000000e+02
1.42235462e+01	2022-05-17T19:18:07.410539	670	4.03000000e+02
1.42358607e+01	2022-05-17T19:18:07.410539	671	4.10000000e+02
1.42537959e+01	2022-05-17T19:18:07.441324	672	4.07000000e+02
1.42743894e+01	2022-05-17T19:18:07.456949	673	3.96000000e+02
1.42843665e+01	2022-05-17T19:18:07.472537	674	4.03000000e+02
1.42932560e+01	2022-05-17T19:18:07.472537	675	4.12000000e+02
1.43251139e+01	2022-05-17T19:18:07.506090	676	4.03000000e+02
1.43448392e+01	2022-05-17T19:18:07.521748	677	4.13000000e+02
1.43539409e+01	2022-05-17T19:18:07.537833	678	4.05000000e+02
1.43629251e+01	2022-05-17T19:18:07.537833	679	4.03000000e+02
1.43829715e+01	2022-05-17T19:18:07.568610	680	4.36000000e+02
1.43907440e+01	2022-05-17T19:18:07.568610	681	4.11000000e+02
1.44100780e+01	2022-05-17T19:18:07.584235	682	4.47000000e+02
1.44198101e+01	2022-05-17T19:18:07.600232	683	3.93000000e+02
1.44423754e+01	2022-05-17T19:18:07.631085	684	4.02000000e+02
1.44548786e+01	2022-05-17T19:18:07.631085	685	4.12000000e+02
1.44739020e+01	2022-05-17T19:18:07.662331	686	4.05000000e+02
1.44851997e+01	2022-05-17T19:18:07.662331	687	4.00000000e+02
1.44938138e+01	2022-05-17T19:18:07.678505	688	4.04000000e+02
1.45023884e+01	2022-05-17T19:18:07.678505	689	4.07000000e+02
1.45218039e+01	2022-05-17T19:18:07.709200	690	4.02000000e+02
1.45303812e+01	2022-05-17T19:18:07.709200	691	4.03000000e+02
1.45503712e+01	2022-05-17T19:18:07.724827	692	4.03000000e+02
1.45594719e+01	2022-05-17T19:18:07.740845	693	4.03000000e+02
1.45846675e+01	2022-05-17T19:18:07.771678	694	3.94000000e+02
1.46065194e+01	2022-05-17T19:18:07.787310	695	4.04000000e+02
1.46160572e+01	2022-05-17T19:18:07.803305	696	4.47000000e+02
1.46250215e+01	2022-05-17T19:18:07.803305	697	4.12000000e+02
1.46547766e+01	2022-05-17T19:18:07.834137	698	4.03000000e+02
1.46746813e+01	2022-05-17T19:18:07.849803	699	4.02000000e+02
1.46859689e+01	2022-05-17T19:18:07.865880	700	4.03000000e+02
1.47094056e+01	2022-05-17T19:18:07.896647	701	4.05000000e+02
1.47115830e+01	2022-05-17T19:18:07.896647	702	4.02000000e+02
1.47382780e+01	2022-05-17T19:18:07.912269	703	4.07000000e+02
1.47435833e+01	2022-05-17T19:18:07.927871	704	4.04000000e+02
1.47519482e+01	2022-05-17T19:18:07.927871	705	4.03000000e+02
1.47642305e+01	2022-05-17T19:18:07.944021	706	4.04000000e+02
1.47872960e+01	2022-05-17T19:18:07.974755	707	4.05000000e+02
1.47892889e+01	2022-05-17T19:18:07.974755	708	4.04000000e+02
1.48179000e+01	2022-05-17T19:18:08.005971	709	4.08000000e+02
1.48215115e+01	2022-05-17T19:18:08.005971	710	4.03000000e+02
1.48333540e+01	2022-05-17T19:18:08.021592	711	4.03000000e+02
1.48412382e+01	2022-05-17T19:18:08.021592	712	4.03000000e+02
1.48565528e+01	2022-05-17T19:18:08.037214	713	4.34000000e+02
1.48694244e+01	2022-05-17T19:18:08.052835	714	4.03000000e+02
1.48909212e+01	2022-05-17T19:18:08.068496	715	4.21000000e+02
1.48985426e+01	2022-05-17T19:18:08.084123	716	4.03000000e+02
1.49074944e+01	2022-05-17T19:18:08.084123	717	4.03000000e+02
1.49150205e+01	2022-05-17T19:18:08.100264	718	4.06000000e+02
1.49238207e+01	2022-05-17T19:18:08.100264	719	4.06000000e+02
1.49438191e+01	2022-05-17T19:18:08.130967	720	4.47000000e+02
1.49645324e+01	2022-05-17T19:18:08.146601	721	4.03000000e+02
1.49715163e+01	2022-05-17T19:18:08.146601	722	4.08000000e+02
1.49768260e+01	2022-05-17T19:18:08.162580	723	4.03000000e+02
1.49851957e+01	2022-05-17T19:18:08.162580	724	4.03000000e+02
1.50076366e+01	2022-05-17T19:18:08.193426	725	4.04000000e+02
1.50225936e+01	2022-05-17T19:18:08.209048	726	4.03000000e+02
1.50385280e+01	2022-05-17T19:18:08.224673	727	4.47000000e+02
1.50501426e+01	2022-05-17T19:18:08.224673	728	4.16000000e+02
1.50584256e+01	2022-05-17T19:18:08.240291	729	4.06000000e+02
1.50693236e+01	2022-05-17T19:18:08.255911	730	4.03000000e+02
1.50892803e+01	2022-05-17T19:18:08.271533	731	4.06000000e+02
1.50999853e+01	2022-05-17T19:18:08.287153	732	4.19000000e+02
1.51161408e+01	2022-05-17T19:18:08.302808	733	4.05000000e+02
1.51242393e+01	2022-05-17T19:18:08.305815	734	4.02000000e+02
1.51328293e+01	2022-05-17T19:18:08.321459	735	4.04000000e+02
1.51449494e+01	2022-05-17T19:18:08.321459	736	4.03000000e+02
1.51683855e+01	2022-05-17T19:18:08.352684	737	4.09000000e+02
1.51974389e+01	2022-05-17T19:18:08.383927	738	4.02000000e+02
1.52064941e+01	2022-05-17T19:18:08.383927	739	4.55000000e+02
1.52146833e+01	2022-05-17T19:18:08.400066	740	4.04000000e+02
1.52228578e+01	2022-05-17T19:18:08.400066	741	4.03000000e+02
1.52481771e+01	2022-05-17T19:18:08.430791	742	4.04000000e+02
1.52751405e+01	2022-05-17T19:18:08.462087	743	3.96000000e+02
1.52847880e+01	2022-05-17T19:18:08.462087	744	4.13000000e+02
1.52964839e+01	2022-05-17T19:18:08.477698	745	4.07000000e+02
1.53042701e+01	2022-05-17T19:18:08.477698	746	4.03000000e+02
1.53210494e+01	2022-05-17T19:18:08.498902	747	4.33000000e+02
1.53446044e+01	2022-05-17T19:18:08.530150	748	4.11000000e+02
1.53536016e+01	2022-05-17T19:18:08.530150	749	4.29000000e+02
1.53620663e+01	2022-05-17T19:18:08.546328	750	4.05000000e+02
1.53699883e+01	2022-05-17T19:18:08.546328	751	4.03000000e+02
1.53919162e+01	2022-05-17T19:18:08.577038	752	4.54000000e+02
1.54179057e+01	2022-05-17T19:18:08.592674	753	4.03000000e+02
1.54229082e+01	2022-05-17T19:18:08.608290	754	4.28000000e+02
1.54319279e+01	2022-05-17T19:18:08.608290	755	4.17000000e+02
1.54541807e+01	2022-05-17T19:18:08.639543	756	4.02000000e+02
1.54736591e+01	2022-05-17T19:18:08.655122	757	4.06000000e+02
1.54845170e+01	2022-05-17T19:18:08.671200	758	4.18000000e+02
1.54931775e+01	2022-05-17T19:18:08.671200	759	3.98000000e+02
1.55158047e+01	2022-05-17T19:18:08.702008	760	4.13000000e+02
1.55251667e+01	2022-05-17T19:18:08.702008	761	4.03000000e+02
1.55391249e+01	2022-05-17T19:18:08.717642	762	4.52000000e+02
1.55505405e+01	2022-05-17T19:18:08.733228	763	4.04000000e+02
1.55588252e+01	2022-05-17T19:18:08.733228	764	4.14000000e+02
1.55703549e+01	2022-05-17T19:18:08.749303	765	4.03000000e+02
1.55990326e+01	2022-05-17T19:18:08.780115	766	4.04000000e+02
1.56082072e+01	2022-05-17T19:18:08.795786	767	4.11000000e+02
1.56280461e+01	2022-05-17T19:18:08.811332	768	4.14000000e+02
1.56316440e+01	2022-05-17T19:18:08.811332	769	4.03000000e+02
1.56405033e+01	2022-05-17T19:18:08.827280	770	4.03000000e+02
1.56484694e+01	2022-05-17T19:18:08.827280	771	4.02000000e+02
1.56713540e+01	2022-05-17T19:18:08.858232	772	4.03000000e+02
1.56810792e+01	2022-05-17T19:18:08.858232	773	4.03000000e+02
1.57015167e+01	2022-05-17T19:18:08.889464	774	4.04000000e+02
1.57099765e+01	2022-05-17T19:18:08.889464	775	4.15000000e+02
1.57179571e+01	2022-05-17T19:18:08.905257	776	4.14000000e+02
1.57267718e+01	2022-05-17T19:18:08.905257	777	4.03000000e+02
1.57502596e+01	2022-05-17T19:18:08.936327	778	4.04000000e+02
1.57599212e+01	2022-05-17T19:18:08.936327	779	4.03000000e+02
1.57801686e+01	2022-05-17T19:18:08.967568	780	4.21000000e+02
1.57921230e+01	2022-05-17T19:18:08.967568	781	4.09000000e+02
1.58006160e+01	2022-05-17T19:18:08.983682	782	4.24000000e+02
1.58268505e+01	2022-05-17T19:18:09.014434	783	4.26000000e+02
1.58367645e+01	2022-05-17T19:18:09.014434	784	4.17000000e+02
1.58569537e+01	2022-05-17T19:18:09.045654	785	4.03000000e+02
1.58660783e+01	2022-05-17T19:18:09.045654	786	4.47000000e+02
1.58782059e+01	2022-05-17T19:18:09.061622	787	4.05000000e+02
1.59055982e+01	2022-05-17T19:18:09.092540	788	4.04000000e+02
1.59075656e+01	2022-05-17T19:18:09.092540	789	4.47000000e+02
1.59297424e+01	2022-05-17T19:18:09.108173	790	4.09000000e+02
1.59391278e+01	2022-05-17T19:18:09.123761	791	4.00000000e+02
1.59479834e+01	2022-05-17T19:18:09.123761	792	4.32000000e+02
1.59601049e+01	2022-05-17T19:18:09.139668	793	4.07000000e+02
1.59837540e+01	2022-05-17T19:18:09.170647	794	4.04000000e+02
1.59933899e+01	2022-05-17T19:18:09.170647	795	4.03000000e+02
1.60135572e+01	2022-05-17T19:18:09.201894	796	4.10000000e+02
1.60255906e+01	2022-05-17T19:18:09.201894	797	4.04000000e+02
1.60342939e+01	2022-05-17T19:18:09.218029	798	4.08000000e+02
1.60614359e+01	2022-05-17T19:18:09.248753	799	4.11000000e+02
1.60712576e+01	2022-05-17T19:18:09.248753	800	4.03000000e+02
1.60915664e+01	2022-05-17T19:18:09.279997	801	4.18000000e+02
1.61031319e+01	2022-05-17T19:18:09.279997	802	4.03000000e+02
1.61116235e+01	2022-05-17T19:18:09.296166	803	4.04000000e+02
1.61196301e+01	2022-05-17T19:18:09.296166	804	4.03000000e+02
1.61398181e+01	2022-05-17T19:18:09.321832	805	4.39000000e+02
1.61492013e+01	2022-05-17T19:18:09.337456	806	4.09000000e+02
1.61693550e+01	2022-05-17T19:18:09.353118	807	4.04000000e+02
1.61812824e+01	2022-05-17T19:18:09.368751	808	4.47000000e+02
1.61895136e+01	2022-05-17T19:18:09.368751	809	4.04000000e+02
1.62140410e+01	2022-05-17T19:18:09.399967	810	4.47000000e+02
1.62363914e+01	2022-05-17T19:18:09.415601	811	4.09000000e+02
1.62375242e+01	2022-05-17T19:18:09.415601	812	4.04000000e+02
1.62520558e+01	2022-05-17T19:18:09.431638	813	4.03000000e+02
1.62629133e+01	2022-05-17T19:18:09.446806	814	4.04000000e+02
1.62711637e+01	2022-05-17T19:18:09.446806	815	4.13000000e+02
1.62925011e+01	2022-05-17T19:18:09.478090	816	4.02000000e+02
1.63022993e+01	2022-05-17T19:18:09.478090	817	4.15000000e+02
1.63222574e+01	2022-05-17T19:18:09.504339	818	4.03000000e+02
1.63286882e+01	2022-05-17T19:18:09.504339	819	4.15000000e+02
1.63363307e+01	2022-05-17T19:18:09.520485	820	4.25000000e+02
1.63452312e+01	2022-05-17T19:18:09.520485	821	4.22000000e+02
1.63615621e+01	2022-05-17T19:18:09.536057	822	4.04000000e+02
1.63729816e+01	2022-05-17T19:18:09.551232	823	4.03000000e+02
1.63943690e+01	2022-05-17T19:18:09.582479	824	4.00000000e+02
1.63984309e+01	2022-05-17T19:18:09.582479	825	4.05000000e+02
1.64060789e+01	2022-05-17T19:18:09.582479	826	4.05000000e+02
1.64143037e+01	2022-05-17T19:18:09.598109	827	4.03000000e+02
1.64222202e+01	2022-05-17T19:18:09.598109	828	4.47000000e+02
1.64397975e+01	2022-05-17T19:18:09.613701	829	4.07000000e+02
1.64536562e+01	2022-05-17T19:18:09.629313	830	4.10000000e+02
1.64705327e+01	2022-05-17T19:18:09.644934	831	4.01000000e+02
1.64795783e+01	2022-05-17T19:18:09.660556	832	4.03000000e+02
1.64884411e+01	2022-05-17T19:18:09.676219	833	4.03000000e+02
1.64967713e+01	2022-05-17T19:18:09.676219	834	4.08000000e+02
1.65179156e+01	2022-05-17T19:18:09.692154	835	4.03000000e+02
1.65458319e+01	2022-05-17T19:18:09.723081	836	4.02000000e+02
1.65500869e+01	2022-05-17T19:18:09.738662	837	4.03000000e+02
1.65581980e+01	2022-05-17T19:18:09.738662	838	4.08000000e+02
1.65802905e+01	2022-05-17T19:18:09.754739	839	3.94000000e+02
1.66135602e+01	2022-05-17T19:18:09.801155	840	4.17000000e+02
1.66229146e+01	2022-05-17T19:18:09.801155	841	4.03000000e+02
1.66311418e+01	2022-05-17T19:18:09.816768	842	4.03000000e+02
1.66394006e+01	2022-05-17T19:18:09.816768	843	4.03000000e+02
1.66631817e+01	2022-05-17T19:18:09.848010	844	4.07000000e+02
1.66925208e+01	2022-05-17T19:18:09.879291	845	4.02000000e+02
1.66965331e+01	2022-05-17T19:18:09.879291	846	4.12000000e+02
1.67049693e+01	2022-05-17T19:18:09.879291	847	4.03000000e+02
1.67137484e+01	2022-05-17T19:18:09.894914	848	4.03000000e+02
1.67388857e+01	2022-05-17T19:18:09.926118	849	4.02000000e+02
1.67480496e+01	2022-05-17T19:18:09.926118	850	4.03000000e+02
1.67678349e+01	2022-05-17T19:18:09.941739	851	4.16000000e+02
1.67751378e+01	2022-05-17T19:18:09.957368	852	4.03000000e+02
1.67836215e+01	2022-05-17T19:18:09.957368	853	4.03000000e+02
1.67956484e+01	2022-05-17T19:18:09.973075	854	4.04000000e+02
1.68139160e+01	2022-05-17T19:18:09.988603	855	4.32000000e+02
1.68238185e+01	2022-05-17T19:18:10.004249	856	4.03000000e+02
1.68446933e+01	2022-05-17T19:18:10.019885	857	3.92000000e+02
1.68481203e+01	2022-05-17T19:18:10.035467	858	4.04000000e+02
1.68571102e+01	2022-05-17T19:18:10.035467	859	4.03000000e+02
1.68785908e+01	2022-05-17T19:18:10.066759	860	4.02000000e+02
1.69068288e+01	2022-05-17T19:18:10.082370	861	4.02000000e+02
1.69105197e+01	2022-05-17T19:18:10.097951	862	4.05000000e+02
1.69230082e+01	2022-05-17T19:18:10.097951	863	4.09000000e+02
1.69345825e+01	2022-05-17T19:18:10.114095	864	4.33000000e+02
1.69567582e+01	2022-05-17T19:18:10.144856	865	4.02000000e+02
1.69862504e+01	2022-05-17T19:18:10.160475	866	4.02000000e+02
1.69882302e+01	2022-05-17T19:18:10.176061	867	4.30000000e+02
1.70002263e+01	2022-05-17T19:18:10.176061	868	4.09000000e+02
1.70084443e+01	2022-05-17T19:18:10.192003	869	4.04000000e+02
1.70169678e+01	2022-05-17T19:18:10.192003	870	4.03000000e+02
1.70324910e+01	2022-05-17T19:18:10.207301	871	4.04000000e+02
1.70413907e+01	2022-05-17T19:18:10.222947	872	4.04000000e+02
1.70645483e+01	2022-05-17T19:18:10.238543	873	4.22000000e+02
1.70742492e+01	2022-05-17T19:18:10.254560	874	4.13000000e+02
1.71042362e+01	2022-05-17T19:18:10.285432	875	4.02000000e+02
1.71253223e+01	2022-05-17T19:18:10.301065	876	4.03000000e+02
1.71355818e+01	2022-05-17T19:18:10.316732	877	4.03000000e+02
1.71438450e+01	2022-05-17T19:18:10.327220	878	4.05000000e+02
1.71559863e+01	2022-05-17T19:18:10.343345	879	4.02000000e+02
1.71777336e+01	2022-05-17T19:18:10.358492	880	4.02000000e+02
1.72001968e+01	2022-05-17T19:18:10.374125	881	4.10000000e+02
1.72093839e+01	2022-05-17T19:18:10.389710	882	4.04000000e+02
1.72311610e+01	2022-05-17T19:18:10.405331	883	4.21000000e+02
1.72543853e+01	2022-05-17T19:18:10.436615	884	4.02000000e+02
1.72710294e+01	2022-05-17T19:18:10.452226	885	3.94000000e+02
1.72824929e+01	2022-05-17T19:18:10.467816	886	4.04000000e+02
1.72907370e+01	2022-05-17T19:18:10.467816	887	4.03000000e+02
1.73139910e+01	2022-05-17T19:18:10.499089	888	4.03000000e+02
1.73401927e+01	2022-05-17T19:18:10.524719	889	4.04000000e+02
1.73430034e+01	2022-05-17T19:18:10.524719	890	4.03000000e+02
1.73523516e+01	2022-05-17T19:18:10.540337	891	4.11000000e+02
1.73609146e+01	2022-05-17T19:18:10.540337	892	3.94000000e+02
1.73843926e+01	2022-05-17T19:18:10.571581	893	4.02000000e+02
1.73951061e+01	2022-05-17T19:18:10.571581	894	4.53000000e+02
1.74163729e+01	2022-05-17T19:18:10.602829	895	4.03000000e+02
1.74261605e+01	2022-05-17T19:18:10.602829	896	4.03000000e+02
1.74342758e+01	2022-05-17T19:18:10.618771	897	4.22000000e+02
1.74425621e+01	2022-05-17T19:18:10.618771	898	4.04000000e+02
1.74606808e+01	2022-05-17T19:18:10.634396	899	4.10000000e+02
1.74900674e+01	2022-05-17T19:18:10.665358	900	4.02000000e+02
1.74958826e+01	2022-05-17T19:18:10.680965	901	4.10000000e+02
1.75041351e+01	2022-05-17T19:18:10.680965	902	4.04000000e+02
1.75254333e+01	2022-05-17T19:18:10.712212	903	4.06000000e+02
1.75483804e+01	2022-05-17T19:18:10.727803	904	4.08000000e+02
1.75559650e+01	2022-05-17T19:18:10.743415	905	4.08000000e+02
1.75608989e+01	2022-05-17T19:18:10.743415	906	4.07000000e+02
1.75694119e+01	2022-05-17T19:18:10.743415	907	4.04000000e+02
1.75775247e+01	2022-05-17T19:18:10.759076	908	4.03000000e+02
1.75857215e+01	2022-05-17T19:18:10.759076	909	4.06000000e+02
1.76002945e+01	2022-05-17T19:18:10.774711	910	4.02000000e+02
1.76279411e+01	2022-05-17T19:18:10.805936	911	4.03000000e+02
1.76345328e+01	2022-05-17T19:18:10.821745	912	4.06000000e+02
1.76434434e+01	2022-05-17T19:18:10.821745	913	4.03000000e+02
1.76711600e+01	2022-05-17T19:18:10.852800	914	4.02000000e+02
1.76930581e+01	2022-05-17T19:18:10.868423	915	3.94000000e+02
1.76959171e+01	2022-05-17T19:18:10.884039	916	4.09000000e+02
1.77049037e+01	2022-05-17T19:18:10.884039	917	4.05000000e+02
1.77272461e+01	2022-05-17T19:18:10.915274	918	4.03000000e+02
1.77365024e+01	2022-05-17T19:18:10.915274	919	4.03000000e+02
1.77577118e+01	2022-05-17T19:18:10.946497	920	4.04000000e+02
1.77621584e+01	2022-05-17T19:18:10.946497	921	4.03000000e+02
1.77702952e+01	2022-05-17T19:18:10.946497	922	4.06000000e+02
1.77786648e+01	2022-05-17T19:18:10.962661	923	4.47000000e+02
1.78047170e+01	2022-05-17T19:18:10.993355	924	4.03000000e+02
1.78154044e+01	2022-05-17T19:18:10.993355	925	4.02000000e+02
1.78368578e+01	2022-05-17T19:18:11.024612	926	4.02000000e+02
1.78478779e+01	2022-05-17T19:18:11.024612	927	4.30000000e+02
1.78562344e+01	2022-05-17T19:18:11.040539	928	4.05000000e+02
1.78644472e+01	2022-05-17T19:18:11.040539	929	4.30000000e+02
1.78827717e+01	2022-05-17T19:18:11.071499	930	4.04000000e+02
1.79078813e+01	2022-05-17T19:18:11.087123	931	4.03000000e+02
1.79174823e+01	2022-05-17T19:18:11.102741	932	4.04000000e+02
1.79260071e+01	2022-05-17T19:18:11.102741	933	4.47000000e+02
1.79465223e+01	2022-05-17T19:18:11.133973	934	4.09000000e+02
1.79543543e+01	2022-05-17T19:18:11.133973	935	4.03000000e+02
1.79769589e+01	2022-05-17T19:18:11.165195	936	4.06000000e+02
1.79873814e+01	2022-05-17T19:18:11.165195	937	4.26000000e+02
1.79956840e+01	2022-05-17T19:18:11.181475	938	4.04000000e+02
1.80037540e+01	2022-05-17T19:18:11.181475	939	4.03000000e+02
1.80316117e+01	2022-05-17T19:18:11.212122	940	4.02000000e+02
1.80548048e+01	2022-05-17T19:18:11.243302	941	4.15000000e+02
1.80654305e+01	2022-05-17T19:18:11.243302	942	4.00000000e+02
1.80776458e+01	2022-05-17T19:18:11.259509	943	4.05000000e+02
1.80999509e+01	2022-05-17T19:18:11.275035	944	4.06000000e+02
1.81297526e+01	2022-05-17T19:18:11.315922	945	4.03000000e+02
1.81348130e+01	2022-05-17T19:18:11.315922	946	4.20000000e+02
1.81437405e+01	2022-05-17T19:18:11.331584	947	4.09000000e+02
1.81552272e+01	2022-05-17T19:18:11.331584	948	4.28000000e+02
1.81738844e+01	2022-05-17T19:18:11.347747	949	4.43000000e+02
1.81837061e+01	2022-05-17T19:18:11.362831	950	4.15000000e+02
1.82058171e+01	2022-05-17T19:18:11.394035	951	4.02000000e+02
1.82167755e+01	2022-05-17T19:18:11.394035	952	4.28000000e+02
1.82245429e+01	2022-05-17T19:18:11.410117	953	4.02000000e+02
1.82339254e+01	2022-05-17T19:18:11.410117	954	4.08000000e+02
1.82551381e+01	2022-05-17T19:18:11.440898	955	4.12000000e+02
1.82793610e+01	2022-05-17T19:18:11.456519	956	4.05000000e+02
1.82950441e+01	2022-05-17T19:18:11.472140	957	4.07000000e+02
1.83066800e+01	2022-05-17T19:18:11.487836	958	4.03000000e+02
1.83148412e+01	2022-05-17T19:18:11.498356	959	4.05000000e+02
1.83235768e+01	2022-05-17T19:18:11.498356	960	4.06000000e+02
1.83411549e+01	2022-05-17T19:18:11.529655	961	4.07000000e+02
1.83521256e+01	2022-05-17T19:18:11.529655	962	4.03000000e+02
1.83765731e+01	2022-05-17T19:18:11.560846	963	4.03000000e+02
1.83845646e+01	2022-05-17T19:18:11.560846	964	4.03000000e+02
1.83924276e+01	2022-05-17T19:18:11.576475	965	4.53000000e+02
1.84018952e+01	2022-05-17T19:18:11.576475	966	4.04000000e+02
1.84207621e+01	2022-05-17T19:18:11.607738	967	4.01000000e+02
1.84320806e+01	2022-05-17T19:18:11.607738	968	4.55000000e+02
1.84503464e+01	2022-05-17T19:18:11.638953	969	4.01000000e+02
1.84581873e+01	2022-05-17T19:18:11.638953	970	4.05000000e+02
1.84665201e+01	2022-05-17T19:18:11.654574	971	4.03000000e+02
1.84749538e+01	2022-05-17T19:18:11.654574	972	4.04000000e+02
1.85068814e+01	2022-05-17T19:18:11.685846	973	4.02000000e+02
1.85246909e+01	2022-05-17T19:18:11.701436	974	4.02000000e+02
1.85325875e+01	2022-05-17T19:18:11.717094	975	4.04000000e+02
1.85447768e+01	2022-05-17T19:18:11.732723	976	4.12000000e+02
1.85563821e+01	2022-05-17T19:18:11.732723	977	4.23000000e+02
1.85788601e+01	2022-05-17T19:18:11.763921	978	4.02000000e+02
1.85928103e+01	2022-05-17T19:18:11.779545	979	4.05000000e+02
1.86128950e+01	2022-05-17T19:18:11.795165	980	4.05000000e+02
1.86228685e+01	2022-05-17T19:18:11.810822	981	4.05000000e+02
1.86351010e+01	2022-05-17T19:18:11.810822	982	4.04000000e+02
1.86640419e+01	2022-05-17T19:18:11.842028	983	4.02000000e+02
1.86868213e+01	2022-05-17T19:18:11.873299	984	4.07000000e+02
1.86956994e+01	2022-05-17T19:18:11.873299	985	4.03000000e+02
1.87037519e+01	2022-05-17T19:18:11.889187	986	4.52000000e+02
1.87127703e+01	2022-05-17T19:18:11.889187	987	4.10000000e+02
1.87347686e+01	2022-05-17T19:18:11.920135	988	4.02000000e+02
1.87451835e+01	2022-05-17T19:18:11.920135	989	4.02000000e+02
1.87697270e+01	2022-05-17T19:18:11.951379	990	4.12000000e+02
1.87734624e+01	2022-05-17T19:18:11.951379	991	4.03000000e+02
1.87814086e+01	2022-05-17T19:18:11.966999	992	4.04000000e+02
1.87899445e+01	2022-05-17T19:18:11.966999	993	4.06000000e+02
1.88131022e+01	2022-05-17T19:18:11.998241	994	4.03000000e+02
1.88224561e+01	2022-05-17T19:18:11.998241	995	4.00000000e+02
1.88466315e+01	2022-05-17T19:18:12.029485	996	4.04000000e+02
1.88551730e+01	2022-05-17T19:18:12.029485	997	4.02000000e+02
1.88644701e+01	2022-05-17T19:18:12.045105	998	4.03000000e+02
1.88904702e+01	2022-05-17T19:18:12.076348	999	4.02000000e+02
1.89000507e+01	2022-05-17T19:18:12.076348	1000	4.06000000e+02