Time elapsed	Time stamp	Loop Index	GP2Y ADC
s			Cts

5.01124590e+00	2022-05-17T19:18:31.182889	1	4.34000000e+02
5.02277680e+00	2022-05-17T19:18:31.182889	2	4.10000000e+02
5.03101550e+00	2022-05-17T19:18:31.198108	3	4.16000000e+02
5.03891500e+00	2022-05-17T19:18:31.198108	4	4.19000000e+02
5.04745650e+00	2022-05-17T19:18:31.214100	5	4.27000000e+02
5.05528270e+00	2022-05-17T19:18:31.214100	6	4.24000000e+02
5.06464140e+00	2022-05-17T19:18:31.229695	7	4.16000000e+02
5.07593120e+00	2022-05-17T19:18:31.245388	8	4.19000000e+02
5.08392430e+00	2022-05-17T19:18:31.245388	9	4.17000000e+02
5.09261300e+00	2022-05-17T19:18:31.260709	10	4.19000000e+02
5.10041870e+00	2022-05-17T19:18:31.260709	11	4.17000000e+02
5.10897220e+00	2022-05-17T19:18:31.276571	12	4.16000000e+02
5.11728080e+00	2022-05-17T19:18:31.276571	13	4.17000000e+02
5.12563550e+00	2022-05-17T19:18:31.292259	14	4.21000000e+02
5.13741340e+00	2022-05-17T19:18:31.308491	15	4.19000000e+02
5.14594250e+00	2022-05-17T19:18:31.308491	16	4.16000000e+02
5.15410220e+00	2022-05-17T19:18:31.324196	17	4.19000000e+02
5.17452010e+00	2022-05-17T19:18:31.339737	18	4.17000000e+02
5.19646250e+00	2022-05-17T19:18:31.355357	19	4.16000000e+02
5.21121760e+00	2022-05-17T19:18:31.371014	20	4.55000000e+02
5.22017810e+00	2022-05-17T19:18:31.386601	21	4.21000000e+02
5.23748360e+00	2022-05-17T19:18:31.402250	22	4.08000000e+02
5.24777670e+00	2022-05-17T19:18:31.417847	23	4.19000000e+02
5.25599800e+00	2022-05-17T19:18:31.417847	24	4.16000000e+02
5.27974940e+00	2022-05-17T19:18:31.449122	25	4.17000000e+02
5.28972330e+00	2022-05-17T19:18:31.449122	26	4.16000000e+02
5.30275880e+00	2022-05-17T19:18:31.464707	27	4.16000000e+02
5.31378680e+00	2022-05-17T19:18:31.480655	28	4.66000000e+02
5.32216430e+00	2022-05-17T19:18:31.480655	29	4.16000000e+02
5.35349340e+00	2022-05-17T19:18:31.512587	30	4.16000000e+02
5.36253120e+00	2022-05-17T19:18:31.528234	31	4.31000000e+02
5.37060200e+00	2022-05-17T19:18:31.528234	32	4.20000000e+02
5.37909160e+00	2022-05-17T19:18:31.543843	33	4.67000000e+02
5.39237120e+00	2022-05-17T19:18:31.559486	34	4.17000000e+02
5.40450000e+00	2022-05-17T19:18:31.575097	35	4.26000000e+02
5.41674340e+00	2022-05-17T19:18:31.575097	36	4.18000000e+02
5.42834210e+00	2022-05-17T19:18:31.590732	37	4.17000000e+02
5.43668680e+00	2022-05-17T19:18:31.606876	38	4.62000000e+02
5.44477340e+00	2022-05-17T19:18:31.606876	39	4.20000000e+02
5.46722850e+00	2022-05-17T19:18:31.637556	40	4.15000000e+02
5.48719050e+00	2022-05-17T19:18:31.653216	41	4.15000000e+02
5.49814870e+00	2022-05-17T19:18:31.669280	42	4.16000000e+02
5.50620150e+00	2022-05-17T19:18:31.669280	43	4.28000000e+02
5.52852490e+00	2022-05-17T19:18:31.700066	44	4.17000000e+02
5.54535100e+00	2022-05-17T19:18:31.715663	45	4.45000000e+02
5.55541690e+00	2022-05-17T19:18:31.715663	46	4.17000000e+02
5.56346500e+00	2022-05-17T19:18:31.731448	47	4.46000000e+02
5.57199570e+00	2022-05-17T19:18:31.731448	48	4.16000000e+02
5.59008190e+00	2022-05-17T19:18:31.762531	49	4.19000000e+02
5.60343970e+00	2022-05-17T19:18:31.762531	50	4.68000000e+02
5.61242170e+00	2022-05-17T19:18:31.778182	51	4.65000000e+02
5.62091960e+00	2022-05-17T19:18:31.793772	52	4.16000000e+02
5.62919440e+00	2022-05-17T19:18:31.793772	53	4.20000000e+02
5.65218270e+00	2022-05-17T19:18:31.825084	54	4.28000000e+02
5.66691930e+00	2022-05-17T19:18:31.825084	55	4.26000000e+02
5.67516310e+00	2022-05-17T19:18:31.840696	56	4.22000000e+02
5.68619940e+00	2022-05-17T19:18:31.856292	57	4.16000000e+02
5.69463050e+00	2022-05-17T19:18:31.856292	58	4.16000000e+02
5.72355890e+00	2022-05-17T19:18:31.887522	59	4.51000000e+02
5.73737950e+00	2022-05-17T19:18:31.903119	60	4.16000000e+02
5.74747950e+00	2022-05-17T19:18:31.919149	61	4.17000000e+02
5.75607610e+00	2022-05-17T19:18:31.919149	62	4.24000000e+02
5.77840480e+00	2022-05-17T19:18:31.949994	63	4.16000000e+02
5.79860590e+00	2022-05-17T19:18:31.965603	64	4.53000000e+02
5.80932510e+00	2022-05-17T19:18:31.981274	65	4.16000000e+02
5.81769300e+00	2022-05-17T19:18:31.981274	66	4.19000000e+02
5.84196840e+00	2022-05-17T19:18:32.012468	67	4.21000000e+02
5.86538440e+00	2022-05-17T19:18:32.028121	68	4.18000000e+02
5.87120580e+00	2022-05-17T19:18:32.043748	69	4.17000000e+02
5.87891520e+00	2022-05-17T19:18:32.043748	70	4.23000000e+02
5.89915470e+00	2022-05-17T19:18:32.059409	71	4.16000000e+02
5.90563460e+00	2022-05-17T19:18:32.074977	72	4.17000000e+02
5.92632830e+00	2022-05-17T19:18:32.090611	73	4.23000000e+02
5.93209080e+00	2022-05-17T19:18:32.090611	74	4.16000000e+02
5.94066560e+00	2022-05-17T19:18:32.106401	75	4.21000000e+02
5.94862200e+00	2022-05-17T19:18:32.106401	76	4.16000000e+02
5.96701480e+00	2022-05-17T19:18:32.137476	77	4.15000000e+02
5.98226690e+00	2022-05-17T19:18:32.153129	78	4.23000000e+02
5.99376500e+00	2022-05-17T19:18:32.153129	79	4.46000000e+02
6.00210780e+00	2022-05-17T19:18:32.169095	80	4.17000000e+02
6.02695100e+00	2022-05-17T19:18:32.199922	81	4.18000000e+02
6.03566250e+00	2022-05-17T19:18:32.199922	82	4.19000000e+02
6.05674500e+00	2022-05-17T19:18:32.215584	83	4.16000000e+02
6.06677780e+00	2022-05-17T19:18:32.231204	84	4.16000000e+02
6.09098950e+00	2022-05-17T19:18:32.262410	85	4.18000000e+02
6.11037550e+00	2022-05-17T19:18:32.278068	86	4.63000000e+02
6.11645020e+00	2022-05-17T19:18:32.278068	87	4.16000000e+02
6.12462710e+00	2022-05-17T19:18:32.294109	88	4.16000000e+02
6.13279210e+00	2022-05-17T19:18:32.294109	89	4.19000000e+02
6.15895390e+00	2022-05-17T19:18:32.325512	90	4.38000000e+02
6.16699010e+00	2022-05-17T19:18:32.325512	91	4.16000000e+02
6.17767240e+00	2022-05-17T19:18:32.341263	92	4.19000000e+02
6.18691510e+00	2022-05-17T19:18:32.357182	93	4.08000000e+02
6.19839620e+00	2022-05-17T19:18:32.357182	94	4.17000000e+02
6.20687310e+00	2022-05-17T19:18:32.372809	95	4.16000000e+02
6.21880880e+00	2022-05-17T19:18:32.388468	96	4.18000000e+02
6.22727920e+00	2022-05-17T19:18:32.388468	97	4.21000000e+02
6.23531790e+00	2022-05-17T19:18:32.404203	98	4.17000000e+02
6.24367060e+00	2022-05-17T19:18:32.404203	99	4.16000000e+02
6.25173560e+00	2022-05-17T19:18:32.419794	100	4.21000000e+02
6.26004520e+00	2022-05-17T19:18:32.419794	101	4.15000000e+02
6.26841130e+00	2022-05-17T19:18:32.434862	102	4.19000000e+02
6.27977060e+00	2022-05-17T19:18:32.451029	103	4.16000000e+02
6.28872010e+00	2022-05-17T19:18:32.451029	104	4.24000000e+02
6.29669550e+00	2022-05-17T19:18:32.466725	105	4.20000000e+02
6.30508070e+00	2022-05-17T19:18:32.466725	106	4.55000000e+02
6.31311010e+00	2022-05-17T19:18:32.482321	107	4.22000000e+02
6.32414860e+00	2022-05-17T19:18:32.482321	108	4.16000000e+02
6.33364420e+00	2022-05-17T19:18:32.497420	109	4.23000000e+02
6.34376770e+00	2022-05-17T19:18:32.513505	110	4.17000000e+02
6.35419060e+00	2022-05-17T19:18:32.513505	111	4.21000000e+02
6.37370380e+00	2022-05-17T19:18:32.544783	112	4.20000000e+02
6.39043520e+00	2022-05-17T19:18:32.560419	113	4.17000000e+02
6.39863400e+00	2022-05-17T19:18:32.560419	114	4.17000000e+02
6.40724700e+00	2022-05-17T19:18:32.576600	115	4.17000000e+02
6.41554260e+00	2022-05-17T19:18:32.576600	116	4.24000000e+02
6.43812050e+00	2022-05-17T19:18:32.607315	117	4.17000000e+02
6.45845620e+00	2022-05-17T19:18:32.622938	118	4.67000000e+02
6.46480530e+00	2022-05-17T19:18:32.622938	119	4.20000000e+02
6.47249970e+00	2022-05-17T19:18:32.638929	120	4.17000000e+02
6.48123890e+00	2022-05-17T19:18:32.654162	121	4.18000000e+02
6.49940660e+00	2022-05-17T19:18:32.669752	122	4.22000000e+02
6.51552150e+00	2022-05-17T19:18:32.685348	123	4.15000000e+02
6.52556230e+00	2022-05-17T19:18:32.685348	124	4.46000000e+02
6.53395000e+00	2022-05-17T19:18:32.701043	125	4.18000000e+02
6.54220780e+00	2022-05-17T19:18:32.701043	126	4.66000000e+02
6.55796040e+00	2022-05-17T19:18:32.716664	127	4.15000000e+02
6.57271670e+00	2022-05-17T19:18:32.732276	128	4.24000000e+02
6.59008780e+00	2022-05-17T19:18:32.747863	129	4.15000000e+02
6.59936750e+00	2022-05-17T19:18:32.763455	130	4.17000000e+02
6.63445310e+00	2022-05-17T19:18:32.794736	131	4.21000000e+02
6.64490300e+00	2022-05-17T19:18:32.810318	132	4.16000000e+02
6.65580550e+00	2022-05-17T19:18:32.825948	133	4.08000000e+02
6.66502650e+00	2022-05-17T19:18:32.825948	134	4.16000000e+02
6.67411890e+00	2022-05-17T19:18:32.841597	135	4.16000000e+02
6.70238540e+00	2022-05-17T19:18:32.872803	136	4.15000000e+02
6.71141490e+00	2022-05-17T19:18:32.872803	137	4.15000000e+02
6.73822100e+00	2022-05-17T19:18:32.904048	138	4.15000000e+02
6.74754380e+00	2022-05-17T19:18:32.919671	139	4.16000000e+02
6.76009410e+00	2022-05-17T19:18:32.919671	140	4.24000000e+02
6.79047170e+00	2022-05-17T19:18:32.950951	141	4.15000000e+02
6.80677530e+00	2022-05-17T19:18:32.966574	142	4.34000000e+02
6.81706680e+00	2022-05-17T19:18:32.982668	143	4.16000000e+02
6.84078290e+00	2022-05-17T19:18:33.013438	144	4.17000000e+02
6.85209090e+00	2022-05-17T19:18:33.013438	145	4.08000000e+02
6.86846840e+00	2022-05-17T19:18:33.029019	146	4.16000000e+02
6.87803150e+00	2022-05-17T19:18:33.044638	147	4.24000000e+02
6.88609610e+00	2022-05-17T19:18:33.044638	148	4.18000000e+02
6.90591100e+00	2022-05-17T19:18:33.075918	149	4.15000000e+02
6.91570820e+00	2022-05-17T19:18:33.075918	150	4.19000000e+02
6.93202810e+00	2022-05-17T19:18:33.091551	151	4.17000000e+02
6.94442970e+00	2022-05-17T19:18:33.107196	152	4.16000000e+02
6.96398780e+00	2022-05-17T19:18:33.123332	153	4.15000000e+02
6.97337440e+00	2022-05-17T19:18:33.138385	154	4.19000000e+02
6.99681050e+00	2022-05-17T19:18:33.169639	155	4.16000000e+02
7.00150280e+00	2022-05-17T19:18:33.169639	156	4.17000000e+02
7.01317390e+00	2022-05-17T19:18:33.185308	157	4.15000000e+02
7.02167920e+00	2022-05-17T19:18:33.185308	158	4.16000000e+02
7.04754040e+00	2022-05-17T19:18:33.216508	159	4.15000000e+02
7.06923620e+00	2022-05-17T19:18:33.232125	160	4.16000000e+02
7.07061740e+00	2022-05-17T19:18:33.232125	161	4.18000000e+02
7.07902680e+00	2022-05-17T19:18:33.247715	162	4.25000000e+02
7.08768450e+00	2022-05-17T19:18:33.247715	163	4.65000000e+02
7.10864930e+00	2022-05-17T19:18:33.278986	164	4.08000000e+02
7.12938020e+00	2022-05-17T19:18:33.294615	165	4.16000000e+02
7.13168420e+00	2022-05-17T19:18:33.294615	166	4.27000000e+02
7.14050240e+00	2022-05-17T19:18:33.311117	167	4.16000000e+02
7.14912280e+00	2022-05-17T19:18:33.311117	168	4.62000000e+02
7.17571340e+00	2022-05-17T19:18:33.342401	169	4.20000000e+02
7.20069590e+00	2022-05-17T19:18:33.373633	170	4.15000000e+02
7.20550420e+00	2022-05-17T19:18:33.373633	171	4.17000000e+02
7.21379950e+00	2022-05-17T19:18:33.373633	172	4.20000000e+02
7.22218400e+00	2022-05-17T19:18:33.389265	173	4.16000000e+02
7.23020920e+00	2022-05-17T19:18:33.389265	174	4.70000000e+02
7.25647540e+00	2022-05-17T19:18:33.420509	175	4.16000000e+02
7.27561210e+00	2022-05-17T19:18:33.436168	176	4.21000000e+02
7.27970660e+00	2022-05-17T19:18:33.451786	177	4.15000000e+02
7.28783670e+00	2022-05-17T19:18:33.451786	178	4.27000000e+02
7.30531810e+00	2022-05-17T19:18:33.467376	179	4.26000000e+02
7.31615000e+00	2022-05-17T19:18:33.482981	180	4.26000000e+02
7.32445190e+00	2022-05-17T19:18:33.482981	181	4.16000000e+02
7.33447530e+00	2022-05-17T19:18:33.499225	182	4.16000000e+02
7.34538370e+00	2022-05-17T19:18:33.514882	183	4.16000000e+02
7.35311860e+00	2022-05-17T19:18:33.514882	184	4.35000000e+02
7.36123820e+00	2022-05-17T19:18:33.530562	185	4.19000000e+02
7.36925790e+00	2022-05-17T19:18:33.530562	186	4.16000000e+02
7.41467240e+00	2022-05-17T19:18:33.577376	187	4.48000000e+02
7.42244100e+00	2022-05-17T19:18:33.592995	188	4.19000000e+02
7.43127400e+00	2022-05-17T19:18:33.592995	189	4.29000000e+02
7.43917330e+00	2022-05-17T19:18:33.609175	190	4.21000000e+02
7.44795660e+00	2022-05-17T19:18:33.609175	191	4.24000000e+02
7.47431410e+00	2022-05-17T19:18:33.639820	192	4.19000000e+02
7.49631600e+00	2022-05-17T19:18:33.655440	193	4.16000000e+02
7.50542540e+00	2022-05-17T19:18:33.671372	194	4.28000000e+02
7.52340360e+00	2022-05-17T19:18:33.686720	195	4.16000000e+02
7.53678560e+00	2022-05-17T19:18:33.702310	196	4.15000000e+02
7.54621220e+00	2022-05-17T19:18:33.717957	197	4.09000000e+02
7.56396110e+00	2022-05-17T19:18:33.733591	198	4.17000000e+02
7.57013680e+00	2022-05-17T19:18:33.733591	199	4.17000000e+02
7.57836830e+00	2022-05-17T19:18:33.749208	200	4.16000000e+02
7.58665160e+00	2022-05-17T19:18:33.749208	201	4.19000000e+02
7.61287860e+00	2022-05-17T19:18:33.780452	202	4.16000000e+02
7.63589960e+00	2022-05-17T19:18:33.796032	203	4.12000000e+02
7.64471700e+00	2022-05-17T19:18:33.811655	204	4.16000000e+02
7.66754010e+00	2022-05-17T19:18:33.827802	205	4.23000000e+02
7.68264250e+00	2022-05-17T19:18:33.842896	206	4.16000000e+02
7.70158190e+00	2022-05-17T19:18:33.874138	207	4.14000000e+02
7.70935100e+00	2022-05-17T19:18:33.874138	208	4.31000000e+02
7.71837820e+00	2022-05-17T19:18:33.889798	209	4.19000000e+02
7.73023960e+00	2022-05-17T19:18:33.889798	210	4.19000000e+02
7.75060840e+00	2022-05-17T19:18:33.921042	211	4.17000000e+02
7.77314390e+00	2022-05-17T19:18:33.936650	212	4.15000000e+02
7.77474970e+00	2022-05-17T19:18:33.936650	213	4.23000000e+02
7.78386320e+00	2022-05-17T19:18:33.952887	214	4.19000000e+02
7.79528070e+00	2022-05-17T19:18:33.967922	215	4.23000000e+02
7.80369400e+00	2022-05-17T19:18:33.967922	216	4.16000000e+02
7.81921770e+00	2022-05-17T19:18:33.984013	217	4.36000000e+02
7.82875970e+00	2022-05-17T19:18:33.999149	218	4.19000000e+02
7.84550980e+00	2022-05-17T19:18:34.014758	219	4.40000000e+02
7.85435860e+00	2022-05-17T19:18:34.014758	220	4.15000000e+02
7.86486980e+00	2022-05-17T19:18:34.030620	221	4.16000000e+02
7.88864740e+00	2022-05-17T19:18:34.061627	222	4.15000000e+02
7.90835310e+00	2022-05-17T19:18:34.077242	223	4.23000000e+02
7.91851450e+00	2022-05-17T19:18:34.077242	224	4.16000000e+02
7.92708230e+00	2022-05-17T19:18:34.092837	225	4.22000000e+02
7.95383850e+00	2022-05-17T19:18:34.124119	226	4.16000000e+02
7.98063060e+00	2022-05-17T19:18:34.139739	227	4.23000000e+02
7.98436240e+00	2022-05-17T19:18:34.155677	228	4.69000000e+02
7.99602030e+00	2022-05-17T19:18:34.155677	229	4.17000000e+02
8.01562790e+00	2022-05-17T19:18:34.186604	230	4.55000000e+02
8.04146260e+00	2022-05-17T19:18:34.202186	231	4.15000000e+02
8.04525000e+00	2022-05-17T19:18:34.217849	232	4.19000000e+02
8.05334680e+00	2022-05-17T19:18:34.217849	233	4.17000000e+02
8.07900050e+00	2022-05-17T19:18:34.249050	234	4.15000000e+02
8.09744440e+00	2022-05-17T19:18:34.264672	235	4.18000000e+02
8.10682570e+00	2022-05-17T19:18:34.264672	236	4.20000000e+02
8.11492480e+00	2022-05-17T19:18:34.280294	237	4.17000000e+02
8.12446890e+00	2022-05-17T19:18:34.295917	238	4.67000000e+02
8.14603280e+00	2022-05-17T19:18:34.312072	239	4.34000000e+02
8.15160230e+00	2022-05-17T19:18:34.312072	240	4.15000000e+02
8.16958240e+00	2022-05-17T19:18:34.327738	241	4.16000000e+02
8.17302880e+00	2022-05-17T19:18:34.343346	242	4.18000000e+02
8.18432870e+00	2022-05-17T19:18:34.343346	243	4.08000000e+02
8.19265190e+00	2022-05-17T19:18:34.359144	244	4.16000000e+02
8.20135600e+00	2022-05-17T19:18:34.359144	245	4.20000000e+02
8.21918340e+00	2022-05-17T19:18:34.390182	246	4.15000000e+02
8.24672930e+00	2022-05-17T19:18:34.405803	247	4.08000000e+02
8.25822980e+00	2022-05-17T19:18:34.421426	248	4.16000000e+02
8.29986010e+00	2022-05-17T19:18:34.468289	249	4.15000000e+02
8.30925760e+00	2022-05-17T19:18:34.468289	250	4.20000000e+02
8.31123880e+00	2022-05-17T19:18:34.483910	251	4.16000000e+02
8.32025460e+00	2022-05-17T19:18:34.483910	252	4.28000000e+02
8.34284890e+00	2022-05-17T19:18:34.501477	253	4.29000000e+02
8.35489230e+00	2022-05-17T19:18:34.517102	254	4.15000000e+02
8.37035840e+00	2022-05-17T19:18:34.532767	255	4.16000000e+02
8.38085190e+00	2022-05-17T19:18:34.548344	256	4.19000000e+02
8.39061780e+00	2022-05-17T19:18:34.548344	257	4.15000000e+02
8.40239640e+00	2022-05-17T19:18:34.563964	258	4.18000000e+02
8.42183150e+00	2022-05-17T19:18:34.579586	259	4.08000000e+02
8.42995380e+00	2022-05-17T19:18:34.595208	260	4.17000000e+02
8.44062850e+00	2022-05-17T19:18:34.610904	261	4.16000000e+02
8.45057460e+00	2022-05-17T19:18:34.610904	262	4.16000000e+02
8.45912130e+00	2022-05-17T19:18:34.626967	263	4.17000000e+02
8.46718170e+00	2022-05-17T19:18:34.626967	264	4.16000000e+02
8.47565120e+00	2022-05-17T19:18:34.642072	265	4.18000000e+02
8.48411100e+00	2022-05-17T19:18:34.642072	266	4.21000000e+02
8.51010770e+00	2022-05-17T19:18:34.673314	267	4.14000000e+02
8.52559790e+00	2022-05-17T19:18:34.688974	268	4.17000000e+02
8.53653710e+00	2022-05-17T19:18:34.704601	269	4.08000000e+02
8.54534480e+00	2022-05-17T19:18:34.704601	270	4.16000000e+02
8.56381540e+00	2022-05-17T19:18:34.735826	271	4.15000000e+02
8.59014340e+00	2022-05-17T19:18:34.751460	272	4.15000000e+02
8.59893420e+00	2022-05-17T19:18:34.767374	273	4.08000000e+02
8.62534250e+00	2022-05-17T19:18:34.798284	274	4.16000000e+02
8.62902190e+00	2022-05-17T19:18:34.798284	275	4.16000000e+02
8.63737440e+00	2022-05-17T19:18:34.798284	276	4.20000000e+02
8.65489370e+00	2022-05-17T19:18:34.813948	277	4.61000000e+02
8.66383180e+00	2022-05-17T19:18:34.829576	278	4.16000000e+02
8.68782480e+00	2022-05-17T19:18:34.860811	279	4.21000000e+02
8.69354710e+00	2022-05-17T19:18:34.860811	280	4.08000000e+02
8.70687130e+00	2022-05-17T19:18:34.876428	281	4.31000000e+02
8.72173050e+00	2022-05-17T19:18:34.892049	282	4.23000000e+02
8.72929680e+00	2022-05-17T19:18:34.892049	283	4.18000000e+02
8.73787590e+00	2022-05-17T19:18:34.907634	284	4.16000000e+02
8.74588030e+00	2022-05-17T19:18:34.907634	285	4.20000000e+02
8.76886030e+00	2022-05-17T19:18:34.938877	286	4.50000000e+02
8.79040670e+00	2022-05-17T19:18:34.954578	287	4.08000000e+02
8.79495260e+00	2022-05-17T19:18:34.954578	288	4.17000000e+02
8.80339740e+00	2022-05-17T19:18:34.970652	289	4.20000000e+02
8.81157200e+00	2022-05-17T19:18:34.970652	290	4.16000000e+02
8.83468200e+00	2022-05-17T19:18:35.001360	291	4.15000000e+02
8.85183050e+00	2022-05-17T19:18:35.017016	292	4.61000000e+02
8.86026130e+00	2022-05-17T19:18:35.032641	293	4.16000000e+02
8.86844430e+00	2022-05-17T19:18:35.032641	294	4.66000000e+02
8.87927700e+00	2022-05-17T19:18:35.048697	295	4.08000000e+02
8.89668680e+00	2022-05-17T19:18:35.063849	296	4.15000000e+02
8.90587850e+00	2022-05-17T19:18:35.063849	297	4.08000000e+02
8.92477180e+00	2022-05-17T19:18:35.095152	298	4.16000000e+02
8.93541070e+00	2022-05-17T19:18:35.095152	299	4.16000000e+02
8.94675570e+00	2022-05-17T19:18:35.110719	300	4.25000000e+02
8.96946000e+00	2022-05-17T19:18:35.141979	301	4.32000000e+02
8.97238460e+00	2022-05-17T19:18:35.141979	302	4.16000000e+02
8.99467750e+00	2022-05-17T19:18:35.157648	303	4.09000000e+02
8.99987520e+00	2022-05-17T19:18:35.157648	304	4.16000000e+02
9.00831340e+00	2022-05-17T19:18:35.173211	305	4.19000000e+02
9.02509280e+00	2022-05-17T19:18:35.188896	306	4.17000000e+02
9.03485040e+00	2022-05-17T19:18:35.204477	307	4.27000000e+02
9.04734630e+00	2022-05-17T19:18:35.220105	308	4.16000000e+02
9.06335090e+00	2022-05-17T19:18:35.235723	309	4.43000000e+02
9.06997670e+00	2022-05-17T19:18:35.235723	310	4.17000000e+02
9.08211310e+00	2022-05-17T19:18:35.251430	311	4.63000000e+02
9.10607960e+00	2022-05-17T19:18:35.266968	312	4.16000000e+02
9.11304390e+00	2022-05-17T19:18:35.282572	313	4.19000000e+02
9.13705650e+00	2022-05-17T19:18:35.298205	314	4.15000000e+02
9.14284160e+00	2022-05-17T19:18:35.314799	315	4.29000000e+02
9.15152090e+00	2022-05-17T19:18:35.314799	316	4.31000000e+02
9.16738250e+00	2022-05-17T19:18:35.330466	317	4.20000000e+02
9.17969120e+00	2022-05-17T19:18:35.346088	318	4.31000000e+02
9.20436860e+00	2022-05-17T19:18:35.377290	319	4.17000000e+02
9.21272550e+00	2022-05-17T19:18:35.377290	320	4.08000000e+02
9.22067620e+00	2022-05-17T19:18:35.392950	321	4.67000000e+02
9.22890820e+00	2022-05-17T19:18:35.392950	322	4.18000000e+02
9.25615250e+00	2022-05-17T19:18:35.424192	323	4.17000000e+02
9.26579070e+00	2022-05-17T19:18:35.424192	324	4.21000000e+02
9.28411380e+00	2022-05-17T19:18:35.455433	325	4.37000000e+02
9.29062890e+00	2022-05-17T19:18:35.455433	326	4.17000000e+02
9.29907860e+00	2022-05-17T19:18:35.471057	327	4.20000000e+02
9.30867440e+00	2022-05-17T19:18:35.471057	328	4.29000000e+02
9.33035310e+00	2022-05-17T19:18:35.503313	329	4.15000000e+02
9.34175080e+00	2022-05-17T19:18:35.503313	330	4.27000000e+02
9.36240980e+00	2022-05-17T19:18:35.534557	331	4.16000000e+02
9.37222470e+00	2022-05-17T19:18:35.534557	332	4.23000000e+02
9.38070890e+00	2022-05-17T19:18:35.550718	333	4.68000000e+02
9.39065940e+00	2022-05-17T19:18:35.550718	334	4.23000000e+02
9.40087000e+00	2022-05-17T19:18:35.565838	335	4.16000000e+02
9.41526700e+00	2022-05-17T19:18:35.581459	336	4.26000000e+02
9.42908680e+00	2022-05-17T19:18:35.597042	337	4.46000000e+02
9.45739760e+00	2022-05-17T19:18:35.628315	338	4.06000000e+02
9.46237290e+00	2022-05-17T19:18:35.628315	339	4.17000000e+02
9.47045930e+00	2022-05-17T19:18:35.628315	340	4.66000000e+02
9.47886900e+00	2022-05-17T19:18:35.643946	341	4.16000000e+02
9.48774180e+00	2022-05-17T19:18:35.659579	342	4.31000000e+02
9.50838570e+00	2022-05-17T19:18:35.675147	343	4.19000000e+02
9.51868110e+00	2022-05-17T19:18:35.690769	344	4.15000000e+02
9.54028780e+00	2022-05-17T19:18:35.706392	345	4.18000000e+02
9.54427830e+00	2022-05-17T19:18:35.706392	346	4.16000000e+02
9.55260440e+00	2022-05-17T19:18:35.722011	347	4.25000000e+02
9.56090430e+00	2022-05-17T19:18:35.722011	348	4.17000000e+02
9.58682280e+00	2022-05-17T19:18:35.753254	349	4.16000000e+02
9.61368160e+00	2022-05-17T19:18:35.784538	350	4.15000000e+02
9.61820690e+00	2022-05-17T19:18:35.784538	351	4.18000000e+02
9.62630050e+00	2022-05-17T19:18:35.784538	352	4.16000000e+02
9.63451490e+00	2022-05-17T19:18:35.800157	353	4.16000000e+02
9.64275320e+00	2022-05-17T19:18:35.815767	354	4.18000000e+02
9.66465040e+00	2022-05-17T19:18:35.831373	355	4.15000000e+02
9.67539760e+00	2022-05-17T19:18:35.847008	356	4.16000000e+02
9.69316250e+00	2022-05-17T19:18:35.862630	357	4.19000000e+02
9.70390080e+00	2022-05-17T19:18:35.862630	358	4.23000000e+02
9.71232220e+00	2022-05-17T19:18:35.878232	359	4.16000000e+02
9.72019780e+00	2022-05-17T19:18:35.878232	360	4.42000000e+02
9.73651160e+00	2022-05-17T19:18:35.909467	361	4.28000000e+02
9.74258780e+00	2022-05-17T19:18:35.909467	362	4.08000000e+02
9.76308280e+00	2022-05-17T19:18:35.925159	363	4.08000000e+02
9.77388780e+00	2022-05-17T19:18:35.940744	364	4.55000000e+02
9.78165930e+00	2022-05-17T19:18:35.940744	365	4.51000000e+02
9.79073720e+00	2022-05-17T19:18:35.956404	366	4.17000000e+02
9.80619240e+00	2022-05-17T19:18:35.972478	367	4.16000000e+02
9.82101950e+00	2022-05-17T19:18:35.987573	368	4.21000000e+02
9.84255400e+00	2022-05-17T19:18:36.003195	369	4.19000000e+02
9.85713330e+00	2022-05-17T19:18:36.018858	370	4.21000000e+02
9.86771920e+00	2022-05-17T19:18:36.034442	371	4.26000000e+02
9.87621860e+00	2022-05-17T19:18:36.034442	372	4.16000000e+02
9.89771980e+00	2022-05-17T19:18:36.065681	373	4.55000000e+02
9.92073920e+00	2022-05-17T19:18:36.081329	374	4.17000000e+02
9.93076210e+00	2022-05-17T19:18:36.096952	375	4.17000000e+02
9.94152450e+00	2022-05-17T19:18:36.112546	376	4.17000000e+02
9.94973220e+00	2022-05-17T19:18:36.112546	377	4.16000000e+02
9.97596900e+00	2022-05-17T19:18:36.143812	378	4.28000000e+02
1.00018742e+01	2022-05-17T19:18:36.175058	379	4.16000000e+02
1.00114983e+01	2022-05-17T19:18:36.175058	380	4.20000000e+02
1.00220476e+01	2022-05-17T19:18:36.191041	381	4.19000000e+02
1.00319492e+01	2022-05-17T19:18:36.191041	382	4.16000000e+02
1.00542985e+01	2022-05-17T19:18:36.221975	383	4.16000000e+02
1.00657399e+01	2022-05-17T19:18:36.237547	384	4.16000000e+02
1.00820054e+01	2022-05-17T19:18:36.253178	385	4.15000000e+02
1.00935192e+01	2022-05-17T19:18:36.253178	386	4.17000000e+02
1.01015981e+01	2022-05-17T19:18:36.268931	387	4.16000000e+02
1.01095177e+01	2022-05-17T19:18:36.268931	388	4.17000000e+02
1.01315969e+01	2022-05-17T19:18:36.300036	389	4.17000000e+02
1.01513655e+01	2022-05-17T19:18:36.315793	390	4.16000000e+02
1.01588148e+01	2022-05-17T19:18:36.331422	391	4.18000000e+02
1.01676020e+01	2022-05-17T19:18:36.331422	392	4.19000000e+02
1.01791213e+01	2022-05-17T19:18:36.347039	393	4.28000000e+02
1.01881130e+01	2022-05-17T19:18:36.347039	394	4.17000000e+02
1.02068215e+01	2022-05-17T19:18:36.378307	395	4.21000000e+02
1.02157245e+01	2022-05-17T19:18:36.378307	396	4.08000000e+02
1.02338003e+01	2022-05-17T19:18:36.393967	397	4.19000000e+02
1.02449349e+01	2022-05-17T19:18:36.410087	398	4.16000000e+02
1.02609160e+01	2022-05-17T19:18:36.425226	399	4.17000000e+02
1.02725409e+01	2022-05-17T19:18:36.440792	400	4.20000000e+02
1.02847902e+01	2022-05-17T19:18:36.456430	401	4.15000000e+02
1.03000382e+01	2022-05-17T19:18:36.472066	402	4.15000000e+02
1.03103579e+01	2022-05-17T19:18:36.472066	403	4.16000000e+02
1.03184355e+01	2022-05-17T19:18:36.489184	404	4.63000000e+02
1.03270169e+01	2022-05-17T19:18:36.489184	405	4.16000000e+02
1.03519399e+01	2022-05-17T19:18:36.520458	406	4.40000000e+02
1.03770201e+01	2022-05-17T19:18:36.536126	407	4.16000000e+02
1.03884601e+01	2022-05-17T19:18:36.552157	408	4.16000000e+02
1.03963701e+01	2022-05-17T19:18:36.567311	409	4.46000000e+02
1.04050869e+01	2022-05-17T19:18:36.567311	410	4.18000000e+02
1.04169052e+01	2022-05-17T19:18:36.583438	411	4.15000000e+02
1.04252162e+01	2022-05-17T19:18:36.583438	412	4.19000000e+02
1.04336236e+01	2022-05-17T19:18:36.598553	413	4.33000000e+02
1.04414993e+01	2022-05-17T19:18:36.614239	414	4.27000000e+02
1.04498249e+01	2022-05-17T19:18:36.614239	415	4.16000000e+02
1.04583970e+01	2022-05-17T19:18:36.629862	416	4.16000000e+02
1.04701210e+01	2022-05-17T19:18:36.629862	417	4.18000000e+02
1.04786525e+01	2022-05-17T19:18:36.645888	418	4.25000000e+02
1.04905944e+01	2022-05-17T19:18:36.661520	419	4.18000000e+02
1.04989962e+01	2022-05-17T19:18:36.661520	420	4.16000000e+02
1.05071068e+01	2022-05-17T19:18:36.677196	421	4.18000000e+02
1.05149195e+01	2022-05-17T19:18:36.677196	422	4.19000000e+02
1.05232127e+01	2022-05-17T19:18:36.692802	423	4.51000000e+02
1.05317893e+01	2022-05-17T19:18:36.692802	424	4.17000000e+02
1.05399630e+01	2022-05-17T19:18:36.708417	425	4.33000000e+02
1.05482526e+01	2022-05-17T19:18:36.708417	426	4.17000000e+02
1.05564542e+01	2022-05-17T19:18:36.723508	427	4.63000000e+02
1.05680870e+01	2022-05-17T19:18:36.739623	428	4.48000000e+02
1.05768225e+01	2022-05-17T19:18:36.739623	429	4.15000000e+02
1.05852570e+01	2022-05-17T19:18:36.755281	430	4.18000000e+02
1.05972072e+01	2022-05-17T19:18:36.755281	431	4.16000000e+02
1.06053525e+01	2022-05-17T19:18:36.770424	432	4.27000000e+02
1.06132295e+01	2022-05-17T19:18:36.786043	433	4.16000000e+02
1.06219499e+01	2022-05-17T19:18:36.786043	434	4.30000000e+02
1.06302764e+01	2022-05-17T19:18:36.801841	435	4.16000000e+02
1.06422668e+01	2022-05-17T19:18:36.801841	436	4.40000000e+02
1.06503934e+01	2022-05-17T19:18:36.817683	437	4.16000000e+02
1.06587323e+01	2022-05-17T19:18:36.817683	438	4.17000000e+02
1.06664201e+01	2022-05-17T19:18:36.833318	439	4.17000000e+02
1.06752678e+01	2022-05-17T19:18:36.833318	440	4.16000000e+02
1.06875898e+01	2022-05-17T19:18:36.848521	441	4.18000000e+02
1.06995625e+01	2022-05-17T19:18:36.864546	442	4.17000000e+02
1.07078158e+01	2022-05-17T19:18:36.879802	443	4.24000000e+02
1.07161905e+01	2022-05-17T19:18:36.879802	444	4.17000000e+02
1.07242144e+01	2022-05-17T19:18:36.895893	445	4.08000000e+02
1.07326144e+01	2022-05-17T19:18:36.895893	446	4.16000000e+02
1.07444061e+01	2022-05-17T19:18:36.911598	447	4.16000000e+02
1.07528175e+01	2022-05-17T19:18:36.911598	448	4.21000000e+02
1.07610835e+01	2022-05-17T19:18:36.927074	449	4.17000000e+02
1.07689501e+01	2022-05-17T19:18:36.927074	450	4.17000000e+02
1.07775041e+01	2022-05-17T19:18:36.942285	451	4.18000000e+02
1.07856866e+01	2022-05-17T19:18:36.957910	452	4.09000000e+02
1.07937093e+01	2022-05-17T19:18:36.957910	453	4.26000000e+02
1.08024157e+01	2022-05-17T19:18:36.973782	454	4.71000000e+02
1.08140461e+01	2022-05-17T19:18:36.973782	455	4.46000000e+02
1.08221824e+01	2022-05-17T19:18:36.989607	456	4.21000000e+02
1.08306562e+01	2022-05-17T19:18:36.989607	457	4.55000000e+02
1.08388894e+01	2022-05-17T19:18:37.004846	458	4.18000000e+02
1.08470894e+01	2022-05-17T19:18:37.004846	459	4.17000000e+02
1.08555785e+01	2022-05-17T19:18:37.020313	460	4.18000000e+02
1.08674943e+01	2022-05-17T19:18:37.036463	461	4.16000000e+02
1.08752575e+01	2022-05-17T19:18:37.036463	462	4.17000000e+02
1.08839168e+01	2022-05-17T19:18:37.052079	463	4.16000000e+02
1.08920945e+01	2022-05-17T19:18:37.052079	464	4.40000000e+02
1.09004042e+01	2022-05-17T19:18:37.067650	465	4.18000000e+02
1.09088822e+01	2022-05-17T19:18:37.067650	466	4.25000000e+02
1.09208446e+01	2022-05-17T19:18:37.083026	467	4.20000000e+02
1.09289866e+01	2022-05-17T19:18:37.099061	468	4.16000000e+02
1.09373681e+01	2022-05-17T19:18:37.099061	469	4.20000000e+02
1.09494559e+01	2022-05-17T19:18:37.114536	470	4.16000000e+02
1.09583857e+01	2022-05-17T19:18:37.129742	471	4.08000000e+02
1.09698388e+01	2022-05-17T19:18:37.129742	472	4.18000000e+02
1.09780486e+01	2022-05-17T19:18:37.145283	473	4.63000000e+02
1.09862544e+01	2022-05-17T19:18:37.145283	474	4.18000000e+02
1.09945807e+01	2022-05-17T19:18:37.160905	475	4.60000000e+02
1.10024913e+01	2022-05-17T19:18:37.160905	476	4.17000000e+02
1.10109209e+01	2022-05-17T19:18:37.176976	477	4.16000000e+02
1.10194612e+01	2022-05-17T19:18:37.192177	478	4.19000000e+02
1.10310724e+01	2022-05-17T19:18:37.192177	479	4.17000000e+02
1.10394879e+01	2022-05-17T19:18:37.207768	480	4.15000000e+02
1.10477224e+01	2022-05-17T19:18:37.207768	481	4.18000000e+02
1.10560103e+01	2022-05-17T19:18:37.223389	482	4.62000000e+02
1.10640231e+01	2022-05-17T19:18:37.223389	483	4.23000000e+02
1.10719998e+01	2022-05-17T19:18:37.239427	484	4.19000000e+02
1.10806659e+01	2022-05-17T19:18:37.239427	485	4.16000000e+02
1.10887077e+01	2022-05-17T19:18:37.255066	486	4.19000000e+02
1.10969041e+01	2022-05-17T19:18:37.255066	487	4.16000000e+02
1.11051076e+01	2022-05-17T19:18:37.270253	488	4.22000000e+02
1.11135249e+01	2022-05-17T19:18:37.285955	489	4.08000000e+02
1.11256040e+01	2022-05-17T19:18:37.285955	490	4.22000000e+02
1.11338428e+01	2022-05-17T19:18:37.302577	491	4.16000000e+02
1.11416212e+01	2022-05-17T19:18:37.302577	492	4.16000000e+02
1.11498125e+01	2022-05-17T19:18:37.318202	493	4.41000000e+02
1.11583335e+01	2022-05-17T19:18:37.318202	494	4.17000000e+02
1.11661063e+01	2022-05-17T19:18:37.333823	495	4.16000000e+02
1.11743866e+01	2022-05-17T19:18:37.333823	496	4.23000000e+02
1.11828345e+01	2022-05-17T19:18:37.349526	497	4.62000000e+02
1.11906633e+01	2022-05-17T19:18:37.349526	498	4.38000000e+02
1.11989472e+01	2022-05-17T19:18:37.365602	499	4.19000000e+02
1.12074773e+01	2022-05-17T19:18:37.365602	500	4.27000000e+02
1.12155672e+01	2022-05-17T19:18:37.380769	501	4.18000000e+02
1.12239779e+01	2022-05-17T19:18:37.396388	502	4.25000000e+02
1.12321877e+01	2022-05-17T19:18:37.396388	503	4.18000000e+02
1.12408814e+01	2022-05-17T19:18:37.412053	504	4.16000000e+02
1.12525330e+01	2022-05-17T19:18:37.412053	505	4.20000000e+02
1.12608159e+01	2022-05-17T19:18:37.428083	506	4.16000000e+02
1.12690700e+01	2022-05-17T19:18:37.428083	507	4.19000000e+02
1.12812468e+01	2022-05-17T19:18:37.443630	508	4.17000000e+02
1.12892978e+01	2022-05-17T19:18:37.459425	509	4.29000000e+02
1.12978141e+01	2022-05-17T19:18:37.459425	510	4.16000000e+02
1.13053897e+01	2022-05-17T19:18:37.475006	511	4.18000000e+02
1.13136084e+01	2022-05-17T19:18:37.475006	512	4.16000000e+02
1.13219906e+01	2022-05-17T19:18:37.491277	513	4.22000000e+02
1.13299832e+01	2022-05-17T19:18:37.491277	514	4.16000000e+02
1.13382542e+01	2022-05-17T19:18:37.506972	515	4.26000000e+02
1.13472077e+01	2022-05-17T19:18:37.506972	516	4.18000000e+02
1.13589663e+01	2022-05-17T19:18:37.522808	517	4.17000000e+02
1.13673684e+01	2022-05-17T19:18:37.538782	518	4.69000000e+02
1.13754600e+01	2022-05-17T19:18:37.538782	519	4.18000000e+02
1.13832583e+01	2022-05-17T19:18:37.554359	520	4.21000000e+02
1.13914164e+01	2022-05-17T19:18:37.554359	521	4.16000000e+02
1.14000716e+01	2022-05-17T19:18:37.569913	522	4.18000000e+02
1.14083252e+01	2022-05-17T19:18:37.569913	523	4.55000000e+02
1.14164754e+01	2022-05-17T19:18:37.585608	524	4.20000000e+02
1.14244891e+01	2022-05-17T19:18:37.585608	525	4.16000000e+02
1.14328926e+01	2022-05-17T19:18:37.601096	526	4.17000000e+02
1.14410008e+01	2022-05-17T19:18:37.601096	527	4.17000000e+02
1.14493009e+01	2022-05-17T19:18:37.616525	528	4.51000000e+02
1.14577091e+01	2022-05-17T19:18:37.616525	529	4.16000000e+02
1.14694894e+01	2022-05-17T19:18:37.632334	530	4.16000000e+02
1.14775592e+01	2022-05-17T19:18:37.648087	531	4.53000000e+02
1.14855224e+01	2022-05-17T19:18:37.648087	532	4.27000000e+02
1.14941619e+01	2022-05-17T19:18:37.664205	533	4.35000000e+02
1.15023636e+01	2022-05-17T19:18:37.664205	534	4.19000000e+02
1.15105038e+01	2022-05-17T19:18:37.679943	535	4.16000000e+02
1.15186834e+01	2022-05-17T19:18:37.679943	536	4.25000000e+02
1.15269745e+01	2022-05-17T19:18:37.695184	537	4.16000000e+02
1.15350786e+01	2022-05-17T19:18:37.695184	538	4.63000000e+02
1.15433503e+01	2022-05-17T19:18:37.710900	539	4.19000000e+02
1.15516342e+01	2022-05-17T19:18:37.710900	540	4.17000000e+02
1.15598999e+01	2022-05-17T19:18:37.726697	541	4.20000000e+02
1.15718101e+01	2022-05-17T19:18:37.742215	542	4.17000000e+02
1.15800941e+01	2022-05-17T19:18:37.742215	543	4.27000000e+02
1.15883966e+01	2022-05-17T19:18:37.757875	544	4.17000000e+02
1.15964541e+01	2022-05-17T19:18:37.757875	545	4.08000000e+02
1.16047498e+01	2022-05-17T19:18:37.773294	546	4.21000000e+02
1.16125155e+01	2022-05-17T19:18:37.773294	547	4.21000000e+02
1.16210344e+01	2022-05-17T19:18:37.788959	548	4.29000000e+02
1.16293890e+01	2022-05-17T19:18:37.788959	549	4.16000000e+02
1.16376003e+01	2022-05-17T19:18:37.804765	550	4.39000000e+02
1.16453991e+01	2022-05-17T19:18:37.804765	551	4.68000000e+02
1.16538704e+01	2022-05-17T19:18:37.820429	552	4.16000000e+02
1.16620471e+01	2022-05-17T19:18:37.820429	553	4.28000000e+02
1.16699555e+01	2022-05-17T19:18:37.836019	554	4.16000000e+02
1.16790482e+01	2022-05-17T19:18:37.851169	555	4.17000000e+02
1.16901443e+01	2022-05-17T19:18:37.851169	556	4.08000000e+02
1.16989715e+01	2022-05-17T19:18:37.867156	557	4.16000000e+02
1.17071072e+01	2022-05-17T19:18:37.867156	558	4.17000000e+02
1.17149768e+01	2022-05-17T19:18:37.882411	559	4.20000000e+02
1.17233458e+01	2022-05-17T19:18:37.882411	560	4.42000000e+02
1.17313760e+01	2022-05-17T19:18:37.898520	561	4.31000000e+02
1.17395682e+01	2022-05-17T19:18:37.898520	562	4.17000000e+02
1.17477720e+01	2022-05-17T19:18:37.914086	563	4.16000000e+02
1.17558337e+01	2022-05-17T19:18:37.914086	564	4.24000000e+02
1.17645644e+01	2022-05-17T19:18:37.929724	565	4.29000000e+02
1.17724294e+01	2022-05-17T19:18:37.944895	566	4.26000000e+02
1.17808608e+01	2022-05-17T19:18:37.944895	567	4.17000000e+02
1.17891943e+01	2022-05-17T19:18:37.960515	568	4.22000000e+02
1.17966458e+01	2022-05-17T19:18:37.960515	569	4.55000000e+02
1.18051041e+01	2022-05-17T19:18:37.976138	570	4.16000000e+02
1.18131056e+01	2022-05-17T19:18:37.976138	571	4.16000000e+02
1.18219153e+01	2022-05-17T19:18:37.991798	572	4.16000000e+02
1.18297801e+01	2022-05-17T19:18:37.991798	573	4.52000000e+02
1.18381418e+01	2022-05-17T19:18:38.007919	574	4.17000000e+02
1.18464977e+01	2022-05-17T19:18:38.007919	575	4.26000000e+02
1.18546309e+01	2022-05-17T19:18:38.023568	576	4.18000000e+02
1.18628920e+01	2022-05-17T19:18:38.023568	577	4.16000000e+02
1.18710825e+01	2022-05-17T19:18:38.039152	578	4.20000000e+02
1.18793541e+01	2022-05-17T19:18:38.039152	579	4.16000000e+02
1.18873803e+01	2022-05-17T19:18:38.054743	580	4.69000000e+02
1.18951444e+01	2022-05-17T19:18:38.054743	581	4.44000000e+02
1.19042000e+01	2022-05-17T19:18:38.070352	582	4.17000000e+02
1.19158505e+01	2022-05-17T19:18:38.085958	583	4.23000000e+02
1.19243222e+01	2022-05-17T19:18:38.085958	584	4.08000000e+02
1.19323447e+01	2022-05-17T19:18:38.101683	585	4.30000000e+02
1.19407685e+01	2022-05-17T19:18:38.101683	586	4.16000000e+02
1.19487918e+01	2022-05-17T19:18:38.117267	587	4.53000000e+02
1.19862717e+01	2022-05-17T19:18:38.147987	588	4.16000000e+02
1.20036048e+01	2022-05-17T19:18:38.163602	589	4.59000000e+02
1.20192126e+01	2022-05-17T19:18:38.179253	590	4.15000000e+02
1.20306673e+01	2022-05-17T19:18:38.194840	591	4.15000000e+02
1.20596837e+01	2022-05-17T19:18:38.226078	592	4.15000000e+02
1.20955044e+01	2022-05-17T19:18:38.257320	593	4.28000000e+02
1.21003950e+01	2022-05-17T19:18:38.272941	594	4.16000000e+02
1.21085724e+01	2022-05-17T19:18:38.272941	595	4.17000000e+02
1.21383871e+01	2022-05-17T19:18:38.304721	596	4.15000000e+02
1.21645986e+01	2022-05-17T19:18:38.335968	597	4.63000000e+02
1.21745947e+01	2022-05-17T19:18:38.335968	598	4.16000000e+02
1.21864654e+01	2022-05-17T19:18:38.352125	599	4.18000000e+02
1.21947818e+01	2022-05-17T19:18:38.367210	600	4.08000000e+02
1.22028832e+01	2022-05-17T19:18:38.367210	601	4.20000000e+02
1.22262333e+01	2022-05-17T19:18:38.398452	602	4.16000000e+02
1.22383336e+01	2022-05-17T19:18:38.398452	603	4.16000000e+02
1.22607180e+01	2022-05-17T19:18:38.429696	604	4.18000000e+02
1.22737652e+01	2022-05-17T19:18:38.445321	605	4.48000000e+02
1.22846941e+01	2022-05-17T19:18:38.445321	606	4.35000000e+02
1.23099215e+01	2022-05-17T19:18:38.476558	607	4.42000000e+02
1.23320837e+01	2022-05-17T19:18:38.493126	608	4.16000000e+02
1.23396005e+01	2022-05-17T19:18:38.508793	609	4.18000000e+02
1.23507317e+01	2022-05-17T19:18:38.508793	610	4.17000000e+02
1.23627736e+01	2022-05-17T19:18:38.524371	611	4.24000000e+02
1.23899593e+01	2022-05-17T19:18:38.555613	612	4.49000000e+02
1.24155135e+01	2022-05-17T19:18:38.586856	613	4.18000000e+02
1.24246473e+01	2022-05-17T19:18:38.586856	614	4.19000000e+02
1.24275282e+01	2022-05-17T19:18:38.586856	615	4.17000000e+02
1.24367833e+01	2022-05-17T19:18:38.602536	616	4.10000000e+02
1.24720466e+01	2022-05-17T19:18:38.633721	617	4.17000000e+02
1.25016675e+01	2022-05-17T19:18:38.664962	618	4.17000000e+02
1.25099343e+01	2022-05-17T19:18:38.680679	619	4.16000000e+02
1.25183091e+01	2022-05-17T19:18:38.680679	620	4.17000000e+02
1.25264558e+01	2022-05-17T19:18:38.696554	621	4.17000000e+02
1.25347599e+01	2022-05-17T19:18:38.696554	622	4.19000000e+02
1.25567967e+01	2022-05-17T19:18:38.727450	623	4.53000000e+02
1.25894154e+01	2022-05-17T19:18:38.758691	624	4.31000000e+02
1.26001670e+01	2022-05-17T19:18:38.758691	625	4.23000000e+02
1.26083408e+01	2022-05-17T19:18:38.774705	626	4.16000000e+02
1.26164965e+01	2022-05-17T19:18:38.774705	627	4.31000000e+02
1.26487433e+01	2022-05-17T19:18:38.821182	628	4.17000000e+02
1.26723642e+01	2022-05-17T19:18:38.836830	629	4.17000000e+02
1.26819481e+01	2022-05-17T19:18:38.852945	630	4.17000000e+02
1.26904031e+01	2022-05-17T19:18:38.852945	631	4.16000000e+02
1.27128532e+01	2022-05-17T19:18:38.883661	632	4.67000000e+02
1.27484054e+01	2022-05-17T19:18:38.914919	633	4.17000000e+02
1.27560033e+01	2022-05-17T19:18:38.914919	634	4.59000000e+02
1.27638016e+01	2022-05-17T19:18:38.930549	635	4.17000000e+02
1.27889530e+01	2022-05-17T19:18:38.961767	636	4.17000000e+02
1.27951091e+01	2022-05-17T19:18:38.961767	637	4.51000000e+02
1.28071838e+01	2022-05-17T19:18:38.977388	638	4.26000000e+02
1.28317952e+01	2022-05-17T19:18:38.993009	639	4.08000000e+02
1.28419344e+01	2022-05-17T19:18:39.008671	640	4.17000000e+02
1.28559471e+01	2022-05-17T19:18:39.024252	641	4.40000000e+02
1.28817093e+01	2022-05-17T19:18:39.039873	642	4.15000000e+02
1.29054518e+01	2022-05-17T19:18:39.071135	643	4.08000000e+02
1.29113627e+01	2022-05-17T19:18:39.071135	644	4.20000000e+02
1.29194482e+01	2022-05-17T19:18:39.086737	645	4.16000000e+02
1.29278872e+01	2022-05-17T19:18:39.086737	646	4.22000000e+02
1.29466070e+01	2022-05-17T19:18:39.117980	647	4.16000000e+02
1.29699282e+01	2022-05-17T19:18:39.133640	648	4.16000000e+02
1.29809266e+01	2022-05-17T19:18:39.149597	649	4.17000000e+02
1.29890456e+01	2022-05-17T19:18:39.149597	650	4.31000000e+02
1.30054769e+01	2022-05-17T19:18:39.165396	651	4.15000000e+02
1.30130862e+01	2022-05-17T19:18:39.180464	652	4.16000000e+02
1.30224855e+01	2022-05-17T19:18:39.180464	653	4.22000000e+02
1.30764928e+01	2022-05-17T19:18:39.242951	654	4.16000000e+02
1.30833273e+01	2022-05-17T19:18:39.242951	655	4.16000000e+02
1.30915126e+01	2022-05-17T19:18:39.259076	656	4.50000000e+02
1.30998959e+01	2022-05-17T19:18:39.259076	657	4.17000000e+02
1.31191453e+01	2022-05-17T19:18:39.289814	658	4.16000000e+02
1.31457571e+01	2022-05-17T19:18:39.305972	659	4.24000000e+02
1.31549524e+01	2022-05-17T19:18:39.321597	660	4.16000000e+02
1.31648231e+01	2022-05-17T19:18:39.337217	661	4.35000000e+02
1.31736391e+01	2022-05-17T19:18:39.337217	662	4.37000000e+02
1.32017459e+01	2022-05-17T19:18:39.368461	663	4.19000000e+02
1.32103644e+01	2022-05-17T19:18:39.368461	664	4.16000000e+02
1.32274750e+01	2022-05-17T19:18:39.399745	665	4.15000000e+02
1.32346817e+01	2022-05-17T19:18:39.399745	666	4.17000000e+02
1.32433021e+01	2022-05-17T19:18:39.415324	667	4.17000000e+02
1.32555804e+01	2022-05-17T19:18:39.415324	668	4.34000000e+02
1.32842727e+01	2022-05-17T19:18:39.446566	669	4.62000000e+02
1.33182732e+01	2022-05-17T19:18:39.477810	670	4.16000000e+02
1.33284522e+01	2022-05-17T19:18:39.494554	671	4.16000000e+02
1.33379207e+01	2022-05-17T19:18:39.510180	672	4.18000000e+02
1.33618832e+01	2022-05-17T19:18:39.525802	673	4.16000000e+02
1.33960593e+01	2022-05-17T19:18:39.557044	674	4.59000000e+02
1.33989119e+01	2022-05-17T19:18:39.557044	675	4.68000000e+02
1.34109719e+01	2022-05-17T19:18:39.572665	676	4.21000000e+02
1.34392227e+01	2022-05-17T19:18:39.603909	677	4.25000000e+02
1.34724274e+01	2022-05-17T19:18:39.635192	678	4.22000000e+02
1.34763329e+01	2022-05-17T19:18:39.635192	679	4.19000000e+02
1.34846109e+01	2022-05-17T19:18:39.651103	680	4.16000000e+02
1.34930820e+01	2022-05-17T19:18:39.651103	681	4.17000000e+02
1.35119159e+01	2022-05-17T19:18:39.682016	682	4.08000000e+02
1.35472558e+01	2022-05-17T19:18:39.713261	683	4.15000000e+02
1.35503653e+01	2022-05-17T19:18:39.713261	684	4.22000000e+02
1.35586559e+01	2022-05-17T19:18:39.728880	685	4.16000000e+02
1.35715568e+01	2022-05-17T19:18:39.744505	686	4.18000000e+02
1.35938921e+01	2022-05-17T19:18:39.760122	687	4.18000000e+02
1.36176019e+01	2022-05-17T19:18:39.775744	688	4.18000000e+02
1.36260145e+01	2022-05-17T19:18:39.791364	689	4.15000000e+02
1.36357158e+01	2022-05-17T19:18:39.806985	690	4.17000000e+02
1.36442334e+01	2022-05-17T19:18:39.806985	691	4.18000000e+02
1.36630156e+01	2022-05-17T19:18:39.822686	692	4.65000000e+02
1.36743317e+01	2022-05-17T19:18:39.838247	693	4.21000000e+02
1.37044316e+01	2022-05-17T19:18:39.869488	694	4.15000000e+02
1.37094109e+01	2022-05-17T19:18:39.869488	695	4.24000000e+02
1.37176038e+01	2022-05-17T19:18:39.885125	696	4.17000000e+02
1.37261103e+01	2022-05-17T19:18:39.885125	697	4.20000000e+02
1.37473661e+01	2022-05-17T19:18:39.916334	698	4.63000000e+02
1.37577670e+01	2022-05-17T19:18:39.916334	699	4.10000000e+02
1.37755764e+01	2022-05-17T19:18:39.947578	700	4.15000000e+02
1.37831719e+01	2022-05-17T19:18:39.947578	701	4.16000000e+02
1.37915463e+01	2022-05-17T19:18:39.963234	702	4.19000000e+02
1.37994964e+01	2022-05-17T19:18:39.963234	703	4.17000000e+02
1.38191843e+01	2022-05-17T19:18:39.978858	704	4.08000000e+02
1.38340185e+01	2022-05-17T19:18:39.994464	705	4.48000000e+02
1.38566339e+01	2022-05-17T19:18:40.025709	706	4.15000000e+02
1.38650203e+01	2022-05-17T19:18:40.025709	707	4.17000000e+02
1.38736075e+01	2022-05-17T19:18:40.041344	708	4.18000000e+02
1.38815455e+01	2022-05-17T19:18:40.041344	709	4.17000000e+02
1.39042118e+01	2022-05-17T19:18:40.072548	710	4.15000000e+02
1.39338215e+01	2022-05-17T19:18:40.103819	711	4.16000000e+02
1.39429828e+01	2022-05-17T19:18:40.103819	712	4.18000000e+02
1.39510922e+01	2022-05-17T19:18:40.119449	713	4.16000000e+02
1.39595450e+01	2022-05-17T19:18:40.119449	714	4.17000000e+02
1.39816912e+01	2022-05-17T19:18:40.150654	715	4.34000000e+02
1.39943853e+01	2022-05-17T19:18:40.166276	716	4.68000000e+02
1.40084228e+01	2022-05-17T19:18:40.166276	717	4.16000000e+02
1.40230903e+01	2022-05-17T19:18:40.181936	718	4.17000000e+02
1.40329549e+01	2022-05-17T19:18:40.197553	719	4.16000000e+02
1.40557836e+01	2022-05-17T19:18:40.228761	720	4.16000000e+02
1.40624359e+01	2022-05-17T19:18:40.228761	721	4.21000000e+02
1.40861477e+01	2022-05-17T19:18:40.244381	722	4.16000000e+02
1.40945203e+01	2022-05-17T19:18:40.260030	723	4.16000000e+02
1.41026741e+01	2022-05-17T19:18:40.275623	724	4.25000000e+02
1.41110998e+01	2022-05-17T19:18:40.275623	725	4.16000000e+02
1.41333139e+01	2022-05-17T19:18:40.291246	726	4.16000000e+02
1.41503062e+01	2022-05-17T19:18:40.323037	727	4.34000000e+02
1.41697990e+01	2022-05-17T19:18:40.338656	728	4.16000000e+02
1.41764146e+01	2022-05-17T19:18:40.338656	729	4.16000000e+02
1.41845449e+01	2022-05-17T19:18:40.354311	730	4.31000000e+02
1.41929163e+01	2022-05-17T19:18:40.354311	731	4.16000000e+02
1.42129766e+01	2022-05-17T19:18:40.385520	732	4.16000000e+02
1.42321355e+01	2022-05-17T19:18:40.401140	733	4.40000000e+02
1.42506040e+01	2022-05-17T19:18:40.416844	734	4.09000000e+02
1.42584652e+01	2022-05-17T19:18:40.416844	735	4.10000000e+02
1.42665261e+01	2022-05-17T19:18:40.432418	736	4.36000000e+02
1.42750909e+01	2022-05-17T19:18:40.448007	737	4.16000000e+02
1.42939951e+01	2022-05-17T19:18:40.463627	738	4.16000000e+02
1.43044321e+01	2022-05-17T19:18:40.463627	739	4.21000000e+02
1.43266609e+01	2022-05-17T19:18:40.495461	740	4.16000000e+02
1.43359789e+01	2022-05-17T19:18:40.495461	741	4.18000000e+02
1.43446985e+01	2022-05-17T19:18:40.511128	742	4.23000000e+02
1.43525424e+01	2022-05-17T19:18:40.511128	743	4.22000000e+02
1.43693908e+01	2022-05-17T19:18:40.542327	744	4.19000000e+02
1.43833809e+01	2022-05-17T19:18:40.542327	745	4.61000000e+02
1.44053884e+01	2022-05-17T19:18:40.573597	746	4.17000000e+02
1.44138302e+01	2022-05-17T19:18:40.573597	747	4.28000000e+02
1.44225782e+01	2022-05-17T19:18:40.589229	748	4.69000000e+02
1.44302783e+01	2022-05-17T19:18:40.589229	749	4.62000000e+02
1.44540098e+01	2022-05-17T19:18:40.620434	750	4.26000000e+02
1.44774149e+01	2022-05-17T19:18:40.636056	751	4.15000000e+02
1.44880245e+01	2022-05-17T19:18:40.651677	752	4.68000000e+02
1.44958655e+01	2022-05-17T19:18:40.667335	753	4.24000000e+02
1.45046163e+01	2022-05-17T19:18:40.667335	754	4.44000000e+02
1.45294556e+01	2022-05-17T19:18:40.698541	755	4.67000000e+02
1.45422746e+01	2022-05-17T19:18:40.714174	756	4.23000000e+02
1.45613070e+01	2022-05-17T19:18:40.729810	757	4.22000000e+02
1.45699359e+01	2022-05-17T19:18:40.729810	758	4.30000000e+02
1.45779756e+01	2022-05-17T19:18:40.745406	759	4.22000000e+02
1.45861870e+01	2022-05-17T19:18:40.745406	760	4.16000000e+02
1.46093807e+01	2022-05-17T19:18:40.776647	761	4.16000000e+02
1.46337480e+01	2022-05-17T19:18:40.792269	762	4.17000000e+02
1.46429386e+01	2022-05-17T19:18:40.807891	763	4.08000000e+02
1.46528528e+01	2022-05-17T19:18:40.823873	764	4.38000000e+02
1.46641883e+01	2022-05-17T19:18:40.823873	765	4.17000000e+02
1.47142313e+01	2022-05-17T19:18:40.886076	766	4.17000000e+02
1.47241253e+01	2022-05-17T19:18:40.886076	767	4.16000000e+02
1.47297040e+01	2022-05-17T19:18:40.901630	768	4.16000000e+02
1.47382956e+01	2022-05-17T19:18:40.901630	769	4.16000000e+02
1.47639489e+01	2022-05-17T19:18:40.932860	770	4.18000000e+02
1.47919141e+01	2022-05-17T19:18:40.964103	771	4.67000000e+02
1.47992441e+01	2022-05-17T19:18:40.964103	772	4.55000000e+02
1.48036254e+01	2022-05-17T19:18:40.964103	773	4.17000000e+02
1.48114492e+01	2022-05-17T19:18:40.979725	774	4.17000000e+02
1.48197516e+01	2022-05-17T19:18:40.979725	775	4.27000000e+02
1.48380625e+01	2022-05-17T19:18:41.010967	776	4.15000000e+02
1.48456517e+01	2022-05-17T19:18:41.010967	777	4.17000000e+02
1.48714966e+01	2022-05-17T19:18:41.042208	778	4.15000000e+02
1.48816005e+01	2022-05-17T19:18:41.042208	779	4.68000000e+02
1.49067708e+01	2022-05-17T19:18:41.073452	780	4.15000000e+02
1.49149495e+01	2022-05-17T19:18:41.073452	781	4.24000000e+02
1.49423056e+01	2022-05-17T19:18:41.104694	782	4.15000000e+02
1.49464089e+01	2022-05-17T19:18:41.104694	783	4.16000000e+02
1.49548357e+01	2022-05-17T19:18:41.120316	784	4.17000000e+02
1.49696376e+01	2022-05-17T19:18:41.135937	785	4.16000000e+02
1.49837878e+01	2022-05-17T19:18:41.151558	786	4.16000000e+02
1.50169094e+01	2022-05-17T19:18:41.182801	787	4.15000000e+02
1.50201601e+01	2022-05-17T19:18:41.182801	788	4.17000000e+02
1.50284192e+01	2022-05-17T19:18:41.198423	789	4.55000000e+02
1.50369455e+01	2022-05-17T19:18:41.198423	790	4.17000000e+02
1.50606798e+01	2022-05-17T19:18:41.229665	791	4.15000000e+02
1.50947381e+01	2022-05-17T19:18:41.260912	792	4.15000000e+02
1.50979140e+01	2022-05-17T19:18:41.260912	793	4.22000000e+02
1.51063049e+01	2022-05-17T19:18:41.276536	794	4.17000000e+02
1.51144994e+01	2022-05-17T19:18:41.276536	795	4.25000000e+02
1.51382410e+01	2022-05-17T19:18:41.308310	796	4.42000000e+02
1.51438867e+01	2022-05-17T19:18:41.308310	797	4.16000000e+02
1.51705093e+01	2022-05-17T19:18:41.339555	798	4.16000000e+02
1.51797860e+01	2022-05-17T19:18:41.339555	799	4.16000000e+02
1.51892366e+01	2022-05-17T19:18:41.355178	800	4.17000000e+02
1.52187722e+01	2022-05-17T19:18:41.386419	801	4.15000000e+02
1.52453349e+01	2022-05-17T19:18:41.417662	802	4.16000000e+02
1.52545412e+01	2022-05-17T19:18:41.417662	803	4.16000000e+02
1.52659796e+01	2022-05-17T19:18:41.433285	804	4.19000000e+02
1.52744616e+01	2022-05-17T19:18:41.433285	805	4.29000000e+02
1.52994391e+01	2022-05-17T19:18:41.464525	806	4.16000000e+02
1.53325278e+01	2022-05-17T19:18:41.496301	807	4.17000000e+02
1.53437873e+01	2022-05-17T19:18:41.511925	808	4.32000000e+02
1.53519018e+01	2022-05-17T19:18:41.511925	809	4.22000000e+02
1.53723534e+01	2022-05-17T19:18:41.543168	810	4.19000000e+02
1.54008547e+01	2022-05-17T19:18:41.558825	811	4.16000000e+02
1.54055811e+01	2022-05-17T19:18:41.574420	812	4.17000000e+02
1.54145051e+01	2022-05-17T19:18:41.574420	813	4.15000000e+02
1.54255936e+01	2022-05-17T19:18:41.590271	814	4.31000000e+02
1.54563208e+01	2022-05-17T19:18:41.621274	815	4.15000000e+02
1.54828253e+01	2022-05-17T19:18:41.652555	816	4.15000000e+02
1.54919334e+01	2022-05-17T19:18:41.652555	817	4.17000000e+02
1.54994229e+01	2022-05-17T19:18:41.668174	818	4.17000000e+02
1.55079921e+01	2022-05-17T19:18:41.668174	819	4.17000000e+02
1.55331030e+01	2022-05-17T19:18:41.699381	820	4.16000000e+02
1.55424584e+01	2022-05-17T19:18:41.715002	821	4.08000000e+02
1.55664491e+01	2022-05-17T19:18:41.730676	822	4.18000000e+02
1.55773330e+01	2022-05-17T19:18:41.746245	823	4.22000000e+02
1.55858676e+01	2022-05-17T19:18:41.746245	824	4.27000000e+02
1.56066539e+01	2022-05-17T19:18:41.777487	825	4.19000000e+02
1.56161740e+01	2022-05-17T19:18:41.777487	826	4.20000000e+02
1.56387640e+01	2022-05-17T19:18:41.808766	827	4.17000000e+02
1.56473973e+01	2022-05-17T19:18:41.808766	828	4.16000000e+02
1.56558432e+01	2022-05-17T19:18:41.824927	829	4.59000000e+02
1.56673139e+01	2022-05-17T19:18:41.839975	830	4.17000000e+02
1.56756250e+01	2022-05-17T19:18:41.839975	831	4.21000000e+02
1.56856001e+01	2022-05-17T19:18:41.855595	832	4.17000000e+02
1.57021876e+01	2022-05-17T19:18:41.871215	833	4.16000000e+02
1.57354488e+01	2022-05-17T19:18:41.902497	834	4.17000000e+02
1.57451831e+01	2022-05-17T19:18:41.918078	835	4.16000000e+02
1.57537111e+01	2022-05-17T19:18:41.918078	836	4.21000000e+02
1.57900035e+01	2022-05-17T19:18:41.949323	837	4.17000000e+02
1.58129818e+01	2022-05-17T19:18:41.980565	838	4.17000000e+02
1.58230243e+01	2022-05-17T19:18:41.996186	839	4.21000000e+02
1.58311677e+01	2022-05-17T19:18:41.996186	840	4.17000000e+02
1.58401545e+01	2022-05-17T19:18:42.011808	841	4.24000000e+02
1.58650007e+01	2022-05-17T19:18:42.027430	842	4.22000000e+02
1.58924059e+01	2022-05-17T19:18:42.058671	843	4.28000000e+02
1.58965904e+01	2022-05-17T19:18:42.058671	844	4.16000000e+02
1.59048035e+01	2022-05-17T19:18:42.074292	845	4.22000000e+02
1.59134364e+01	2022-05-17T19:18:42.074292	846	4.36000000e+02
1.59643093e+01	2022-05-17T19:18:42.136805	847	4.18000000e+02
1.59705167e+01	2022-05-17T19:18:42.136805	848	4.22000000e+02
1.59786476e+01	2022-05-17T19:18:42.136805	849	4.19000000e+02
1.59879910e+01	2022-05-17T19:18:42.152437	850	4.20000000e+02
1.59948054e+01	2022-05-17T19:18:42.152437	851	4.22000000e+02
1.60144719e+01	2022-05-17T19:18:42.183642	852	4.17000000e+02
1.60419772e+01	2022-05-17T19:18:42.214886	853	4.19000000e+02
1.60529148e+01	2022-05-17T19:18:42.214886	854	4.20000000e+02
1.60605365e+01	2022-05-17T19:18:42.230505	855	4.16000000e+02
1.60688764e+01	2022-05-17T19:18:42.230505	856	4.26000000e+02
1.60905204e+01	2022-05-17T19:18:42.261747	857	4.61000000e+02
1.61175640e+01	2022-05-17T19:18:42.277408	858	4.19000000e+02
1.61266695e+01	2022-05-17T19:18:42.292990	859	4.59000000e+02
1.61350945e+01	2022-05-17T19:18:42.292990	860	4.62000000e+02
1.61468111e+01	2022-05-17T19:18:42.309152	861	4.28000000e+02
1.61668859e+01	2022-05-17T19:18:42.339855	862	4.16000000e+02
1.61959965e+01	2022-05-17T19:18:42.355507	863	4.19000000e+02
1.62050192e+01	2022-05-17T19:18:42.371097	864	4.20000000e+02
1.62161488e+01	2022-05-17T19:18:42.386720	865	4.27000000e+02
1.62244713e+01	2022-05-17T19:18:42.386720	866	4.21000000e+02
1.62488177e+01	2022-05-17T19:18:42.417960	867	4.17000000e+02
1.62768001e+01	2022-05-17T19:18:42.449202	868	4.15000000e+02
1.62861070e+01	2022-05-17T19:18:42.449202	869	4.16000000e+02
1.62941024e+01	2022-05-17T19:18:42.464824	870	4.26000000e+02
1.63021768e+01	2022-05-17T19:18:42.464824	871	4.17000000e+02
1.63225850e+01	2022-05-17T19:18:42.480445	872	4.28000000e+02
1.63487506e+01	2022-05-17T19:18:42.512230	873	4.15000000e+02
1.63594107e+01	2022-05-17T19:18:42.527852	874	4.33000000e+02
1.63676616e+01	2022-05-17T19:18:42.527852	875	4.17000000e+02
1.63762416e+01	2022-05-17T19:18:42.543474	876	4.20000000e+02
1.63839856e+01	2022-05-17T19:18:42.543474	877	4.20000000e+02
1.64116819e+01	2022-05-17T19:18:42.574717	878	4.68000000e+02
1.64366770e+01	2022-05-17T19:18:42.605986	879	4.22000000e+02
1.64454832e+01	2022-05-17T19:18:42.605986	880	4.23000000e+02
1.64539179e+01	2022-05-17T19:18:42.621872	881	4.59000000e+02
1.64625843e+01	2022-05-17T19:18:42.621872	882	4.16000000e+02
1.64806023e+01	2022-05-17T19:18:42.652821	883	4.20000000e+02
1.65114649e+01	2022-05-17T19:18:42.684109	884	4.16000000e+02
1.65152664e+01	2022-05-17T19:18:42.684109	885	4.16000000e+02
1.65240314e+01	2022-05-17T19:18:42.684109	886	4.16000000e+02
1.65357607e+01	2022-05-17T19:18:42.699687	887	4.16000000e+02
1.65700279e+01	2022-05-17T19:18:42.730932	888	4.68000000e+02
1.65979272e+01	2022-05-17T19:18:42.762171	889	4.19000000e+02
1.66091938e+01	2022-05-17T19:18:42.777793	890	4.36000000e+02
1.66174394e+01	2022-05-17T19:18:42.777793	891	4.20000000e+02
1.66375084e+01	2022-05-17T19:18:42.809033	892	4.48000000e+02
1.66464689e+01	2022-05-17T19:18:42.809033	893	4.22000000e+02
1.66726226e+01	2022-05-17T19:18:42.840305	894	4.31000000e+02
1.66829959e+01	2022-05-17T19:18:42.855897	895	4.16000000e+02
1.66914345e+01	2022-05-17T19:18:42.855897	896	4.18000000e+02
1.67142526e+01	2022-05-17T19:18:42.887142	897	4.16000000e+02
1.67468145e+01	2022-05-17T19:18:42.918427	898	4.20000000e+02
1.67530966e+01	2022-05-17T19:18:42.918427	899	4.23000000e+02
1.67609874e+01	2022-05-17T19:18:42.934005	900	4.22000000e+02
1.67690270e+01	2022-05-17T19:18:42.934005	901	4.18000000e+02
1.67847170e+01	2022-05-17T19:18:42.949626	902	4.19000000e+02
1.68039338e+01	2022-05-17T19:18:42.965247	903	4.26000000e+02
1.68106845e+01	2022-05-17T19:18:42.980869	904	4.18000000e+02
1.68339367e+01	2022-05-17T19:18:42.996489	905	4.16000000e+02
1.68426449e+01	2022-05-17T19:18:43.012111	906	4.19000000e+02
1.68515744e+01	2022-05-17T19:18:43.012111	907	4.18000000e+02
1.68714950e+01	2022-05-17T19:18:43.043355	908	4.20000000e+02
1.69026329e+01	2022-05-17T19:18:43.074595	909	4.20000000e+02
1.69088247e+01	2022-05-17T19:18:43.074595	910	4.71000000e+02
1.69165827e+01	2022-05-17T19:18:43.074595	911	4.63000000e+02
1.69249663e+01	2022-05-17T19:18:43.090566	912	4.20000000e+02
1.69329351e+01	2022-05-17T19:18:43.105849	913	4.20000000e+02
1.69520214e+01	2022-05-17T19:18:43.121460	914	4.22000000e+02
1.69621392e+01	2022-05-17T19:18:43.121460	915	4.20000000e+02
1.69815832e+01	2022-05-17T19:18:43.152703	916	4.20000000e+02
1.69905361e+01	2022-05-17T19:18:43.152703	917	4.12000000e+02
1.69990020e+01	2022-05-17T19:18:43.168905	918	4.22000000e+02
1.70069004e+01	2022-05-17T19:18:43.168905	919	4.20000000e+02
1.70146234e+01	2022-05-17T19:18:43.183955	920	4.16000000e+02
1.70233567e+01	2022-05-17T19:18:43.183955	921	4.19000000e+02
1.70458203e+01	2022-05-17T19:18:43.215188	922	4.28000000e+02
1.70702706e+01	2022-05-17T19:18:43.230847	923	4.16000000e+02
1.70827458e+01	2022-05-17T19:18:43.246457	924	4.55000000e+02
1.70928689e+01	2022-05-17T19:18:43.262053	925	4.15000000e+02
1.71009887e+01	2022-05-17T19:18:43.262053	926	4.29000000e+02
1.71194721e+01	2022-05-17T19:18:43.278107	927	4.26000000e+02
1.71483410e+01	2022-05-17T19:18:43.309450	928	4.20000000e+02
1.71580790e+01	2022-05-17T19:18:43.325075	929	4.21000000e+02
1.71664152e+01	2022-05-17T19:18:43.325075	930	4.34000000e+02
1.71750794e+01	2022-05-17T19:18:43.340982	931	4.69000000e+02
1.71828371e+01	2022-05-17T19:18:43.340982	932	4.64000000e+02
1.72000772e+01	2022-05-17T19:18:43.371938	933	4.24000000e+02
1.72373095e+01	2022-05-17T19:18:43.403181	934	4.16000000e+02
1.72490041e+01	2022-05-17T19:18:43.419326	935	4.20000000e+02
1.72610024e+01	2022-05-17T19:18:43.419326	936	4.69000000e+02
1.72704596e+01	2022-05-17T19:18:43.434423	937	4.23000000e+02
1.72906160e+01	2022-05-17T19:18:43.450046	938	4.19000000e+02
1.73192088e+01	2022-05-17T19:18:43.481314	939	4.20000000e+02
1.73295764e+01	2022-05-17T19:18:43.497508	940	4.15000000e+02
1.73384816e+01	2022-05-17T19:18:43.497508	941	4.18000000e+02
1.73465588e+01	2022-05-17T19:18:43.513131	942	4.16000000e+02
1.73552988e+01	2022-05-17T19:18:43.513131	943	4.16000000e+02
1.73797522e+01	2022-05-17T19:18:43.544375	944	4.17000000e+02
1.74044248e+01	2022-05-17T19:18:43.575619	945	4.15000000e+02
1.74084505e+01	2022-05-17T19:18:43.575619	946	4.20000000e+02
1.74168035e+01	2022-05-17T19:18:43.575619	947	4.20000000e+02
1.74247356e+01	2022-05-17T19:18:43.591464	948	4.18000000e+02
1.74326777e+01	2022-05-17T19:18:43.591464	949	4.63000000e+02
1.74591620e+01	2022-05-17T19:18:43.622481	950	4.16000000e+02
1.74862162e+01	2022-05-17T19:18:43.653762	951	4.19000000e+02
1.74940916e+01	2022-05-17T19:18:43.653762	952	4.12000000e+02
1.75024085e+01	2022-05-17T19:18:43.669347	953	4.23000000e+02
1.75106415e+01	2022-05-17T19:18:43.669347	954	4.20000000e+02
1.75265472e+01	2022-05-17T19:18:43.684968	955	4.15000000e+02
1.75407980e+01	2022-05-17T19:18:43.700614	956	4.20000000e+02
1.75688729e+01	2022-05-17T19:18:43.731871	957	4.23000000e+02
1.75803450e+01	2022-05-17T19:18:43.747914	958	4.24000000e+02
1.75883517e+01	2022-05-17T19:18:43.747914	959	4.20000000e+02
1.76079046e+01	2022-05-17T19:18:43.778696	960	4.19000000e+02
1.76226747e+01	2022-05-17T19:18:43.794386	961	4.37000000e+02
1.76415804e+01	2022-05-17T19:18:43.809937	962	4.19000000e+02
1.76499175e+01	2022-05-17T19:18:43.809937	963	4.21000000e+02
1.76580645e+01	2022-05-17T19:18:43.825568	964	4.72000000e+02
1.76659399e+01	2022-05-17T19:18:43.825568	965	4.32000000e+02
1.76839090e+01	2022-05-17T19:18:43.856801	966	4.19000000e+02
1.77128724e+01	2022-05-17T19:18:43.872422	967	4.33000000e+02
1.77234625e+01	2022-05-17T19:18:43.888043	968	4.10000000e+02
1.77316329e+01	2022-05-17T19:18:43.903664	969	4.19000000e+02
1.77401969e+01	2022-05-17T19:18:43.903664	970	4.28000000e+02
1.77624923e+01	2022-05-17T19:18:43.934907	971	4.19000000e+02
1.77711706e+01	2022-05-17T19:18:43.934907	972	4.20000000e+02
1.77966993e+01	2022-05-17T19:18:43.966188	973	4.16000000e+02
1.78054283e+01	2022-05-17T19:18:43.966188	974	4.55000000e+02
1.78140643e+01	2022-05-17T19:18:43.981771	975	4.16000000e+02
1.78222744e+01	2022-05-17T19:18:43.981771	976	4.22000000e+02
1.78426338e+01	2022-05-17T19:18:44.013013	977	4.68000000e+02
1.78763266e+01	2022-05-17T19:18:44.044257	978	4.16000000e+02
1.78877704e+01	2022-05-17T19:18:44.059877	979	4.19000000e+02
1.78953562e+01	2022-05-17T19:18:44.059877	980	4.23000000e+02
1.79224856e+01	2022-05-17T19:18:44.091120	981	4.18000000e+02
1.79475486e+01	2022-05-17T19:18:44.106773	982	4.27000000e+02
1.79566452e+01	2022-05-17T19:18:44.122362	983	4.15000000e+02
1.79612940e+01	2022-05-17T19:18:44.122362	984	4.21000000e+02
1.79696693e+01	2022-05-17T19:18:44.138554	985	4.30000000e+02
1.79779594e+01	2022-05-17T19:18:44.138554	986	4.20000000e+02
1.80050517e+01	2022-05-17T19:18:44.169227	987	4.63000000e+02
1.80307355e+01	2022-05-17T19:18:44.200476	988	4.20000000e+02
1.80391010e+01	2022-05-17T19:18:44.200476	989	4.22000000e+02
1.80474452e+01	2022-05-17T19:18:44.216662	990	4.50000000e+02
1.80555614e+01	2022-05-17T19:18:44.216662	991	4.25000000e+02
1.80735347e+01	2022-05-17T19:18:44.232239	992	4.20000000e+02
1.80992661e+01	2022-05-17T19:18:44.262992	993	4.29000000e+02
1.81086871e+01	2022-05-17T19:18:44.279097	994	4.17000000e+02
1.81171490e+01	2022-05-17T19:18:44.279097	995	4.18000000e+02
1.81275002e+01	2022-05-17T19:18:44.294235	996	4.61000000e+02
1.81374508e+01	2022-05-17T19:18:44.310401	997	4.20000000e+02
1.81453060e+01	2022-05-17T19:18:44.310401	998	4.20000000e+02
1.81618086e+01	2022-05-17T19:18:44.326036	999	4.20000000e+02
1.81729843e+01	2022-05-17T19:18:44.341647	1000	4.30000000e+02