Time elapsed	Time stamp	Loop Index	GP2Y ADC
s			Cts

5.00216220e+00	2022-05-17T19:19:00.020137	1	4.24000000e+02
5.01102010e+00	2022-05-17T19:19:00.020137	2	4.27000000e+02
5.02307400e+00	2022-05-17T19:19:00.035704	3	4.34000000e+02
5.03161790e+00	2022-05-17T19:19:00.050875	4	4.24000000e+02
5.04305580e+00	2022-05-17T19:19:00.050875	5	4.28000000e+02
5.07186530e+00	2022-05-17T19:19:00.082117	6	4.27000000e+02
5.08540440e+00	2022-05-17T19:19:00.097739	7	4.36000000e+02
5.09691590e+00	2022-05-17T19:19:00.113852	8	4.70000000e+02
5.10902280e+00	2022-05-17T19:19:00.113852	9	4.24000000e+02
5.12345700e+00	2022-05-17T19:19:00.129382	10	4.57000000e+02
5.13315410e+00	2022-05-17T19:19:00.144601	11	4.70000000e+02
5.14934720e+00	2022-05-17T19:19:00.160270	12	4.24000000e+02
5.15909990e+00	2022-05-17T19:19:00.176493	13	4.24000000e+02
5.17045070e+00	2022-05-17T19:19:00.176493	14	4.28000000e+02
5.19451260e+00	2022-05-17T19:19:00.207088	15	4.19000000e+02
5.20745160e+00	2022-05-17T19:19:00.222750	16	4.33000000e+02
5.21964730e+00	2022-05-17T19:19:00.238329	17	4.28000000e+02
5.22796200e+00	2022-05-17T19:19:00.238329	18	4.27000000e+02
5.25205110e+00	2022-05-17T19:19:00.269573	19	4.72000000e+02
5.27003110e+00	2022-05-17T19:19:00.285196	20	4.74000000e+02
5.27679040e+00	2022-05-17T19:19:00.285196	21	4.29000000e+02
5.28547790e+00	2022-05-17T19:19:00.302029	22	4.34000000e+02
5.29753250e+00	2022-05-17T19:19:00.302029	23	4.25000000e+02
5.31544240e+00	2022-05-17T19:19:00.333276	24	4.30000000e+02
5.33020390e+00	2022-05-17T19:19:00.348941	25	4.33000000e+02
5.33842890e+00	2022-05-17T19:19:00.348941	26	4.27000000e+02
5.34682950e+00	2022-05-17T19:19:00.364935	27	4.47000000e+02
5.35894700e+00	2022-05-17T19:19:00.364935	28	4.30000000e+02
5.37808930e+00	2022-05-17T19:19:00.395761	29	4.27000000e+02
5.39642020e+00	2022-05-17T19:19:00.411423	30	4.60000000e+02
5.40855650e+00	2022-05-17T19:19:00.427005	31	4.31000000e+02
5.42025820e+00	2022-05-17T19:19:00.427005	32	4.29000000e+02
5.44013830e+00	2022-05-17T19:19:00.458247	33	4.32000000e+02
5.45885480e+00	2022-05-17T19:19:00.473910	34	4.28000000e+02
5.46912290e+00	2022-05-17T19:19:00.473910	35	4.29000000e+02
5.47786530e+00	2022-05-17T19:19:00.491445	36	4.33000000e+02
5.50454220e+00	2022-05-17T19:19:00.522692	37	4.35000000e+02
5.52350060e+00	2022-05-17T19:19:00.538354	38	4.38000000e+02
5.53473430e+00	2022-05-17T19:19:00.553954	39	4.28000000e+02
5.54347690e+00	2022-05-17T19:19:00.553954	40	4.25000000e+02
5.56974170e+00	2022-05-17T19:19:00.585177	41	4.24000000e+02
5.58201410e+00	2022-05-17T19:19:00.600802	42	4.39000000e+02
5.59201150e+00	2022-05-17T19:19:00.600802	43	4.30000000e+02
5.60047270e+00	2022-05-17T19:19:00.617048	44	4.28000000e+02
5.60897690e+00	2022-05-17T19:19:00.617048	45	4.28000000e+02
5.62841350e+00	2022-05-17T19:19:00.647663	46	4.27000000e+02
5.64724850e+00	2022-05-17T19:19:00.663288	47	4.47000000e+02
5.65794760e+00	2022-05-17T19:19:00.663288	48	4.56000000e+02
5.66664200e+00	2022-05-17T19:19:00.679370	49	4.27000000e+02
5.69031460e+00	2022-05-17T19:19:00.695005	50	4.38000000e+02
5.69877410e+00	2022-05-17T19:19:00.710148	51	4.32000000e+02
5.71077550e+00	2022-05-17T19:19:00.725770	52	4.55000000e+02
5.71882920e+00	2022-05-17T19:19:00.725770	53	4.32000000e+02
5.72802850e+00	2022-05-17T19:19:00.741926	54	4.29000000e+02
5.75288360e+00	2022-05-17T19:19:00.757571	55	4.32000000e+02
5.77225550e+00	2022-05-17T19:19:00.788296	56	4.27000000e+02
5.78113070e+00	2022-05-17T19:19:00.788296	57	4.39000000e+02
5.79300160e+00	2022-05-17T19:19:00.804333	58	4.31000000e+02
5.80877660e+00	2022-05-17T19:19:00.819539	59	4.79000000e+02
5.81725610e+00	2022-05-17T19:19:00.835118	60	4.25000000e+02
5.83646720e+00	2022-05-17T19:19:00.850738	61	4.23000000e+02
5.84641880e+00	2022-05-17T19:19:00.850738	62	4.24000000e+02
5.85861470e+00	2022-05-17T19:19:00.866746	63	4.24000000e+02
5.88035230e+00	2022-05-17T19:19:00.897603	64	4.25000000e+02
5.90021020e+00	2022-05-17T19:19:00.913226	65	4.30000000e+02
5.90325600e+00	2022-05-17T19:19:00.913226	66	4.27000000e+02
5.91147050e+00	2022-05-17T19:19:00.929413	67	4.24000000e+02
5.91998780e+00	2022-05-17T19:19:00.929413	68	4.26000000e+02
5.94333450e+00	2022-05-17T19:19:00.960089	69	4.30000000e+02
5.96200460e+00	2022-05-17T19:19:00.975750	70	4.31000000e+02
5.96868610e+00	2022-05-17T19:19:00.975750	71	4.27000000e+02
5.97733170e+00	2022-05-17T19:19:00.991874	72	4.34000000e+02
5.98547840e+00	2022-05-17T19:19:00.991874	73	4.28000000e+02
6.01753210e+00	2022-05-17T19:19:01.022574	74	4.27000000e+02
6.02216050e+00	2022-05-17T19:19:01.038624	75	4.32000000e+02
6.03474480e+00	2022-05-17T19:19:01.053817	76	4.75000000e+02
6.04341990e+00	2022-05-17T19:19:01.053817	77	4.28000000e+02
6.05507700e+00	2022-05-17T19:19:01.069716	78	4.53000000e+02
6.06349280e+00	2022-05-17T19:19:01.069716	79	4.29000000e+02
6.09243600e+00	2022-05-17T19:19:01.100683	80	4.27000000e+02
6.10588700e+00	2022-05-17T19:19:01.116304	81	4.67000000e+02
6.11638240e+00	2022-05-17T19:19:01.132354	82	4.28000000e+02
6.12499700e+00	2022-05-17T19:19:01.132354	83	4.27000000e+02
6.14704440e+00	2022-05-17T19:19:01.163166	84	4.35000000e+02
6.16790300e+00	2022-05-17T19:19:01.178787	85	4.28000000e+02
6.17797990e+00	2022-05-17T19:19:01.194908	86	4.58000000e+02
6.18626710e+00	2022-05-17T19:19:01.194908	87	4.31000000e+02
6.20803490e+00	2022-05-17T19:19:01.225650	88	4.27000000e+02
6.22284870e+00	2022-05-17T19:19:01.241309	89	4.28000000e+02
6.23068350e+00	2022-05-17T19:19:01.241309	90	4.20000000e+02
6.23942270e+00	2022-05-17T19:19:01.257540	91	4.27000000e+02
6.24793560e+00	2022-05-17T19:19:01.257540	92	4.28000000e+02
6.26931240e+00	2022-05-17T19:19:01.288134	93	4.45000000e+02
6.28897970e+00	2022-05-17T19:19:01.304424	94	4.28000000e+02
6.30079920e+00	2022-05-17T19:19:01.320049	95	4.28000000e+02
6.30961840e+00	2022-05-17T19:19:01.320049	96	4.27000000e+02
6.33085800e+00	2022-05-17T19:19:01.335965	97	4.28000000e+02
6.34816220e+00	2022-05-17T19:19:01.366950	98	4.33000000e+02
6.35815870e+00	2022-05-17T19:19:01.366950	99	4.23000000e+02
6.36718660e+00	2022-05-17T19:19:01.383110	100	4.25000000e+02
6.37870170e+00	2022-05-17T19:19:01.398156	101	4.24000000e+02
6.38697940e+00	2022-05-17T19:19:01.398156	102	4.35000000e+02
6.40947120e+00	2022-05-17T19:19:01.413793	103	4.27000000e+02
6.42652190e+00	2022-05-17T19:19:01.445061	104	4.29000000e+02
6.43613850e+00	2022-05-17T19:19:01.445061	105	4.28000000e+02
6.44426700e+00	2022-05-17T19:19:01.461264	106	4.29000000e+02
6.45211990e+00	2022-05-17T19:19:01.461264	107	4.27000000e+02
6.47415340e+00	2022-05-17T19:19:01.491883	108	4.23000000e+02
6.49472120e+00	2022-05-17T19:19:01.508432	109	4.27000000e+02
6.50596090e+00	2022-05-17T19:19:01.524060	110	4.75000000e+02
6.51784310e+00	2022-05-17T19:19:01.524060	111	4.38000000e+02
6.53590760e+00	2022-05-17T19:19:01.555300	112	4.27000000e+02
6.55195150e+00	2022-05-17T19:19:01.570924	113	4.27000000e+02
6.56264900e+00	2022-05-17T19:19:01.570924	114	4.41000000e+02
6.57139350e+00	2022-05-17T19:19:01.586883	115	4.77000000e+02
6.59777990e+00	2022-05-17T19:19:01.602164	116	4.28000000e+02
6.60034740e+00	2022-05-17T19:19:01.617785	117	4.31000000e+02
6.62029480e+00	2022-05-17T19:19:01.633405	118	4.34000000e+02
6.62881700e+00	2022-05-17T19:19:01.633405	119	4.28000000e+02
6.64083260e+00	2022-05-17T19:19:01.649419	120	4.33000000e+02
6.66276100e+00	2022-05-17T19:19:01.680270	121	4.27000000e+02
6.68376430e+00	2022-05-17T19:19:01.695893	122	4.42000000e+02
6.69040290e+00	2022-05-17T19:19:01.695893	123	4.81000000e+02
6.70197370e+00	2022-05-17T19:19:01.711964	124	4.71000000e+02
6.72596140e+00	2022-05-17T19:19:01.742755	125	4.78000000e+02
6.73463240e+00	2022-05-17T19:19:01.742755	126	4.32000000e+02
6.74844190e+00	2022-05-17T19:19:01.758414	127	4.27000000e+02
6.75963770e+00	2022-05-17T19:19:01.773998	128	4.71000000e+02
6.76770920e+00	2022-05-17T19:19:01.773998	129	4.34000000e+02
6.78691500e+00	2022-05-17T19:19:01.805241	130	4.27000000e+02
6.80882050e+00	2022-05-17T19:19:01.820863	131	4.30000000e+02
6.81666110e+00	2022-05-17T19:19:01.820863	132	4.31000000e+02
6.82538850e+00	2022-05-17T19:19:01.836726	133	4.28000000e+02
6.84800290e+00	2022-05-17T19:19:01.852401	134	4.28000000e+02
6.86948600e+00	2022-05-17T19:19:01.883385	135	4.27000000e+02
6.87856220e+00	2022-05-17T19:19:01.883385	136	4.22000000e+02
6.89078380e+00	2022-05-17T19:19:01.899389	137	4.30000000e+02
6.91292440e+00	2022-05-17T19:19:01.930211	138	4.20000000e+02
6.93386160e+00	2022-05-17T19:19:01.945871	139	4.28000000e+02
6.93993570e+00	2022-05-17T19:19:01.945871	140	4.27000000e+02
6.94841790e+00	2022-05-17T19:19:01.961956	141	4.30000000e+02
6.97758210e+00	2022-05-17T19:19:01.992697	142	4.26000000e+02
6.99782110e+00	2022-05-17T19:19:02.008318	143	4.29000000e+02
7.00069750e+00	2022-05-17T19:19:02.008318	144	4.73000000e+02
7.00992440e+00	2022-05-17T19:19:02.024516	145	4.29000000e+02
7.03592090e+00	2022-05-17T19:19:02.055207	146	4.28000000e+02
7.04021880e+00	2022-05-17T19:19:02.055207	147	4.28000000e+02
7.05522300e+00	2022-05-17T19:19:02.070841	148	4.27000000e+02
7.06676720e+00	2022-05-17T19:19:02.070841	149	4.29000000e+02
7.07455380e+00	2022-05-17T19:19:02.086424	150	4.28000000e+02
7.08345360e+00	2022-05-17T19:19:02.102045	151	4.27000000e+02
7.09538880e+00	2022-05-17T19:19:02.102045	152	4.27000000e+02
7.11551620e+00	2022-05-17T19:19:02.133288	153	4.27000000e+02
7.13114960e+00	2022-05-17T19:19:02.148945	154	4.27000000e+02
7.14057080e+00	2022-05-17T19:19:02.148945	155	4.27000000e+02
7.14889460e+00	2022-05-17T19:19:02.165130	156	4.26000000e+02
7.16101130e+00	2022-05-17T19:19:02.180151	157	4.30000000e+02
7.16915670e+00	2022-05-17T19:19:02.180151	158	4.28000000e+02
7.18389990e+00	2022-05-17T19:19:02.195814	159	4.28000000e+02
7.19612690e+00	2022-05-17T19:19:02.211394	160	4.26000000e+02
7.21711580e+00	2022-05-17T19:19:02.227016	161	4.26000000e+02
7.22192320e+00	2022-05-17T19:19:02.227016	162	4.28000000e+02
7.23096400e+00	2022-05-17T19:19:02.243001	163	4.64000000e+02
7.25793310e+00	2022-05-17T19:19:02.273882	164	4.27000000e+02
7.27066780e+00	2022-05-17T19:19:02.289512	165	4.32000000e+02
7.28151570e+00	2022-05-17T19:19:02.289512	166	4.27000000e+02
7.29259880e+00	2022-05-17T19:19:02.305848	167	4.28000000e+02
7.32069550e+00	2022-05-17T19:19:02.337095	168	4.38000000e+02
7.32256870e+00	2022-05-17T19:19:02.337095	169	4.30000000e+02
7.33296480e+00	2022-05-17T19:19:02.337095	170	4.29000000e+02
7.34187990e+00	2022-05-17T19:19:02.352715	171	4.28000000e+02
7.35348810e+00	2022-05-17T19:19:02.368373	172	4.28000000e+02
7.36198190e+00	2022-05-17T19:19:02.368373	173	4.31000000e+02
7.38910860e+00	2022-05-17T19:19:02.399580	174	4.27000000e+02
7.40377950e+00	2022-05-17T19:19:02.415203	175	4.41000000e+02
7.41488340e+00	2022-05-17T19:19:02.431285	176	4.30000000e+02
7.42330980e+00	2022-05-17T19:19:02.431285	177	4.41000000e+02
7.44567330e+00	2022-05-17T19:19:02.462066	178	4.28000000e+02
7.46748490e+00	2022-05-17T19:19:02.477688	179	4.28000000e+02
7.47644480e+00	2022-05-17T19:19:02.495712	180	4.29000000e+02
7.48438630e+00	2022-05-17T19:19:02.495712	181	4.28000000e+02
7.50769600e+00	2022-05-17T19:19:02.526984	182	4.35000000e+02
7.51165210e+00	2022-05-17T19:19:02.526984	183	4.23000000e+02
7.53283820e+00	2022-05-17T19:19:02.542581	184	4.27000000e+02
7.53716990e+00	2022-05-17T19:19:02.542581	185	4.28000000e+02
7.54623780e+00	2022-05-17T19:19:02.558625	186	4.41000000e+02
7.57363860e+00	2022-05-17T19:19:02.589444	187	4.54000000e+02
7.58244410e+00	2022-05-17T19:19:02.589444	188	4.29000000e+02
7.59723700e+00	2022-05-17T19:19:02.605070	189	4.28000000e+02
7.60757400e+00	2022-05-17T19:19:02.621184	190	4.28000000e+02
7.61639210e+00	2022-05-17T19:19:02.621184	191	4.26000000e+02
7.63416870e+00	2022-05-17T19:19:02.651930	192	4.27000000e+02
7.65495980e+00	2022-05-17T19:19:02.667586	193	4.29000000e+02
7.66080840e+00	2022-05-17T19:19:02.667586	194	4.29000000e+02
7.66891310e+00	2022-05-17T19:19:02.683702	195	4.24000000e+02
7.67768720e+00	2022-05-17T19:19:02.683702	196	4.24000000e+02
7.70607610e+00	2022-05-17T19:19:02.714413	197	4.60000000e+02
7.72014840e+00	2022-05-17T19:19:02.730037	198	4.28000000e+02
7.73059350e+00	2022-05-17T19:19:02.746075	199	4.44000000e+02
7.75761320e+00	2022-05-17T19:19:02.776898	200	4.29000000e+02
7.76866160e+00	2022-05-17T19:19:02.776898	201	4.27000000e+02
7.78437840e+00	2022-05-17T19:19:02.792522	202	4.34000000e+02
7.79590190e+00	2022-05-17T19:19:02.808694	203	4.75000000e+02
7.80421050e+00	2022-05-17T19:19:02.808694	204	4.27000000e+02
7.81611090e+00	2022-05-17T19:19:02.823790	205	4.28000000e+02
7.83837390e+00	2022-05-17T19:19:02.855005	206	4.27000000e+02
7.85424970e+00	2022-05-17T19:19:02.870665	207	4.26000000e+02
7.86534910e+00	2022-05-17T19:19:02.870665	208	4.36000000e+02
7.87393120e+00	2022-05-17T19:19:02.886722	209	4.76000000e+02
7.89818810e+00	2022-05-17T19:19:02.917491	210	4.37000000e+02
7.91976610e+00	2022-05-17T19:19:02.933115	211	4.27000000e+02
7.93154640e+00	2022-05-17T19:19:02.949226	212	4.71000000e+02
7.94334730e+00	2022-05-17T19:19:02.949226	213	4.42000000e+02
7.96774970e+00	2022-05-17T19:19:02.979977	214	4.27000000e+02
7.98360950e+00	2022-05-17T19:19:02.995598	215	4.30000000e+02
7.99315090e+00	2022-05-17T19:19:03.011255	216	4.28000000e+02
8.00475740e+00	2022-05-17T19:19:03.011255	217	4.79000000e+02
8.03076180e+00	2022-05-17T19:19:03.042460	218	4.28000000e+02
8.04666290e+00	2022-05-17T19:19:03.058083	219	4.56000000e+02
8.05794580e+00	2022-05-17T19:19:03.074169	220	4.29000000e+02
8.06609350e+00	2022-05-17T19:19:03.074169	221	4.24000000e+02
8.09187860e+00	2022-05-17T19:19:03.104946	222	4.26000000e+02
8.10189810e+00	2022-05-17T19:19:03.120568	223	4.26000000e+02
8.11630160e+00	2022-05-17T19:19:03.120568	224	4.28000000e+02
8.13254970e+00	2022-05-17T19:19:03.151811	225	4.30000000e+02
8.14813280e+00	2022-05-17T19:19:03.167431	226	4.28000000e+02
8.15643840e+00	2022-05-17T19:19:03.167431	227	4.30000000e+02
8.16798440e+00	2022-05-17T19:19:03.183052	228	4.30000000e+02
8.17686000e+00	2022-05-17T19:19:03.183052	229	4.30000000e+02
8.20406040e+00	2022-05-17T19:19:03.214295	230	4.29000000e+02
8.20605370e+00	2022-05-17T19:19:03.214295	231	4.31000000e+02
8.22124140e+00	2022-05-17T19:19:03.229918	232	4.27000000e+02
8.22999380e+00	2022-05-17T19:19:03.246075	233	4.27000000e+02
8.23844640e+00	2022-05-17T19:19:03.246075	234	4.30000000e+02
8.25865760e+00	2022-05-17T19:19:03.276781	235	4.31000000e+02
8.27517850e+00	2022-05-17T19:19:03.292437	236	4.31000000e+02
8.28739930e+00	2022-05-17T19:19:03.292437	237	4.24000000e+02
8.29572140e+00	2022-05-17T19:19:03.308637	238	4.32000000e+02
8.32104030e+00	2022-05-17T19:19:03.339884	239	4.27000000e+02
8.34310760e+00	2022-05-17T19:19:03.355506	240	4.46000000e+02
8.34869290e+00	2022-05-17T19:19:03.355506	241	4.27000000e+02
8.35711030e+00	2022-05-17T19:19:03.371655	242	4.39000000e+02
8.38313760e+00	2022-05-17T19:19:03.402369	243	4.26000000e+02
8.40010950e+00	2022-05-17T19:19:03.417991	244	4.33000000e+02
8.41028840e+00	2022-05-17T19:19:03.417991	245	4.28000000e+02
8.41807970e+00	2022-05-17T19:19:03.433631	246	4.28000000e+02
8.42709220e+00	2022-05-17T19:19:03.433631	247	4.27000000e+02
8.44494320e+00	2022-05-17T19:19:03.449232	248	4.49000000e+02
8.46227720e+00	2022-05-17T19:19:03.480476	249	4.27000000e+02
8.47093730e+00	2022-05-17T19:19:03.480476	250	4.27000000e+02
8.47991130e+00	2022-05-17T19:19:03.497075	251	4.57000000e+02
8.48821320e+00	2022-05-17T19:19:03.497075	252	4.29000000e+02
8.50927810e+00	2022-05-17T19:19:03.528322	253	4.35000000e+02
8.53201990e+00	2022-05-17T19:19:03.543946	254	4.28000000e+02
8.54186690e+00	2022-05-17T19:19:03.559578	255	4.28000000e+02
8.55358450e+00	2022-05-17T19:19:03.559578	256	4.29000000e+02
8.57245240e+00	2022-05-17T19:19:03.590808	257	4.28000000e+02
8.59458840e+00	2022-05-17T19:19:03.606463	258	4.30000000e+02
8.59850020e+00	2022-05-17T19:19:03.606463	259	4.29000000e+02
8.60692200e+00	2022-05-17T19:19:03.622622	260	4.38000000e+02
8.61573300e+00	2022-05-17T19:19:03.622622	261	4.78000000e+02
8.63341910e+00	2022-05-17T19:19:03.638155	262	4.57000000e+02
8.65583540e+00	2022-05-17T19:19:03.668917	263	4.26000000e+02
8.66462100e+00	2022-05-17T19:19:03.668917	264	4.38000000e+02
8.67650180e+00	2022-05-17T19:19:03.684577	265	4.30000000e+02
8.69660210e+00	2022-05-17T19:19:03.715777	266	4.30000000e+02
8.71337880e+00	2022-05-17T19:19:03.731433	267	4.39000000e+02
8.72077320e+00	2022-05-17T19:19:03.731433	268	4.46000000e+02
8.72985100e+00	2022-05-17T19:19:03.747667	269	4.39000000e+02
8.74196940e+00	2022-05-17T19:19:03.747667	270	4.29000000e+02
8.76777830e+00	2022-05-17T19:19:03.778263	271	4.28000000e+02
8.78376550e+00	2022-05-17T19:19:03.793921	272	4.29000000e+02
8.79526810e+00	2022-05-17T19:19:03.809504	273	4.35000000e+02
8.80352390e+00	2022-05-17T19:19:03.809504	274	4.27000000e+02
8.82240690e+00	2022-05-17T19:19:03.840749	275	4.46000000e+02
8.83867530e+00	2022-05-17T19:19:03.856370	276	4.27000000e+02
8.84856490e+00	2022-05-17T19:19:03.856370	277	4.28000000e+02
8.85673340e+00	2022-05-17T19:19:03.872420	278	4.28000000e+02
8.86616750e+00	2022-05-17T19:19:03.872420	279	4.28000000e+02
8.88358490e+00	2022-05-17T19:19:03.888016	280	4.26000000e+02
8.90132450e+00	2022-05-17T19:19:03.918891	281	4.19000000e+02
8.90918590e+00	2022-05-17T19:19:03.918891	282	4.71000000e+02
8.91767380e+00	2022-05-17T19:19:03.934767	283	4.28000000e+02
8.92653690e+00	2022-05-17T19:19:03.934767	284	4.28000000e+02
8.95321950e+00	2022-05-17T19:19:03.965717	285	4.28000000e+02
8.96318620e+00	2022-05-17T19:19:03.981376	286	4.32000000e+02
8.97108820e+00	2022-05-17T19:19:03.981376	287	4.27000000e+02
8.97974380e+00	2022-05-17T19:19:03.997606	288	4.36000000e+02
8.99190750e+00	2022-05-17T19:19:03.997606	289	4.28000000e+02
9.01198600e+00	2022-05-17T19:19:04.028203	290	4.27000000e+02
9.02011140e+00	2022-05-17T19:19:04.028203	291	4.28000000e+02
9.03533310e+00	2022-05-17T19:19:04.043863	292	4.33000000e+02
9.04105850e+00	2022-05-17T19:19:04.059484	293	4.43000000e+02
9.04873120e+00	2022-05-17T19:19:04.059484	294	4.29000000e+02
9.07514800e+00	2022-05-17T19:19:04.090688	295	4.36000000e+02
9.09630950e+00	2022-05-17T19:19:04.106346	296	4.27000000e+02
9.10221090e+00	2022-05-17T19:19:04.106346	297	4.29000000e+02
9.11086930e+00	2022-05-17T19:19:04.121930	298	4.28000000e+02
9.13653710e+00	2022-05-17T19:19:04.153174	299	4.39000000e+02
9.15242680e+00	2022-05-17T19:19:04.168832	300	4.27000000e+02
9.16386690e+00	2022-05-17T19:19:04.168832	301	4.28000000e+02
9.17214040e+00	2022-05-17T19:19:04.184717	302	4.32000000e+02
9.18075500e+00	2022-05-17T19:19:04.200035	303	4.36000000e+02
9.20473620e+00	2022-05-17T19:19:04.215659	304	4.27000000e+02
9.22004550e+00	2022-05-17T19:19:04.231281	305	4.28000000e+02
9.22536270e+00	2022-05-17T19:19:04.231281	306	4.67000000e+02
9.23336380e+00	2022-05-17T19:19:04.247401	307	4.38000000e+02
9.24189820e+00	2022-05-17T19:19:04.247401	308	4.27000000e+02
9.26175220e+00	2022-05-17T19:19:04.278169	309	4.24000000e+02
9.28423600e+00	2022-05-17T19:19:04.293766	310	4.28000000e+02
9.29529620e+00	2022-05-17T19:19:04.309489	311	4.28000000e+02
9.32299960e+00	2022-05-17T19:19:04.340737	312	4.28000000e+02
9.33986480e+00	2022-05-17T19:19:04.356358	313	4.28000000e+02
9.34763890e+00	2022-05-17T19:19:04.356358	314	4.31000000e+02
9.35639470e+00	2022-05-17T19:19:04.372592	315	4.33000000e+02
9.36501900e+00	2022-05-17T19:19:04.372592	316	4.27000000e+02
9.38562510e+00	2022-05-17T19:19:04.403223	317	4.31000000e+02
9.40828630e+00	2022-05-17T19:19:04.418879	318	4.27000000e+02
9.41294710e+00	2022-05-17T19:19:04.418879	319	4.34000000e+02
9.42207030e+00	2022-05-17T19:19:04.434938	320	4.28000000e+02
9.44757190e+00	2022-05-17T19:19:04.465706	321	4.27000000e+02
9.46571300e+00	2022-05-17T19:19:04.481328	322	4.30000000e+02
9.47508960e+00	2022-05-17T19:19:04.481328	323	4.27000000e+02
9.48319060e+00	2022-05-17T19:19:04.498506	324	4.38000000e+02
9.49179140e+00	2022-05-17T19:19:04.498506	325	4.69000000e+02
9.51233900e+00	2022-05-17T19:19:04.529753	326	4.35000000e+02
9.51584930e+00	2022-05-17T19:19:04.529753	327	4.27000000e+02
9.53190150e+00	2022-05-17T19:19:04.545414	328	4.35000000e+02
9.54004500e+00	2022-05-17T19:19:04.545414	329	4.29000000e+02
9.54840860e+00	2022-05-17T19:19:04.561465	330	4.61000000e+02
9.55694890e+00	2022-05-17T19:19:04.561465	331	4.28000000e+02
9.58234550e+00	2022-05-17T19:19:04.592238	332	4.31000000e+02
9.59817940e+00	2022-05-17T19:19:04.607862	333	4.27000000e+02
9.60206740e+00	2022-05-17T19:19:04.607862	334	4.74000000e+02
9.61071750e+00	2022-05-17T19:19:04.623977	335	4.62000000e+02
9.63751380e+00	2022-05-17T19:19:04.654724	336	4.35000000e+02
9.64015940e+00	2022-05-17T19:19:04.654724	337	4.42000000e+02
9.65748070e+00	2022-05-17T19:19:04.670346	338	4.21000000e+02
9.66788550e+00	2022-05-17T19:19:04.685968	339	4.30000000e+02
9.67996230e+00	2022-05-17T19:19:04.685968	340	4.24000000e+02
9.70072050e+00	2022-05-17T19:19:04.717221	341	4.28000000e+02
9.72555560e+00	2022-05-17T19:19:04.732832	342	4.27000000e+02
9.73732690e+00	2022-05-17T19:19:04.748751	343	4.28000000e+02
9.74666430e+00	2022-05-17T19:19:04.764110	344	4.27000000e+02
9.76205020e+00	2022-05-17T19:19:04.779697	345	4.20000000e+02
9.78103640e+00	2022-05-17T19:19:04.795354	346	4.28000000e+02
9.79048660e+00	2022-05-17T19:19:04.795354	347	4.28000000e+02
9.79838810e+00	2022-05-17T19:19:04.811371	348	4.36000000e+02
9.80720970e+00	2022-05-17T19:19:04.826557	349	4.37000000e+02
9.82532840e+00	2022-05-17T19:19:04.842179	350	4.30000000e+02
9.84859750e+00	2022-05-17T19:19:04.857837	351	4.28000000e+02
9.85126910e+00	2022-05-17T19:19:04.857837	352	4.29000000e+02
9.86026570e+00	2022-05-17T19:19:04.874073	353	4.27000000e+02
9.88787650e+00	2022-05-17T19:19:04.905322	354	4.28000000e+02
9.89733320e+00	2022-05-17T19:19:04.905322	355	4.27000000e+02
9.91442850e+00	2022-05-17T19:19:04.920942	356	4.39000000e+02
9.92568840e+00	2022-05-17T19:19:04.937101	357	4.28000000e+02
9.93359520e+00	2022-05-17T19:19:04.952219	358	4.28000000e+02
9.94265570e+00	2022-05-17T19:19:04.952219	359	4.80000000e+02
9.96505290e+00	2022-05-17T19:19:04.983426	360	4.80000000e+02
9.98854260e+00	2022-05-17T19:19:04.999107	361	4.28000000e+02
9.99928880e+00	2022-05-17T19:19:05.015100	362	4.40000000e+02
1.00077938e+01	2022-05-17T19:19:05.015100	363	4.24000000e+02
1.00295630e+01	2022-05-17T19:19:05.045910	364	4.28000000e+02
1.00522903e+01	2022-05-17T19:19:05.061545	365	4.63000000e+02
1.00560921e+01	2022-05-17T19:19:05.061545	366	4.33000000e+02
1.00649000e+01	2022-05-17T19:19:05.077447	367	4.27000000e+02
1.00730258e+01	2022-05-17T19:19:05.077447	368	4.27000000e+02
1.00895683e+01	2022-05-17T19:19:05.108395	369	4.27000000e+02
1.01135424e+01	2022-05-17T19:19:05.124017	370	4.37000000e+02
1.01182205e+01	2022-05-17T19:19:05.124017	371	4.74000000e+02
1.01265006e+01	2022-05-17T19:19:05.140135	372	4.30000000e+02
1.01384177e+01	2022-05-17T19:19:05.155736	373	4.29000000e+02
1.01474383e+01	2022-05-17T19:19:05.155736	374	4.59000000e+02
1.01588606e+01	2022-05-17T19:19:05.171397	375	4.28000000e+02
1.01783793e+01	2022-05-17T19:19:05.186547	376	4.26000000e+02
1.01882488e+01	2022-05-17T19:19:05.202124	377	4.34000000e+02
1.01992260e+01	2022-05-17T19:19:05.217746	378	4.24000000e+02
1.02078691e+01	2022-05-17T19:19:05.217746	379	4.21000000e+02
1.02162998e+01	2022-05-17T19:19:05.233602	380	4.29000000e+02
1.02247588e+01	2022-05-17T19:19:05.233602	381	4.37000000e+02
1.02551936e+01	2022-05-17T19:19:05.264608	382	4.24000000e+02
1.02722395e+01	2022-05-17T19:19:05.280271	383	4.22000000e+02
1.02816196e+01	2022-05-17T19:19:05.296109	384	4.31000000e+02
1.02902807e+01	2022-05-17T19:19:05.296109	385	4.31000000e+02
1.03106067e+01	2022-05-17T19:19:05.328208	386	4.32000000e+02
1.03359866e+01	2022-05-17T19:19:05.343868	387	4.27000000e+02
1.03476132e+01	2022-05-17T19:19:05.359986	388	4.46000000e+02
1.03559650e+01	2022-05-17T19:19:05.375072	389	4.28000000e+02
1.03683338e+01	2022-05-17T19:19:05.375072	390	4.31000000e+02
1.03903597e+01	2022-05-17T19:19:05.406315	391	4.29000000e+02
1.04137781e+01	2022-05-17T19:19:05.421974	392	4.20000000e+02
1.04171079e+01	2022-05-17T19:19:05.421974	393	4.27000000e+02
1.04254722e+01	2022-05-17T19:19:05.437594	394	4.56000000e+02
1.04513036e+01	2022-05-17T19:19:05.468826	395	4.29000000e+02
1.04710210e+01	2022-05-17T19:19:05.484422	396	4.75000000e+02
1.04784082e+01	2022-05-17T19:19:05.484422	397	4.35000000e+02
1.04868724e+01	2022-05-17T19:19:05.501219	398	4.26000000e+02
1.05140583e+01	2022-05-17T19:19:05.532468	399	4.34000000e+02
1.05162197e+01	2022-05-17T19:19:05.532468	400	4.31000000e+02
1.05352077e+01	2022-05-17T19:19:05.548124	401	4.27000000e+02
1.05441410e+01	2022-05-17T19:19:05.548124	402	4.30000000e+02
1.05524354e+01	2022-05-17T19:19:05.563708	403	4.74000000e+02
1.05795674e+01	2022-05-17T19:19:05.594954	404	4.24000000e+02
1.05979750e+01	2022-05-17T19:19:05.610610	405	4.31000000e+02
1.06094877e+01	2022-05-17T19:19:05.626701	406	4.28000000e+02
1.06178585e+01	2022-05-17T19:19:05.626701	407	4.47000000e+02
1.06406181e+01	2022-05-17T19:19:05.657436	408	4.29000000e+02
1.06661535e+01	2022-05-17T19:19:05.673057	409	4.28000000e+02
1.06753279e+01	2022-05-17T19:19:05.689227	410	4.71000000e+02
1.06894115e+01	2022-05-17T19:19:05.704848	411	4.28000000e+02
1.07062046e+01	2022-05-17T19:19:05.719923	412	4.27000000e+02
1.07318824e+01	2022-05-17T19:19:05.751163	413	4.28000000e+02
1.07408612e+01	2022-05-17T19:19:05.751163	414	4.38000000e+02
1.07530309e+01	2022-05-17T19:19:05.766784	415	4.28000000e+02
1.07614301e+01	2022-05-17T19:19:05.766784	416	4.34000000e+02
1.07779295e+01	2022-05-17T19:19:05.782532	417	4.41000000e+02
1.07975823e+01	2022-05-17T19:19:05.813647	418	4.74000000e+02
1.08056274e+01	2022-05-17T19:19:05.813647	419	4.31000000e+02
1.08145479e+01	2022-05-17T19:19:05.829856	420	4.28000000e+02
1.08228635e+01	2022-05-17T19:19:05.829856	421	4.38000000e+02
1.08418132e+01	2022-05-17T19:19:05.860512	422	4.27000000e+02
1.08661674e+01	2022-05-17T19:19:05.876170	423	4.29000000e+02
1.08718173e+01	2022-05-17T19:19:05.876170	424	4.32000000e+02
1.08803875e+01	2022-05-17T19:19:05.892136	425	4.28000000e+02
1.09037648e+01	2022-05-17T19:19:05.923027	426	4.75000000e+02
1.09137400e+01	2022-05-17T19:19:05.923027	427	4.27000000e+02
1.09310135e+01	2022-05-17T19:19:05.938620	428	4.28000000e+02
1.09371849e+01	2022-05-17T19:19:05.954277	429	4.32000000e+02
1.09459356e+01	2022-05-17T19:19:05.954277	430	4.34000000e+02
1.09594920e+01	2022-05-17T19:19:05.969863	431	4.27000000e+02
1.09705893e+01	2022-05-17T19:19:05.985482	432	4.29000000e+02
1.10068661e+01	2022-05-17T19:19:06.016732	433	4.27000000e+02
1.10293153e+01	2022-05-17T19:19:06.047970	434	4.27000000e+02
1.10355611e+01	2022-05-17T19:19:06.047970	435	4.36000000e+02
1.10438664e+01	2022-05-17T19:19:06.047970	436	4.28000000e+02
1.10559140e+01	2022-05-17T19:19:06.063589	437	4.19000000e+02
1.10860128e+01	2022-05-17T19:19:06.094831	438	4.27000000e+02
1.11147802e+01	2022-05-17T19:19:06.126075	439	4.26000000e+02
1.11256849e+01	2022-05-17T19:19:06.142083	440	4.30000000e+02
1.11339328e+01	2022-05-17T19:19:06.142083	441	4.67000000e+02
1.11631900e+01	2022-05-17T19:19:06.172960	442	4.27000000e+02
1.11784391e+01	2022-05-17T19:19:06.188562	443	4.36000000e+02
1.11882497e+01	2022-05-17T19:19:06.204228	444	4.28000000e+02
1.11991815e+01	2022-05-17T19:19:06.204228	445	4.28000000e+02
1.12076031e+01	2022-05-17T19:19:06.220255	446	4.29000000e+02
1.12154825e+01	2022-05-17T19:19:06.220255	447	4.31000000e+02
1.12313681e+01	2022-05-17T19:19:06.235427	448	4.30000000e+02
1.12400495e+01	2022-05-17T19:19:06.251045	449	4.35000000e+02
1.12584307e+01	2022-05-17T19:19:06.266666	450	4.29000000e+02
1.12691018e+01	2022-05-17T19:19:06.282473	451	4.30000000e+02
1.12774838e+01	2022-05-17T19:19:06.282473	452	4.27000000e+02
1.12955108e+01	2022-05-17T19:19:06.314089	453	4.70000000e+02
1.13202301e+01	2022-05-17T19:19:06.329714	454	4.62000000e+02
1.13313361e+01	2022-05-17T19:19:06.345699	455	4.20000000e+02
1.13609000e+01	2022-05-17T19:19:06.376578	456	4.27000000e+02
1.13791851e+01	2022-05-17T19:19:06.392198	457	4.27000000e+02
1.13925995e+01	2022-05-17T19:19:06.407820	458	4.27000000e+02
1.14042792e+01	2022-05-17T19:19:06.423442	459	4.27000000e+02
1.14149411e+01	2022-05-17T19:19:06.423442	460	4.28000000e+02
1.14415177e+01	2022-05-17T19:19:06.454686	461	4.28000000e+02
1.14530105e+01	2022-05-17T19:19:06.470316	462	4.75000000e+02
1.14612987e+01	2022-05-17T19:19:06.470316	463	4.28000000e+02
1.14705333e+01	2022-05-17T19:19:06.485931	464	4.28000000e+02
1.14875095e+01	2022-05-17T19:19:06.503132	465	4.28000000e+02
1.15126517e+01	2022-05-17T19:19:06.531848	466	4.39000000e+02
1.15517156e+01	2022-05-17T19:19:06.567800	467	4.30000000e+02
1.15540760e+01	2022-05-17T19:19:06.571796	468	4.29000000e+02
1.15651464e+01	2022-05-17T19:19:06.583784	469	4.20000000e+02
1.16080990e+01	2022-05-17T19:19:06.623726	470	4.27000000e+02
1.16452159e+01	2022-05-17T19:19:06.663672	471	4.27000000e+02
1.16566613e+01	2022-05-17T19:19:06.675655	472	4.27000000e+02
1.16656636e+01	2022-05-17T19:19:06.683648	473	4.28000000e+02
1.16740676e+01	2022-05-17T19:19:06.691637	474	4.27000000e+02
1.16838325e+01	2022-05-17T19:19:06.702754	475	4.30000000e+02
1.17371236e+01	2022-05-17T19:19:06.754634	476	4.28000000e+02
1.17482692e+01	2022-05-17T19:19:06.762880	477	4.28000000e+02
1.17558018e+01	2022-05-17T19:19:06.762880	478	4.31000000e+02
1.17658053e+01	2022-05-17T19:19:06.778533	479	4.29000000e+02
1.17952310e+01	2022-05-17T19:19:06.810343	480	4.27000000e+02
1.18210327e+01	2022-05-17T19:19:06.825965	481	4.27000000e+02
1.18312803e+01	2022-05-17T19:19:06.841593	482	4.28000000e+02
1.18420188e+01	2022-05-17T19:19:06.858226	483	4.27000000e+02
1.18507357e+01	2022-05-17T19:19:06.870211	484	4.30000000e+02
1.18741858e+01	2022-05-17T19:19:06.890305	485	4.27000000e+02
1.18827691e+01	2022-05-17T19:19:06.890305	486	4.29000000e+02
1.19029049e+01	2022-05-17T19:19:06.921549	487	4.27000000e+02
1.19074401e+01	2022-05-17T19:19:06.921549	488	4.29000000e+02
1.19158125e+01	2022-05-17T19:19:06.921549	489	4.33000000e+02
1.19236431e+01	2022-05-17T19:19:06.937202	490	4.29000000e+02
1.19336002e+01	2022-05-17T19:19:06.952788	491	4.29000000e+02
1.19536554e+01	2022-05-17T19:19:06.968407	492	4.38000000e+02
1.19624966e+01	2022-05-17T19:19:06.968407	493	4.33000000e+02
1.19823885e+01	2022-05-17T19:19:06.999654	494	4.29000000e+02
1.19933311e+01	2022-05-17T19:19:06.999654	495	4.28000000e+02
1.20017834e+01	2022-05-17T19:19:07.015272	496	4.30000000e+02
1.20096728e+01	2022-05-17T19:19:07.015272	497	4.28000000e+02
1.20450495e+01	2022-05-17T19:19:07.062143	498	4.34000000e+02
1.20653356e+01	2022-05-17T19:19:07.077756	499	4.28000000e+02
1.20763982e+01	2022-05-17T19:19:07.093442	500	4.28000000e+02
1.20877872e+01	2022-05-17T19:19:07.093442	501	4.27000000e+02
1.21180103e+01	2022-05-17T19:19:07.124622	502	4.27000000e+02
1.21468251e+01	2022-05-17T19:19:07.155864	503	4.27000000e+02
1.21765328e+01	2022-05-17T19:19:07.183445	504	4.28000000e+02
1.21858729e+01	2022-05-17T19:19:07.199104	505	4.62000000e+02
1.21941335e+01	2022-05-17T19:19:07.199104	506	4.29000000e+02
1.22262953e+01	2022-05-17T19:19:07.230311	507	4.30000000e+02
1.22506856e+01	2022-05-17T19:19:07.261557	508	4.27000000e+02
1.22601983e+01	2022-05-17T19:19:07.277173	509	4.32000000e+02
1.22693644e+01	2022-05-17T19:19:07.277173	510	4.28000000e+02
1.23075809e+01	2022-05-17T19:19:07.324618	511	4.75000000e+02
1.23333812e+01	2022-05-17T19:19:07.340248	512	4.34000000e+02
1.23431824e+01	2022-05-17T19:19:07.355901	513	4.31000000e+02
1.23537999e+01	2022-05-17T19:19:07.371482	514	4.41000000e+02
1.23619904e+01	2022-05-17T19:19:07.371482	515	4.30000000e+02
1.23851488e+01	2022-05-17T19:19:07.402725	516	4.26000000e+02
1.24171606e+01	2022-05-17T19:19:07.434001	517	4.30000000e+02
1.24196608e+01	2022-05-17T19:19:07.434001	518	4.28000000e+02
1.24276657e+01	2022-05-17T19:19:07.434001	519	4.20000000e+02
1.24357523e+01	2022-05-17T19:19:07.449588	520	4.33000000e+02
1.24440222e+01	2022-05-17T19:19:07.449588	521	4.28000000e+02
1.24615883e+01	2022-05-17T19:19:07.480832	522	4.37000000e+02
1.24729484e+01	2022-05-17T19:19:07.480832	523	4.41000000e+02
1.24934215e+01	2022-05-17T19:19:07.512627	524	4.31000000e+02
1.25017238e+01	2022-05-17T19:19:07.512627	525	4.27000000e+02
1.25097111e+01	2022-05-17T19:19:07.528244	526	4.65000000e+02
1.25174031e+01	2022-05-17T19:19:07.528244	527	4.67000000e+02
1.25329944e+01	2022-05-17T19:19:07.543865	528	4.34000000e+02
1.25506645e+01	2022-05-17T19:19:07.559491	529	4.26000000e+02
1.25736736e+01	2022-05-17T19:19:07.590730	530	4.28000000e+02
1.25832348e+01	2022-05-17T19:19:07.590730	531	4.31000000e+02
1.25914839e+01	2022-05-17T19:19:07.606350	532	4.28000000e+02
1.25998910e+01	2022-05-17T19:19:07.606350	533	4.28000000e+02
1.26297236e+01	2022-05-17T19:19:07.637599	534	4.28000000e+02
1.26636351e+01	2022-05-17T19:19:07.668873	535	4.26000000e+02
1.26732536e+01	2022-05-17T19:19:07.684458	536	4.28000000e+02
1.26889610e+01	2022-05-17T19:19:07.700081	537	4.27000000e+02
1.27098103e+01	2022-05-17T19:19:07.715699	538	4.52000000e+02
1.27267162e+01	2022-05-17T19:19:07.731338	539	4.31000000e+02
1.27379629e+01	2022-05-17T19:19:07.746946	540	4.61000000e+02
1.27478540e+01	2022-05-17T19:19:07.762566	541	4.53000000e+02
1.27755678e+01	2022-05-17T19:19:07.793807	542	4.28000000e+02
1.27963359e+01	2022-05-17T19:19:07.809427	543	4.27000000e+02
1.28346948e+01	2022-05-17T19:19:07.840670	544	4.78000000e+02
1.28372631e+01	2022-05-17T19:19:07.856292	545	4.28000000e+02
1.28467153e+01	2022-05-17T19:19:07.856292	546	4.30000000e+02
1.28585583e+01	2022-05-17T19:19:07.871912	547	4.30000000e+02
1.28885661e+01	2022-05-17T19:19:07.903158	548	4.40000000e+02
1.29290444e+01	2022-05-17T19:19:07.934398	549	4.27000000e+02
1.29405474e+01	2022-05-17T19:19:07.950019	550	4.31000000e+02
1.29729214e+01	2022-05-17T19:19:07.981262	551	4.26000000e+02
1.29996543e+01	2022-05-17T19:19:08.012503	552	4.29000000e+02
1.30112952e+01	2022-05-17T19:19:08.028125	553	4.66000000e+02
1.30217582e+01	2022-05-17T19:19:08.028125	554	4.28000000e+02
1.30302267e+01	2022-05-17T19:19:08.043749	555	4.27000000e+02
1.30385498e+01	2022-05-17T19:19:08.043749	556	4.22000000e+02
1.30602144e+01	2022-05-17T19:19:08.074998	557	4.27000000e+02
1.30845377e+01	2022-05-17T19:19:08.090612	558	4.78000000e+02
1.30949706e+01	2022-05-17T19:19:08.106231	559	4.24000000e+02
1.31034495e+01	2022-05-17T19:19:08.121854	560	4.29000000e+02
1.31114694e+01	2022-05-17T19:19:08.121854	561	4.27000000e+02
1.31295432e+01	2022-05-17T19:19:08.137474	562	4.31000000e+02
1.31380759e+01	2022-05-17T19:19:08.153095	563	4.29000000e+02
1.31607163e+01	2022-05-17T19:19:08.168717	564	4.43000000e+02
1.31716036e+01	2022-05-17T19:19:08.184339	565	4.30000000e+02
1.31820749e+01	2022-05-17T19:19:08.199962	566	4.42000000e+02
1.31935300e+01	2022-05-17T19:19:08.199962	567	4.28000000e+02
1.32022289e+01	2022-05-17T19:19:08.215881	568	4.27000000e+02
1.32596569e+01	2022-05-17T19:19:08.278071	569	4.42000000e+02
1.32637104e+01	2022-05-17T19:19:08.278071	570	4.28000000e+02
1.32715040e+01	2022-05-17T19:19:08.278071	571	4.27000000e+02
1.32810478e+01	2022-05-17T19:19:08.293728	572	4.33000000e+02
1.33225435e+01	2022-05-17T19:19:08.341100	573	4.20000000e+02
1.33626233e+01	2022-05-17T19:19:08.368723	574	4.39000000e+02
1.33738126e+01	2022-05-17T19:19:08.384348	575	4.29000000e+02
1.33913716e+01	2022-05-17T19:19:08.399973	576	4.39000000e+02
1.34016462e+01	2022-05-17T19:19:08.415593	577	4.42000000e+02
1.34291508e+01	2022-05-17T19:19:08.446835	578	4.33000000e+02
1.34397730e+01	2022-05-17T19:19:08.446835	579	4.45000000e+02
1.34497585e+01	2022-05-17T19:19:08.468965	580	4.36000000e+02
1.34604018e+01	2022-05-17T19:19:08.468965	581	4.28000000e+02
1.34957380e+01	2022-05-17T19:19:08.500816	582	4.28000000e+02
1.35468441e+01	2022-05-17T19:19:08.563344	583	4.25000000e+02
1.35589699e+01	2022-05-17T19:19:08.568854	584	4.35000000e+02
1.35711019e+01	2022-05-17T19:19:08.584490	585	4.27000000e+02
1.36001139e+01	2022-05-17T19:19:08.615728	586	4.26000000e+02
1.36094250e+01	2022-05-17T19:19:08.615728	587	4.45000000e+02
1.36295413e+01	2022-05-17T19:19:08.646967	588	4.28000000e+02
1.36355562e+01	2022-05-17T19:19:08.646967	589	4.30000000e+02
1.36483682e+01	2022-05-17T19:19:08.662587	590	4.27000000e+02
1.36585870e+01	2022-05-17T19:19:08.669096	591	4.28000000e+02
1.36932476e+01	2022-05-17T19:19:08.700347	592	4.26000000e+02
1.37181399e+01	2022-05-17T19:19:08.731591	593	4.30000000e+02
1.37267975e+01	2022-05-17T19:19:08.731591	594	4.35000000e+02
1.37392755e+01	2022-05-17T19:19:08.747210	595	4.80000000e+02
1.37750087e+01	2022-05-17T19:19:08.784985	596	4.27000000e+02
1.37904088e+01	2022-05-17T19:19:08.800597	597	4.29000000e+02
1.38001253e+01	2022-05-17T19:19:08.816234	598	4.29000000e+02
1.38295493e+01	2022-05-17T19:19:08.847456	599	4.37000000e+02
1.38586370e+01	2022-05-17T19:19:08.869620	600	4.30000000e+02
1.38841706e+01	2022-05-17T19:19:08.900884	601	4.39000000e+02
1.39096502e+01	2022-05-17T19:19:08.916501	602	4.27000000e+02
1.39202407e+01	2022-05-17T19:19:08.932115	603	4.30000000e+02
1.39345658e+01	2022-05-17T19:19:08.947737	604	4.38000000e+02
1.39438191e+01	2022-05-17T19:19:08.947737	605	4.27000000e+02
1.39715344e+01	2022-05-17T19:19:08.985492	606	4.40000000e+02
1.39931420e+01	2022-05-17T19:19:09.001123	607	4.29000000e+02
1.40069381e+01	2022-05-17T19:19:09.016741	608	4.26000000e+02
1.40256216e+01	2022-05-17T19:19:09.032355	609	4.31000000e+02
1.40356444e+01	2022-05-17T19:19:09.047975	610	4.27000000e+02
1.40522037e+01	2022-05-17T19:19:09.070107	611	4.27000000e+02
1.41056173e+01	2022-05-17T19:19:09.116988	612	4.27000000e+02
1.41237603e+01	2022-05-17T19:19:09.132602	613	4.26000000e+02
1.41331251e+01	2022-05-17T19:19:09.148224	614	4.30000000e+02
1.41445989e+01	2022-05-17T19:19:09.163845	615	4.29000000e+02
1.41711530e+01	2022-05-17T19:19:09.185984	616	4.28000000e+02
1.41829237e+01	2022-05-17T19:19:09.201605	617	4.40000000e+02
1.41981565e+01	2022-05-17T19:19:09.217225	618	4.28000000e+02
1.42116282e+01	2022-05-17T19:19:09.217225	619	4.35000000e+02
1.42511892e+01	2022-05-17T19:19:09.270623	620	4.28000000e+02
1.42747739e+01	2022-05-17T19:19:09.292800	621	4.18000000e+02
1.42990269e+01	2022-05-17T19:19:09.312833	622	4.27000000e+02
1.43089517e+01	2022-05-17T19:19:09.322935	623	4.61000000e+02
1.43207479e+01	2022-05-17T19:19:09.332999	624	4.28000000e+02
1.43587570e+01	2022-05-17T19:19:09.373323	625	4.26000000e+02
1.43776908e+01	2022-05-17T19:19:09.393512	626	4.46000000e+02
1.43873976e+01	2022-05-17T19:19:09.403796	627	4.35000000e+02
1.43999229e+01	2022-05-17T19:19:09.413835	628	4.27000000e+02
1.44198116e+01	2022-05-17T19:19:09.434190	629	4.34000000e+02
1.44432336e+01	2022-05-17T19:19:09.462357	630	4.60000000e+02
1.44587576e+01	2022-05-17T19:19:09.474488	631	4.28000000e+02
1.44956415e+01	2022-05-17T19:19:09.513210	632	4.33000000e+02
1.45326027e+01	2022-05-17T19:19:09.546044	633	4.40000000e+02
1.45441819e+01	2022-05-17T19:19:09.554067	634	4.33000000e+02
1.45541840e+01	2022-05-17T19:19:09.566178	635	4.28000000e+02
1.45668258e+01	2022-05-17T19:19:09.586341	636	4.40000000e+02
1.45792534e+01	2022-05-17T19:19:09.596420	637	4.28000000e+02
1.45929422e+01	2022-05-17T19:19:09.606561	638	4.27000000e+02
1.46040598e+01	2022-05-17T19:19:09.616678	639	4.31000000e+02
1.46462405e+01	2022-05-17T19:19:09.665669	640	4.29000000e+02
1.46791180e+01	2022-05-17T19:19:09.698167	641	4.57000000e+02
1.46958871e+01	2022-05-17T19:19:09.708281	642	4.20000000e+02
1.47112310e+01	2022-05-17T19:19:09.728594	643	4.26000000e+02
1.47234063e+01	2022-05-17T19:19:09.738683	644	4.30000000e+02
1.47480299e+01	2022-05-17T19:19:09.767060	645	4.27000000e+02
1.47638920e+01	2022-05-17T19:19:09.779136	646	4.27000000e+02
1.47823332e+01	2022-05-17T19:19:09.799337	647	4.67000000e+02
1.47950883e+01	2022-05-17T19:19:09.809445	648	4.43000000e+02
1.48183951e+01	2022-05-17T19:19:09.837785	649	4.73000000e+02
1.48455744e+01	2022-05-17T19:19:09.859927	650	4.24000000e+02
1.48743843e+01	2022-05-17T19:19:09.890182	651	4.29000000e+02
1.48859172e+01	2022-05-17T19:19:09.900319	652	4.33000000e+02
1.48984642e+01	2022-05-17T19:19:09.910409	653	4.40000000e+02
1.49120827e+01	2022-05-17T19:19:09.930570	654	4.29000000e+02
1.49362884e+01	2022-05-17T19:19:09.950682	655	4.52000000e+02
1.49475798e+01	2022-05-17T19:19:09.960733	656	4.30000000e+02
1.49593206e+01	2022-05-17T19:19:09.978818	657	4.29000000e+02
1.49733773e+01	2022-05-17T19:19:09.990943	658	4.20000000e+02
1.49845771e+01	2022-05-17T19:19:10.001085	659	4.27000000e+02
1.50019392e+01	2022-05-17T19:19:10.021298	660	4.20000000e+02
1.50230195e+01	2022-05-17T19:19:10.041439	661	4.26000000e+02
1.50777012e+01	2022-05-17T19:19:10.091947	662	4.28000000e+02
1.51021909e+01	2022-05-17T19:19:10.120211	663	4.26000000e+02
1.51120336e+01	2022-05-17T19:19:10.130301	664	4.20000000e+02
1.51253734e+01	2022-05-17T19:19:10.142469	665	4.27000000e+02
1.51370753e+01	2022-05-17T19:19:10.152802	666	4.28000000e+02
1.51502007e+01	2022-05-17T19:19:10.162853	667	4.63000000e+02
1.51909639e+01	2022-05-17T19:19:10.203339	668	4.32000000e+02
1.52082392e+01	2022-05-17T19:19:10.221380	669	4.27000000e+02
1.52492944e+01	2022-05-17T19:19:10.268253	670	4.18000000e+02
1.52539413e+01	2022-05-17T19:19:10.268253	671	4.27000000e+02
1.52755870e+01	2022-05-17T19:19:10.283874	672	4.27000000e+02
1.53030421e+01	2022-05-17T19:19:10.321674	673	4.74000000e+02
1.53117106e+01	2022-05-17T19:19:10.321674	674	4.28000000e+02
1.53246208e+01	2022-05-17T19:19:10.337304	675	4.28000000e+02
1.53559442e+01	2022-05-17T19:19:10.368545	676	4.27000000e+02
1.53704872e+01	2022-05-17T19:19:10.384166	677	4.30000000e+02
1.53900839e+01	2022-05-17T19:19:10.399798	678	4.40000000e+02
1.54270412e+01	2022-05-17T19:19:10.437573	679	4.61000000e+02
1.54378224e+01	2022-05-17T19:19:10.453191	680	4.58000000e+02
1.54481661e+01	2022-05-17T19:19:10.453191	681	4.26000000e+02
1.54719340e+01	2022-05-17T19:19:10.484437	682	4.27000000e+02
1.55051516e+01	2022-05-17T19:19:10.522255	683	4.56000000e+02
1.55160590e+01	2022-05-17T19:19:10.522255	684	4.37000000e+02
1.55243420e+01	2022-05-17T19:19:10.537880	685	4.28000000e+02
1.55328398e+01	2022-05-17T19:19:10.537880	686	4.36000000e+02
1.55594049e+01	2022-05-17T19:19:10.569124	687	4.20000000e+02
1.56066047e+01	2022-05-17T19:19:10.622500	688	4.27000000e+02
1.56186202e+01	2022-05-17T19:19:10.638130	689	4.35000000e+02
1.56267290e+01	2022-05-17T19:19:10.638130	690	4.28000000e+02
1.56347630e+01	2022-05-17T19:19:10.653751	691	4.27000000e+02
1.56882660e+01	2022-05-17T19:19:10.700613	692	4.26000000e+02
1.57014482e+01	2022-05-17T19:19:10.716237	693	4.38000000e+02
1.57137404e+01	2022-05-17T19:19:10.722746	694	4.27000000e+02
1.57253080e+01	2022-05-17T19:19:10.738373	695	4.27000000e+02
1.57472211e+01	2022-05-17T19:19:10.753995	696	4.18000000e+02
1.57689865e+01	2022-05-17T19:19:10.785239	697	4.28000000e+02
1.57808747e+01	2022-05-17T19:19:10.785239	698	4.30000000e+02
1.58152264e+01	2022-05-17T19:19:10.823013	699	4.34000000e+02
1.58337746e+01	2022-05-17T19:19:10.838645	700	4.29000000e+02
1.58435799e+01	2022-05-17T19:19:10.854262	701	4.27000000e+02
1.58526107e+01	2022-05-17T19:19:10.869883	702	4.61000000e+02
1.58669292e+01	2022-05-17T19:19:10.885506	703	4.72000000e+02
1.58942447e+01	2022-05-17T19:19:10.901125	704	4.27000000e+02
1.59295477e+01	2022-05-17T19:19:10.938883	705	4.26000000e+02
1.59316636e+01	2022-05-17T19:19:10.938883	706	4.29000000e+02
1.59415716e+01	2022-05-17T19:19:10.954502	707	4.36000000e+02
1.59499559e+01	2022-05-17T19:19:10.954502	708	4.20000000e+02
1.59716109e+01	2022-05-17T19:19:10.985742	709	4.29000000e+02
1.59999504e+01	2022-05-17T19:19:11.016987	710	4.26000000e+02
1.60122169e+01	2022-05-17T19:19:11.023495	711	4.41000000e+02
1.60197655e+01	2022-05-17T19:19:11.039123	712	4.34000000e+02
1.60277855e+01	2022-05-17T19:19:11.039123	713	4.28000000e+02
1.60360787e+01	2022-05-17T19:19:11.054745	714	4.27000000e+02
1.60589264e+01	2022-05-17T19:19:11.070371	715	4.27000000e+02
1.60899932e+01	2022-05-17T19:19:11.101608	716	4.32000000e+02
1.61021390e+01	2022-05-17T19:19:11.117227	717	4.27000000e+02
1.61135154e+01	2022-05-17T19:19:11.123733	718	4.28000000e+02
1.61358223e+01	2022-05-17T19:19:11.154980	719	4.43000000e+02
1.61416917e+01	2022-05-17T19:19:11.154980	720	4.62000000e+02
1.61566648e+01	2022-05-17T19:19:11.170638	721	4.28000000e+02
1.61856881e+01	2022-05-17T19:19:11.201843	722	4.28000000e+02
1.61966507e+01	2022-05-17T19:19:11.201843	723	4.29000000e+02
1.62082709e+01	2022-05-17T19:19:11.223972	724	4.28000000e+02
1.62163284e+01	2022-05-17T19:19:11.223972	725	4.20000000e+02
1.62426450e+01	2022-05-17T19:19:11.255217	726	4.26000000e+02
1.62708796e+01	2022-05-17T19:19:11.286461	727	4.27000000e+02
1.62815745e+01	2022-05-17T19:19:11.286461	728	4.28000000e+02
1.62901678e+01	2022-05-17T19:19:11.302647	729	4.29000000e+02
1.62981713e+01	2022-05-17T19:19:11.302647	730	4.27000000e+02
1.63062654e+01	2022-05-17T19:19:11.324277	731	4.26000000e+02
1.63143161e+01	2022-05-17T19:19:11.324277	732	4.36000000e+02
1.63224123e+01	2022-05-17T19:19:11.339904	733	4.28000000e+02
1.63306023e+01	2022-05-17T19:19:11.339904	734	4.46000000e+02
1.63388299e+01	2022-05-17T19:19:11.355524	735	4.30000000e+02
1.63470479e+01	2022-05-17T19:19:11.355524	736	4.27000000e+02
1.63555136e+01	2022-05-17T19:19:11.371146	737	4.29000000e+02
1.63634173e+01	2022-05-17T19:19:11.371146	738	4.29000000e+02
1.63715597e+01	2022-05-17T19:19:11.386767	739	4.44000000e+02
1.63797572e+01	2022-05-17T19:19:11.386767	740	4.33000000e+02
1.63879814e+01	2022-05-17T19:19:11.402472	741	4.28000000e+02
1.63960621e+01	2022-05-17T19:19:11.402472	742	4.77000000e+02
1.64042947e+01	2022-05-17T19:19:11.418083	743	4.29000000e+02
1.64125531e+01	2022-05-17T19:19:11.426796	744	4.19000000e+02
1.64214491e+01	2022-05-17T19:19:11.436882	745	4.46000000e+02
1.64293761e+01	2022-05-17T19:19:11.447003	746	4.27000000e+02
1.64371693e+01	2022-05-17T19:19:11.455579	747	4.37000000e+02
1.64453982e+01	2022-05-17T19:19:11.457098	748	4.28000000e+02
1.64535205e+01	2022-05-17T19:19:11.467329	749	4.24000000e+02
1.64621925e+01	2022-05-17T19:19:11.477484	750	4.28000000e+02
1.64698793e+01	2022-05-17T19:19:11.487642	751	4.27000000e+02
1.64784157e+01	2022-05-17T19:19:11.496224	752	4.30000000e+02
1.64863786e+01	2022-05-17T19:19:11.505742	753	4.28000000e+02
1.64944729e+01	2022-05-17T19:19:11.507864	754	4.20000000e+02
1.65028232e+01	2022-05-17T19:19:11.518007	755	4.28000000e+02
1.65111157e+01	2022-05-17T19:19:11.528155	756	4.21000000e+02
1.65192532e+01	2022-05-17T19:19:11.538209	757	4.32000000e+02
1.65273639e+01	2022-05-17T19:19:11.546257	758	4.28000000e+02
1.65354014e+01	2022-05-17T19:19:11.548298	759	4.27000000e+02
1.65438118e+01	2022-05-17T19:19:11.558379	760	4.27000000e+02
1.65517947e+01	2022-05-17T19:19:11.568470	761	4.28000000e+02
1.65600032e+01	2022-05-17T19:19:11.578550	762	4.76000000e+02
1.65682287e+01	2022-05-17T19:19:11.586604	763	4.29000000e+02
1.65764006e+01	2022-05-17T19:19:11.588720	764	4.27000000e+02
1.65846282e+01	2022-05-17T19:19:11.598799	765	4.27000000e+02
1.65928503e+01	2022-05-17T19:19:11.609004	766	4.29000000e+02
1.66009914e+01	2022-05-17T19:19:11.619291	767	4.73000000e+02
1.66090927e+01	2022-05-17T19:19:11.627462	768	4.32000000e+02
1.66172341e+01	2022-05-17T19:19:11.629626	769	4.27000000e+02
1.66256100e+01	2022-05-17T19:19:11.639918	770	4.34000000e+02
1.66337015e+01	2022-05-17T19:19:11.650249	771	4.33000000e+02
1.66420795e+01	2022-05-17T19:19:11.660408	772	4.34000000e+02
1.66500471e+01	2022-05-17T19:19:11.668528	773	4.31000000e+02
1.66581691e+01	2022-05-17T19:19:11.670616	774	4.27000000e+02
1.66663773e+01	2022-05-17T19:19:11.680896	775	4.47000000e+02
1.66745689e+01	2022-05-17T19:19:11.691217	776	4.29000000e+02
1.66828805e+01	2022-05-17T19:19:11.701277	777	4.61000000e+02
1.66909663e+01	2022-05-17T19:19:11.709441	778	4.32000000e+02
1.66991414e+01	2022-05-17T19:19:11.711611	779	4.28000000e+02
1.67073182e+01	2022-05-17T19:19:11.721909	780	4.77000000e+02
1.67155055e+01	2022-05-17T19:19:11.732181	781	4.30000000e+02
1.67238419e+01	2022-05-17T19:19:11.742400	782	4.59000000e+02
1.67319513e+01	2022-05-17T19:19:11.750491	783	4.32000000e+02
1.67410043e+01	2022-05-17T19:19:11.752668	784	4.27000000e+02
1.67489817e+01	2022-05-17T19:19:11.760716	785	4.28000000e+02
1.67571356e+01	2022-05-17T19:19:11.771097	786	4.79000000e+02
1.67653513e+01	2022-05-17T19:19:11.771097	787	4.30000000e+02
1.67735640e+01	2022-05-17T19:19:11.787099	788	4.27000000e+02
1.67817252e+01	2022-05-17T19:19:11.787099	789	4.35000000e+02
1.67907897e+01	2022-05-17T19:19:11.802718	790	4.29000000e+02
1.68017126e+01	2022-05-17T19:19:11.817965	791	4.28000000e+02
1.68101627e+01	2022-05-17T19:19:11.817965	792	4.29000000e+02
1.68183140e+01	2022-05-17T19:19:11.833588	793	4.28000000e+02
1.68263870e+01	2022-05-17T19:19:11.833588	794	4.78000000e+02
1.68351472e+01	2022-05-17T19:19:11.849730	795	4.71000000e+02
1.68438633e+01	2022-05-17T19:19:11.849730	796	4.54000000e+02
1.68554235e+01	2022-05-17T19:19:11.871832	797	4.28000000e+02
1.68637329e+01	2022-05-17T19:19:11.871832	798	4.35000000e+02
1.68716381e+01	2022-05-17T19:19:11.888119	799	4.30000000e+02
1.68799769e+01	2022-05-17T19:19:11.888119	800	4.62000000e+02
1.68884116e+01	2022-05-17T19:19:11.903704	801	4.28000000e+02
1.68965533e+01	2022-05-17T19:19:11.903704	802	4.29000000e+02
1.69048043e+01	2022-05-17T19:19:11.919278	803	4.30000000e+02
1.69123963e+01	2022-05-17T19:19:11.919278	804	4.38000000e+02
1.69212169e+01	2022-05-17T19:19:11.934895	805	4.36000000e+02
1.69289626e+01	2022-05-17T19:19:11.934895	806	4.38000000e+02
1.69376405e+01	2022-05-17T19:19:11.950462	807	4.77000000e+02
1.69494571e+01	2022-05-17T19:19:11.966103	808	4.39000000e+02
1.69580652e+01	2022-05-17T19:19:11.972704	809	4.65000000e+02
1.69662761e+01	2022-05-17T19:19:11.972704	810	4.31000000e+02
1.69744061e+01	2022-05-17T19:19:11.988909	811	4.27000000e+02
1.69826418e+01	2022-05-17T19:19:11.988909	812	4.40000000e+02
1.69908457e+01	2022-05-17T19:19:12.004488	813	4.28000000e+02
1.69989953e+01	2022-05-17T19:19:12.004488	814	4.20000000e+02
1.70072789e+01	2022-05-17T19:19:12.020056	815	4.30000000e+02
1.70192280e+01	2022-05-17T19:19:12.035710	816	4.28000000e+02
1.70279901e+01	2022-05-17T19:19:12.035710	817	4.28000000e+02
1.70397269e+01	2022-05-17T19:19:12.051424	818	4.28000000e+02
1.70481475e+01	2022-05-17T19:19:12.066437	819	4.28000000e+02
1.70562800e+01	2022-05-17T19:19:12.073620	820	4.29000000e+02
1.70644892e+01	2022-05-17T19:19:12.073620	821	4.76000000e+02
1.70722033e+01	2022-05-17T19:19:12.089896	822	4.60000000e+02
1.70808479e+01	2022-05-17T19:19:12.089896	823	4.27000000e+02
1.70889910e+01	2022-05-17T19:19:12.105401	824	4.28000000e+02
1.70971963e+01	2022-05-17T19:19:12.105401	825	4.28000000e+02
1.71054242e+01	2022-05-17T19:19:12.121080	826	4.71000000e+02
1.71135909e+01	2022-05-17T19:19:12.121080	827	4.31000000e+02
1.71218599e+01	2022-05-17T19:19:12.136664	828	4.26000000e+02
1.71298997e+01	2022-05-17T19:19:12.136664	829	4.28000000e+02
1.71377779e+01	2022-05-17T19:19:12.152263	830	4.41000000e+02
1.71467115e+01	2022-05-17T19:19:12.152263	831	4.32000000e+02
1.71588035e+01	2022-05-17T19:19:12.174890	832	4.28000000e+02
1.71709019e+01	2022-05-17T19:19:12.174890	833	4.28000000e+02
1.71789135e+01	2022-05-17T19:19:12.190528	834	4.33000000e+02
1.71879090e+01	2022-05-17T19:19:12.206181	835	4.29000000e+02
1.72073277e+01	2022-05-17T19:19:12.221767	836	4.27000000e+02
1.72268566e+01	2022-05-17T19:19:12.237380	837	4.27000000e+02
1.72480615e+01	2022-05-17T19:19:12.252999	838	4.26000000e+02
1.72609458e+01	2022-05-17T19:19:12.275129	839	4.31000000e+02
1.72689927e+01	2022-05-17T19:19:12.275129	840	4.30000000e+02
1.72770098e+01	2022-05-17T19:19:12.290757	841	4.24000000e+02
1.72851124e+01	2022-05-17T19:19:12.290757	842	4.28000000e+02
1.73087984e+01	2022-05-17T19:19:12.322613	843	4.27000000e+02
1.73191027e+01	2022-05-17T19:19:12.338268	844	4.22000000e+02
1.73419513e+01	2022-05-17T19:19:12.353855	845	4.29000000e+02
1.73527120e+01	2022-05-17T19:19:12.369477	846	4.32000000e+02
1.73641087e+01	2022-05-17T19:19:12.375051	847	4.27000000e+02
1.73869626e+01	2022-05-17T19:19:12.406299	848	4.31000000e+02
1.73974942e+01	2022-05-17T19:19:12.406299	849	4.27000000e+02
1.74221985e+01	2022-05-17T19:19:12.437542	850	4.28000000e+02
1.74331707e+01	2022-05-17T19:19:12.437542	851	4.20000000e+02
1.74409294e+01	2022-05-17T19:19:12.453162	852	4.28000000e+02
1.74489668e+01	2022-05-17T19:19:12.453162	853	4.41000000e+02
1.74642534e+01	2022-05-17T19:19:12.475287	854	4.27000000e+02
1.75009965e+01	2022-05-17T19:19:12.507210	855	4.29000000e+02
1.75104694e+01	2022-05-17T19:19:12.522827	856	4.61000000e+02
1.75193810e+01	2022-05-17T19:19:12.538380	857	4.27000000e+02
1.75440653e+01	2022-05-17T19:19:12.554001	858	4.37000000e+02
1.75734115e+01	2022-05-17T19:19:12.591254	859	4.28000000e+02
1.75840162e+01	2022-05-17T19:19:12.591254	860	4.30000000e+02
1.75922877e+01	2022-05-17T19:19:12.606875	861	4.61000000e+02
1.76005060e+01	2022-05-17T19:19:12.606875	862	4.28000000e+02
1.76203913e+01	2022-05-17T19:19:12.638123	863	4.27000000e+02
1.76673887e+01	2022-05-17T19:19:12.675870	864	4.26000000e+02
1.76798001e+01	2022-05-17T19:19:12.691498	865	4.28000000e+02
1.77179896e+01	2022-05-17T19:19:12.722741	866	4.40000000e+02
1.77265542e+01	2022-05-17T19:19:12.738361	867	4.29000000e+02
1.77429103e+01	2022-05-17T19:19:12.753984	868	4.35000000e+02
1.77941672e+01	2022-05-17T19:19:12.807364	869	4.27000000e+02
1.78095313e+01	2022-05-17T19:19:12.822987	870	4.28000000e+02
1.78178189e+01	2022-05-17T19:19:12.822987	871	4.43000000e+02
1.78260127e+01	2022-05-17T19:19:12.838604	872	4.28000000e+02
1.78350295e+01	2022-05-17T19:19:12.854228	873	4.31000000e+02
1.79036720e+01	2022-05-17T19:19:12.907609	874	4.75000000e+02
1.79191188e+01	2022-05-17T19:19:12.923228	875	4.20000000e+02
1.79299349e+01	2022-05-17T19:19:12.938851	876	4.20000000e+02
1.79416388e+01	2022-05-17T19:19:12.954475	877	4.65000000e+02
1.79749812e+01	2022-05-17T19:19:12.992236	878	4.20000000e+02
1.80196524e+01	2022-05-17T19:19:13.037499	879	4.69000000e+02
1.80343279e+01	2022-05-17T19:19:13.053478	880	4.24000000e+02
1.80436653e+01	2022-05-17T19:19:13.061470	881	4.28000000e+02
1.80551662e+01	2022-05-17T19:19:13.072997	882	4.31000000e+02
1.80842835e+01	2022-05-17T19:19:13.100960	883	4.33000000e+02
1.80954763e+01	2022-05-17T19:19:13.112945	884	4.29000000e+02
1.81154773e+01	2022-05-17T19:19:13.132916	885	4.28000000e+02
1.81546099e+01	2022-05-17T19:19:13.172863	886	4.33000000e+02
1.81659481e+01	2022-05-17T19:19:13.184847	887	4.58000000e+02
1.81748261e+01	2022-05-17T19:19:13.192836	888	4.28000000e+02
1.82057058e+01	2022-05-17T19:19:13.224792	889	4.32000000e+02
1.82404058e+01	2022-05-17T19:19:13.248500	890	4.30000000e+02
1.82583973e+01	2022-05-17T19:19:13.277146	891	4.27000000e+02
1.82696272e+01	2022-05-17T19:19:13.277146	892	4.20000000e+02
1.82808696e+01	2022-05-17T19:19:13.299926	893	4.27000000e+02
1.82904185e+01	2022-05-17T19:19:13.309899	894	4.28000000e+02
1.83030635e+01	2022-05-17T19:19:13.321866	895	4.27000000e+02
1.83746649e+01	2022-05-17T19:19:13.392747	896	4.33000000e+02
1.83902236e+01	2022-05-17T19:19:13.408369	897	4.27000000e+02
1.83993288e+01	2022-05-17T19:19:13.408369	898	4.41000000e+02
1.84079752e+01	2022-05-17T19:19:13.423989	899	4.27000000e+02
1.84157922e+01	2022-05-17T19:19:13.423989	900	4.28000000e+02
1.84433009e+01	2022-05-17T19:19:13.455233	901	4.39000000e+02
1.84914146e+01	2022-05-17T19:19:13.509074	902	4.33000000e+02
1.84979277e+01	2022-05-17T19:19:13.517062	903	4.26000000e+02
1.85064102e+01	2022-05-17T19:19:13.525051	904	4.28000000e+02
1.85181461e+01	2022-05-17T19:19:13.537036	905	4.28000000e+02
1.85268724e+01	2022-05-17T19:19:13.545028	906	4.28000000e+02
1.85565008e+01	2022-05-17T19:19:13.572989	907	4.34000000e+02
1.85952236e+01	2022-05-17T19:19:13.606355	908	4.27000000e+02
1.86106203e+01	2022-05-17T19:19:13.628353	909	4.26000000e+02
1.86203016e+01	2022-05-17T19:19:13.639348	910	4.29000000e+02
1.86306724e+01	2022-05-17T19:19:13.639348	911	4.39000000e+02
1.86410839e+01	2022-05-17T19:19:13.657510	912	4.21000000e+02
1.86492514e+01	2022-05-17T19:19:13.657510	913	4.27000000e+02
1.86727054e+01	2022-05-17T19:19:13.681225	914	4.79000000e+02
1.86844538e+01	2022-05-17T19:19:13.696858	915	4.32000000e+02
1.87113701e+01	2022-05-17T19:19:13.725306	916	4.21000000e+02
1.87231346e+01	2022-05-17T19:19:13.737299	917	4.22000000e+02
1.87375794e+01	2022-05-17T19:19:13.749392	918	4.27000000e+02
1.87524489e+01	2022-05-17T19:19:13.768419	919	4.28000000e+02
1.87836967e+01	2022-05-17T19:19:13.797056	920	4.24000000e+02
1.87930522e+01	2022-05-17T19:19:13.797056	921	4.30000000e+02
1.88010937e+01	2022-05-17T19:19:13.812675	922	4.28000000e+02
1.88088868e+01	2022-05-17T19:19:13.828296	923	4.28000000e+02
1.88277613e+01	2022-05-17T19:19:13.843917	924	4.20000000e+02
1.88396735e+01	2022-05-17T19:19:13.843917	925	4.29000000e+02
1.88699607e+01	2022-05-17T19:19:13.881665	926	4.29000000e+02
1.88798266e+01	2022-05-17T19:19:13.897296	927	4.30000000e+02
1.88907361e+01	2022-05-17T19:19:13.897296	928	4.29000000e+02
1.89503716e+01	2022-05-17T19:19:13.959776	929	4.27000000e+02
1.89531183e+01	2022-05-17T19:19:13.959776	930	4.26000000e+02
1.89654378e+01	2022-05-17T19:19:13.981915	931	4.31000000e+02
1.89776652e+01	2022-05-17T19:19:13.981915	932	4.34000000e+02
1.89890728e+01	2022-05-17T19:19:13.997547	933	4.33000000e+02
1.90234331e+01	2022-05-17T19:19:14.028803	934	4.79000000e+02
1.90646826e+01	2022-05-17T19:19:14.082174	935	4.26000000e+02
1.90750770e+01	2022-05-17T19:19:14.082174	936	4.28000000e+02
1.90836489e+01	2022-05-17T19:19:14.101778	937	4.28000000e+02
1.90914073e+01	2022-05-17T19:19:14.101778	938	4.31000000e+02
1.90997168e+01	2022-05-17T19:19:14.111821	939	4.28000000e+02
1.91079166e+01	2022-05-17T19:19:14.111821	940	4.33000000e+02
1.91344525e+01	2022-05-17T19:19:14.143068	941	4.34000000e+02
1.91644947e+01	2022-05-17T19:19:14.182316	942	4.32000000e+02
1.91733241e+01	2022-05-17T19:19:14.182316	943	4.33000000e+02
1.91820771e+01	2022-05-17T19:19:14.197942	944	4.36000000e+02
1.91904373e+01	2022-05-17T19:19:14.197942	945	4.20000000e+02
1.92254951e+01	2022-05-17T19:19:14.244177	946	4.24000000e+02
1.92645023e+01	2022-05-17T19:19:14.280452	947	4.27000000e+02
1.92757082e+01	2022-05-17T19:19:14.292445	948	4.31000000e+02
1.92850449e+01	2022-05-17T19:19:14.304419	949	4.32000000e+02
1.93442685e+01	2022-05-17T19:19:14.362362	950	4.26000000e+02
1.93568281e+01	2022-05-17T19:19:14.373240	951	4.26000000e+02
1.93662143e+01	2022-05-17T19:19:14.384790	952	4.70000000e+02
1.93746422e+01	2022-05-17T19:19:14.384790	953	4.28000000e+02
1.93833326e+01	2022-05-17T19:19:14.400827	954	4.28000000e+02
1.93953389e+01	2022-05-17T19:19:14.400827	955	4.32000000e+02
1.94171677e+01	2022-05-17T19:19:14.431659	956	4.41000000e+02
1.94549810e+01	2022-05-17T19:19:14.462937	957	4.63000000e+02
1.94641961e+01	2022-05-17T19:19:14.478595	958	4.30000000e+02
1.94722573e+01	2022-05-17T19:19:14.485196	959	4.28000000e+02
1.94803631e+01	2022-05-17T19:19:14.485196	960	4.70000000e+02
1.95045204e+01	2022-05-17T19:19:14.517603	961	4.34000000e+02
1.95464053e+01	2022-05-17T19:19:14.564468	962	4.19000000e+02
1.95500395e+01	2022-05-17T19:19:14.564468	963	4.28000000e+02
1.95586497e+01	2022-05-17T19:19:14.564468	964	4.37000000e+02
1.95665443e+01	2022-05-17T19:19:14.585104	965	4.33000000e+02
1.95748463e+01	2022-05-17T19:19:14.585104	966	4.28000000e+02
1.95917870e+01	2022-05-17T19:19:14.600749	967	4.31000000e+02
1.96007108e+01	2022-05-17T19:19:14.616352	968	4.30000000e+02
1.96319610e+01	2022-05-17T19:19:14.647593	969	4.44000000e+02
1.96488976e+01	2022-05-17T19:19:14.663218	970	4.26000000e+02
1.96567195e+01	2022-05-17T19:19:14.663218	971	4.28000000e+02
1.96650970e+01	2022-05-17T19:19:14.678836	972	4.31000000e+02
1.96735218e+01	2022-05-17T19:19:14.685387	973	4.83000000e+02
1.97032376e+01	2022-05-17T19:19:14.716640	974	4.35000000e+02
1.97389703e+01	2022-05-17T19:19:14.747918	975	4.26000000e+02
1.97508945e+01	2022-05-17T19:19:14.763500	976	4.30000000e+02
1.97591307e+01	2022-05-17T19:19:14.763500	977	4.28000000e+02
1.97674086e+01	2022-05-17T19:19:14.785707	978	4.41000000e+02
1.97754549e+01	2022-05-17T19:19:14.785707	979	4.31000000e+02
1.97858165e+01	2022-05-17T19:19:14.801347	980	4.27000000e+02
1.98429425e+01	2022-05-17T19:19:14.848250	981	4.64000000e+02
1.98607976e+01	2022-05-17T19:19:14.879441	982	4.27000000e+02
1.98707505e+01	2022-05-17T19:19:14.886002	983	4.60000000e+02
1.98842271e+01	2022-05-17T19:19:14.901629	984	4.27000000e+02
1.98954646e+01	2022-05-17T19:19:14.901629	985	4.36000000e+02
1.99239403e+01	2022-05-17T19:19:14.932880	986	4.26000000e+02
1.99348345e+01	2022-05-17T19:19:14.948507	987	4.27000000e+02
2.00048337e+01	2022-05-17T19:19:15.017542	988	4.26000000e+02
2.00142735e+01	2022-05-17T19:19:15.033164	989	4.27000000e+02
2.00250854e+01	2022-05-17T19:19:15.033164	990	4.33000000e+02
2.00360502e+01	2022-05-17T19:19:15.048794	991	4.28000000e+02
2.00619591e+01	2022-05-17T19:19:15.080039	992	4.27000000e+02
2.00829013e+01	2022-05-17T19:19:15.102176	993	4.21000000e+02
2.01100520e+01	2022-05-17T19:19:15.117798	994	4.33000000e+02
2.01197021e+01	2022-05-17T19:19:15.133422	995	4.33000000e+02
2.01277325e+01	2022-05-17T19:19:15.133422	996	4.30000000e+02
2.01359792e+01	2022-05-17T19:19:15.149051	997	4.27000000e+02
2.01456473e+01	2022-05-17T19:19:15.164675	998	4.70000000e+02
2.02028447e+01	2022-05-17T19:19:15.218036	999	4.28000000e+02
2.02123235e+01	2022-05-17T19:19:15.218036	1000	4.54000000e+02