Time elapsed	Time stamp	Loop Index	GP2Y ADC
s			Cts

5.01684740e+00	2022-05-17T19:19:37.528729	1	4.70000000e+02
5.02612610e+00	2022-05-17T19:19:37.537558	2	4.77000000e+02
5.04089170e+00	2022-05-17T19:19:37.553540	3	4.73000000e+02
5.05742690e+00	2022-05-17T19:19:37.568247	4	4.72000000e+02
5.07957430e+00	2022-05-17T19:19:37.589191	5	4.72000000e+02
5.09978040e+00	2022-05-17T19:19:37.613160	6	5.17000000e+02
5.11165530e+00	2022-05-17T19:19:37.624698	7	4.96000000e+02
5.12010360e+00	2022-05-17T19:19:37.632035	8	4.74000000e+02
5.13256860e+00	2022-05-17T19:19:37.645720	9	4.75000000e+02
5.15323350e+00	2022-05-17T19:19:37.666383	10	4.70000000e+02
5.15825250e+00	2022-05-17T19:19:37.670382	11	4.74000000e+02
5.17033410e+00	2022-05-17T19:19:37.682380	12	4.80000000e+02
5.18133920e+00	2022-05-17T19:19:37.693392	13	4.75000000e+02
5.18965990e+00	2022-05-17T19:19:37.701619	14	5.22000000e+02
5.20191930e+00	2022-05-17T19:19:37.713833	15	4.74000000e+02
5.21411980e+00	2022-05-17T19:19:37.726141	16	4.94000000e+02
5.23404630e+00	2022-05-17T19:19:37.746277	17	4.73000000e+02
5.25160860e+00	2022-05-17T19:19:37.762257	18	4.77000000e+02
5.26323200e+00	2022-05-17T19:19:37.775268	19	4.76000000e+02
5.27161200e+00	2022-05-17T19:19:37.784689	20	5.25000000e+02
5.29725890e+00	2022-05-17T19:19:37.809748	21	5.22000000e+02
5.30045220e+00	2022-05-17T19:19:37.813743	22	4.72000000e+02
5.31725520e+00	2022-05-17T19:19:37.829722	23	4.73000000e+02
5.32852390e+00	2022-05-17T19:19:37.838444	24	4.79000000e+02
5.33682650e+00	2022-05-17T19:19:37.848850	25	4.70000000e+02
5.34527310e+00	2022-05-17T19:19:37.857004	26	4.75000000e+02
5.35355870e+00	2022-05-17T19:19:37.865278	27	4.73000000e+02
5.37343540e+00	2022-05-17T19:19:37.883657	28	4.76000000e+02
5.38580360e+00	2022-05-17T19:19:37.895641	29	5.27000000e+02
5.39388300e+00	2022-05-17T19:19:37.903631	30	4.73000000e+02
5.40275060e+00	2022-05-17T19:19:37.915360	31	4.77000000e+02
5.41482180e+00	2022-05-17T19:19:37.926856	32	4.74000000e+02
5.42315240e+00	2022-05-17T19:19:37.935076	33	4.77000000e+02
5.44132670e+00	2022-05-17T19:19:37.954498	34	4.87000000e+02
5.45666760e+00	2022-05-17T19:19:37.969670	35	4.73000000e+02
5.46942990e+00	2022-05-17T19:19:37.981659	36	4.73000000e+02
5.48043610e+00	2022-05-17T19:19:37.992388	37	5.20000000e+02
5.49299470e+00	2022-05-17T19:19:38.004389	38	4.72000000e+02
5.51643100e+00	2022-05-17T19:19:38.029083	39	4.91000000e+02
5.53516980e+00	2022-05-17T19:19:38.046686	40	4.84000000e+02
5.54550220e+00	2022-05-17T19:19:38.057419	41	4.74000000e+02
5.55419400e+00	2022-05-17T19:19:38.066219	42	4.74000000e+02
5.56666490e+00	2022-05-17T19:19:38.078468	43	4.78000000e+02
5.58559780e+00	2022-05-17T19:19:38.095492	44	4.75000000e+02
5.60481220e+00	2022-05-17T19:19:38.115467	45	4.74000000e+02
5.61551530e+00	2022-05-17T19:19:38.127520	46	4.76000000e+02
5.62420730e+00	2022-05-17T19:19:38.135707	47	4.83000000e+02
5.64867280e+00	2022-05-17T19:19:38.158529	48	4.76000000e+02
5.66580710e+00	2022-05-17T19:19:38.178502	49	4.72000000e+02
5.67807390e+00	2022-05-17T19:19:38.188548	50	4.74000000e+02
5.68933200e+00	2022-05-17T19:19:38.202380	51	4.96000000e+02
5.71349650e+00	2022-05-17T19:19:38.226389	52	4.77000000e+02
5.71507260e+00	2022-05-17T19:19:38.226389	53	4.79000000e+02
5.73298470e+00	2022-05-17T19:19:38.246367	54	4.70000000e+02
5.73836750e+00	2022-05-17T19:19:38.250397	55	4.77000000e+02
5.74647710e+00	2022-05-17T19:19:38.259544	56	4.75000000e+02
5.75457600e+00	2022-05-17T19:19:38.267541	57	4.91000000e+02
5.76281280e+00	2022-05-17T19:19:38.274901	58	4.76000000e+02
5.78165770e+00	2022-05-17T19:19:38.294876	59	4.72000000e+02
5.80062910e+00	2022-05-17T19:19:38.312356	60	4.79000000e+02
5.81204500e+00	2022-05-17T19:19:38.325075	61	4.74000000e+02
5.82060640e+00	2022-05-17T19:19:38.332354	62	4.74000000e+02
5.83199510e+00	2022-05-17T19:19:38.342337	63	4.78000000e+02
5.85066020e+00	2022-05-17T19:19:38.362314	64	4.75000000e+02
5.86968940e+00	2022-05-17T19:19:38.382287	65	4.74000000e+02
5.87344950e+00	2022-05-17T19:19:38.385394	66	4.74000000e+02
5.88188020e+00	2022-05-17T19:19:38.393689	67	4.76000000e+02
5.90304370e+00	2022-05-17T19:19:38.415597	68	4.77000000e+02
5.91283800e+00	2022-05-17T19:19:38.423589	69	4.73000000e+02
5.92618890e+00	2022-05-17T19:19:38.439316	70	4.70000000e+02
5.93426960e+00	2022-05-17T19:19:38.447308	71	4.82000000e+02
5.94271560e+00	2022-05-17T19:19:38.454638	72	4.74000000e+02
5.95154160e+00	2022-05-17T19:19:38.463502	73	4.74000000e+02
5.96365070e+00	2022-05-17T19:19:38.475735	74	4.81000000e+02
5.99575720e+00	2022-05-17T19:19:38.508270	75	4.74000000e+02
6.00346760e+00	2022-05-17T19:19:38.516222	76	4.73000000e+02
6.01295630e+00	2022-05-17T19:19:38.524854	77	4.72000000e+02
6.02556860e+00	2022-05-17T19:19:38.536173	78	5.25000000e+02
6.04927990e+00	2022-05-17T19:19:38.558804	79	4.85000000e+02
6.05210060e+00	2022-05-17T19:19:38.562816	80	5.15000000e+02
6.06538270e+00	2022-05-17T19:19:38.574784	81	4.76000000e+02
6.07385770e+00	2022-05-17T19:19:38.585733	82	4.94000000e+02
6.08171230e+00	2022-05-17T19:19:38.593749	83	4.80000000e+02
6.09069940e+00	2022-05-17T19:19:38.602553	84	4.77000000e+02
6.09877690e+00	2022-05-17T19:19:38.610731	85	4.74000000e+02
6.10767950e+00	2022-05-17T19:19:38.618916	86	4.75000000e+02
6.13138790e+00	2022-05-17T19:19:38.642650	87	4.76000000e+02
6.13981020e+00	2022-05-17T19:19:38.650638	88	4.74000000e+02
6.15269950e+00	2022-05-17T19:19:38.662624	89	5.11000000e+02
6.16489840e+00	2022-05-17T19:19:38.675806	90	4.87000000e+02
6.18365440e+00	2022-05-17T19:19:38.695936	91	4.73000000e+02
6.19013530e+00	2022-05-17T19:19:38.699930	92	5.15000000e+02
6.20918010e+00	2022-05-17T19:19:38.719904	93	4.73000000e+02
6.21380430e+00	2022-05-17T19:19:38.725434	94	4.74000000e+02
6.22549500e+00	2022-05-17T19:19:38.737441	95	4.75000000e+02
6.23441130e+00	2022-05-17T19:19:38.746099	96	4.74000000e+02
6.24624750e+00	2022-05-17T19:19:38.758261	97	4.72000000e+02
6.27179980e+00	2022-05-17T19:19:38.784664	98	4.73000000e+02
6.28489800e+00	2022-05-17T19:19:38.796841	99	4.81000000e+02
6.29087500e+00	2022-05-17T19:19:38.802528	100	4.74000000e+02
6.29945270e+00	2022-05-17T19:19:38.811402	101	4.78000000e+02
6.30851980e+00	2022-05-17T19:19:38.819236	102	4.76000000e+02
6.33004070e+00	2022-05-17T19:19:38.839850	103	4.73000000e+02
6.34873660e+00	2022-05-17T19:19:38.859838	104	4.75000000e+02
6.35193070e+00	2022-05-17T19:19:38.863832	105	4.80000000e+02
6.36113060e+00	2022-05-17T19:19:38.873251	106	4.74000000e+02
6.37336400e+00	2022-05-17T19:19:38.885222	107	4.73000000e+02
6.39058570e+00	2022-05-17T19:19:38.901692	108	4.73000000e+02
6.41003840e+00	2022-05-17T19:19:38.922175	109	4.74000000e+02
6.41418560e+00	2022-05-17T19:19:38.926179	110	5.12000000e+02
6.42258500e+00	2022-05-17T19:19:38.934099	111	4.74000000e+02
6.43440310e+00	2022-05-17T19:19:38.946105	112	4.74000000e+02
6.44273860e+00	2022-05-17T19:19:38.955789	113	4.79000000e+02
6.46428560e+00	2022-05-17T19:19:38.975765	114	4.82000000e+02
6.48194590e+00	2022-05-17T19:19:38.991786	115	4.87000000e+02
6.48779730e+00	2022-05-17T19:19:38.999840	116	4.74000000e+02
6.49620620e+00	2022-05-17T19:19:39.009240	117	5.21000000e+02
6.50835160e+00	2022-05-17T19:19:39.019184	118	4.79000000e+02
6.51674440e+00	2022-05-17T19:19:39.029911	119	4.94000000e+02
6.53502240e+00	2022-05-17T19:19:39.047639	120	4.81000000e+02
6.55552290e+00	2022-05-17T19:19:39.067616	121	4.74000000e+02
6.56565490e+00	2022-05-17T19:19:39.078707	122	4.74000000e+02
6.57474750e+00	2022-05-17T19:19:39.085987	123	4.79000000e+02
6.59683850e+00	2022-05-17T19:19:39.107250	124	4.73000000e+02
6.61645770e+00	2022-05-17T19:19:39.127224	125	4.77000000e+02
6.62711280e+00	2022-05-17T19:19:39.139084	126	4.84000000e+02
6.63542390e+00	2022-05-17T19:19:39.148484	127	4.74000000e+02
6.66142780e+00	2022-05-17T19:19:39.172751	128	4.75000000e+02
6.66388890e+00	2022-05-17T19:19:39.176745	129	4.77000000e+02
6.68362910e+00	2022-05-17T19:19:39.196740	130	4.72000000e+02
6.69450850e+00	2022-05-17T19:19:39.206574	131	4.81000000e+02
6.70491670e+00	2022-05-17T19:19:39.218028	132	5.19000000e+02
6.71316560e+00	2022-05-17T19:19:39.225120	133	4.75000000e+02
6.73204090e+00	2022-05-17T19:19:39.243561	134	4.75000000e+02
6.75024560e+00	2022-05-17T19:19:39.263548	135	4.80000000e+02
6.75369290e+00	2022-05-17T19:19:39.266728	136	4.71000000e+02
6.76215750e+00	2022-05-17T19:19:39.273577	137	4.73000000e+02
6.76990760e+00	2022-05-17T19:19:39.281060	138	4.76000000e+02
6.77834410e+00	2022-05-17T19:19:39.289508	139	4.85000000e+02
6.78607890e+00	2022-05-17T19:19:39.297965	140	4.85000000e+02
6.80829240e+00	2022-05-17T19:19:39.321055	141	4.81000000e+02
6.82311510e+00	2022-05-17T19:19:39.333015	142	4.74000000e+02
6.83144140e+00	2022-05-17T19:19:39.344510	143	4.74000000e+02
6.84063680e+00	2022-05-17T19:19:39.352517	144	4.74000000e+02
6.85239480e+00	2022-05-17T19:19:39.364446	145	4.91000000e+02
6.86047890e+00	2022-05-17T19:19:39.373520	146	4.77000000e+02
6.86936420e+00	2022-05-17T19:19:39.380953	147	4.76000000e+02
6.89489140e+00	2022-05-17T19:19:39.406802	148	4.77000000e+02
6.91031620e+00	2022-05-17T19:19:39.422781	149	4.74000000e+02
6.92181990e+00	2022-05-17T19:19:39.434901	150	4.83000000e+02
6.93036710e+00	2022-05-17T19:19:39.442325	151	5.21000000e+02
6.94251310e+00	2022-05-17T19:19:39.454180	152	4.83000000e+02
6.96670420e+00	2022-05-17T19:19:39.478188	153	4.73000000e+02
6.98488560e+00	2022-05-17T19:19:39.494919	154	4.74000000e+02
6.99507510e+00	2022-05-17T19:19:39.506906	155	4.72000000e+02
7.00351580e+00	2022-05-17T19:19:39.514895	156	5.25000000e+02
7.01185770e+00	2022-05-17T19:19:39.522945	157	4.74000000e+02
7.01982930e+00	2022-05-17T19:19:39.531049	158	4.74000000e+02
7.05812190e+00	2022-05-17T19:19:39.571000	159	4.73000000e+02
7.07393750e+00	2022-05-17T19:19:39.586979	160	4.73000000e+02
7.07712090e+00	2022-05-17T19:19:39.586979	161	4.79000000e+02
7.08600380e+00	2022-05-17T19:19:39.597743	162	4.76000000e+02
7.09746010e+00	2022-05-17T19:19:39.610508	163	4.82000000e+02
7.12229340e+00	2022-05-17T19:19:39.634527	164	4.75000000e+02
7.12476550e+00	2022-05-17T19:19:39.634527	165	4.72000000e+02
7.13923330e+00	2022-05-17T19:19:39.650506	166	4.74000000e+02
7.14679310e+00	2022-05-17T19:19:39.658498	167	4.74000000e+02
7.15544440e+00	2022-05-17T19:19:39.667058	168	4.75000000e+02
7.16372300e+00	2022-05-17T19:19:39.676755	169	4.89000000e+02
7.18152620e+00	2022-05-17T19:19:39.693971	170	4.73000000e+02
7.19182830e+00	2022-05-17T19:19:39.701962	171	4.72000000e+02
7.20654460e+00	2022-05-17T19:19:39.717940	172	4.89000000e+02
7.21695850e+00	2022-05-17T19:19:39.728989	173	4.74000000e+02
7.22491620e+00	2022-05-17T19:19:39.737977	174	4.76000000e+02
7.23354440e+00	2022-05-17T19:19:39.745477	175	4.74000000e+02
7.25446690e+00	2022-05-17T19:19:39.765479	176	4.73000000e+02
7.27486290e+00	2022-05-17T19:19:39.785467	177	4.93000000e+02
7.28602510e+00	2022-05-17T19:19:39.798002	178	4.76000000e+02
7.29484850e+00	2022-05-17T19:19:39.806873	179	4.74000000e+02
7.31612810e+00	2022-05-17T19:19:39.828725	180	4.72000000e+02
7.33680390e+00	2022-05-17T19:19:39.848702	181	4.74000000e+02
7.34809110e+00	2022-05-17T19:19:39.860033	182	4.74000000e+02
7.36042380e+00	2022-05-17T19:19:39.871897	183	4.73000000e+02
7.38213430e+00	2022-05-17T19:19:39.892832	184	4.72000000e+02
7.39771470e+00	2022-05-17T19:19:39.908811	185	4.83000000e+02
7.40502940e+00	2022-05-17T19:19:39.916802	186	4.77000000e+02
7.41353290e+00	2022-05-17T19:19:39.924918	187	4.81000000e+02
7.42194400e+00	2022-05-17T19:19:39.933935	188	4.73000000e+02
7.44827920e+00	2022-05-17T19:19:39.958527	189	4.77000000e+02
7.46351600e+00	2022-05-17T19:19:39.974508	190	4.73000000e+02
7.47470070e+00	2022-05-17T19:19:39.985476	191	4.72000000e+02
7.48278930e+00	2022-05-17T19:19:39.994210	192	4.89000000e+02
7.49115000e+00	2022-05-17T19:19:40.002249	193	4.73000000e+02
7.51589750e+00	2022-05-17T19:19:40.027222	194	4.77000000e+02
7.53653890e+00	2022-05-17T19:19:40.049757	195	4.84000000e+02
7.54468270e+00	2022-05-17T19:19:40.056604	196	4.74000000e+02
7.55299510e+00	2022-05-17T19:19:40.064949	197	4.98000000e+02
7.56502090e+00	2022-05-17T19:19:40.078116	198	4.76000000e+02
7.57997900e+00	2022-05-17T19:19:40.090135	199	4.79000000e+02
7.59115380e+00	2022-05-17T19:19:40.103109	200	4.79000000e+02
7.61245200e+00	2022-05-17T19:19:40.123083	201	5.23000000e+02
7.62288360e+00	2022-05-17T19:19:40.134455	202	4.74000000e+02
7.63468770e+00	2022-05-17T19:19:40.146714	203	4.72000000e+02
7.64236830e+00	2022-05-17T19:19:40.155408	204	4.75000000e+02
7.66631850e+00	2022-05-17T19:19:40.179437	205	4.93000000e+02
7.68820430e+00	2022-05-17T19:19:40.199416	206	4.74000000e+02
7.70059890e+00	2022-05-17T19:19:40.212162	207	4.74000000e+02
7.71251550e+00	2022-05-17T19:19:40.224359	208	4.75000000e+02
7.72096700e+00	2022-05-17T19:19:40.232851	209	4.83000000e+02
7.73871710e+00	2022-05-17T19:19:40.249359	210	4.73000000e+02
7.75840810e+00	2022-05-17T19:19:40.269333	211	4.75000000e+02
7.76110190e+00	2022-05-17T19:19:40.273328	212	4.76000000e+02
7.76992720e+00	2022-05-17T19:19:40.281900	213	4.75000000e+02
7.78223430e+00	2022-05-17T19:19:40.294280	214	5.28000000e+02
7.80152750e+00	2022-05-17T19:19:40.312398	215	5.23000000e+02
7.82351200e+00	2022-05-17T19:19:40.332953	216	4.76000000e+02
7.83595100e+00	2022-05-17T19:19:40.347434	217	5.26000000e+02
7.86231030e+00	2022-05-17T19:19:40.372038	218	4.73000000e+02
7.87041780e+00	2022-05-17T19:19:40.383569	219	4.75000000e+02
7.88564330e+00	2022-05-17T19:19:40.395555	220	4.90000000e+02
7.89667460e+00	2022-05-17T19:19:40.410000	221	4.80000000e+02
7.90536980e+00	2022-05-17T19:19:40.418226	222	4.91000000e+02
7.92858690e+00	2022-05-17T19:19:40.438288	223	4.76000000e+02
7.94493890e+00	2022-05-17T19:19:40.458177	224	4.72000000e+02
7.95424950e+00	2022-05-17T19:19:40.466191	225	4.78000000e+02
7.96244460e+00	2022-05-17T19:19:40.475506	226	4.74000000e+02
7.98564960e+00	2022-05-17T19:19:40.495481	227	4.84000000e+02
8.00847500e+00	2022-05-17T19:19:40.520038	228	4.72000000e+02
8.01958760e+00	2022-05-17T19:19:40.531582	229	4.82000000e+02
8.02766950e+00	2022-05-17T19:19:40.539512	230	4.76000000e+02
8.04921930e+00	2022-05-17T19:19:40.559381	231	4.73000000e+02
8.07025350e+00	2022-05-17T19:19:40.583351	232	4.90000000e+02
8.07691530e+00	2022-05-17T19:19:40.589948	233	5.21000000e+02
8.08546700e+00	2022-05-17T19:19:40.597958	234	4.75000000e+02
8.09755520e+00	2022-05-17T19:19:40.609546	235	4.85000000e+02
8.10623150e+00	2022-05-17T19:19:40.617568	236	5.28000000e+02
8.12188710e+00	2022-05-17T19:19:40.633575	237	5.22000000e+02
8.14000050e+00	2022-05-17T19:19:40.649565	238	4.73000000e+02
8.15039610e+00	2022-05-17T19:19:40.662050	239	4.77000000e+02
8.15884440e+00	2022-05-17T19:19:40.670441	240	5.23000000e+02
8.16726120e+00	2022-05-17T19:19:40.679075	241	4.74000000e+02
8.19300930e+00	2022-05-17T19:19:40.703832	242	4.74000000e+02
8.21026140e+00	2022-05-17T19:19:40.719811	243	4.75000000e+02
8.22037780e+00	2022-05-17T19:19:40.732402	244	4.98000000e+02
8.22868490e+00	2022-05-17T19:19:40.741696	245	4.75000000e+02
8.23689680e+00	2022-05-17T19:19:40.748863	246	5.18000000e+02
8.25436350e+00	2022-05-17T19:19:40.764948	247	5.04000000e+02
8.27671800e+00	2022-05-17T19:19:40.788963	248	4.73000000e+02
8.28179680e+00	2022-05-17T19:19:40.793780	249	4.74000000e+02
8.29026100e+00	2022-05-17T19:19:40.801846	250	4.75000000e+02
8.31705090e+00	2022-05-17T19:19:40.828675	251	4.79000000e+02
8.34125510e+00	2022-05-17T19:19:40.852648	252	4.77000000e+02
8.35147690e+00	2022-05-17T19:19:40.864536	253	4.77000000e+02
8.36027760e+00	2022-05-17T19:19:40.871294	254	4.73000000e+02
8.38421170e+00	2022-05-17T19:19:40.895271	255	4.75000000e+02
8.39164480e+00	2022-05-17T19:19:40.903292	256	4.74000000e+02
8.40822930e+00	2022-05-17T19:19:40.919278	257	4.74000000e+02
8.41642420e+00	2022-05-17T19:19:40.929597	258	4.93000000e+02
8.42488580e+00	2022-05-17T19:19:40.936809	259	4.75000000e+02
8.43284180e+00	2022-05-17T19:19:40.945858	260	4.74000000e+02
8.44180880e+00	2022-05-17T19:19:40.953182	261	4.74000000e+02
8.45947680e+00	2022-05-17T19:19:40.969832	262	4.85000000e+02
8.47633510e+00	2022-05-17T19:19:40.985810	263	4.73000000e+02
8.48692220e+00	2022-05-17T19:19:40.998638	264	4.83000000e+02
8.49890310e+00	2022-05-17T19:19:41.011971	265	4.75000000e+02
8.50688740e+00	2022-05-17T19:19:41.019981	266	4.75000000e+02
8.51547850e+00	2022-05-17T19:19:41.027397	267	4.74000000e+02
8.53386880e+00	2022-05-17T19:19:41.044402	268	5.12000000e+02
8.55118550e+00	2022-05-17T19:19:41.064376	269	4.90000000e+02
8.56021810e+00	2022-05-17T19:19:41.073290	270	4.80000000e+02
8.56875920e+00	2022-05-17T19:19:41.081297	271	4.91000000e+02
8.58079060e+00	2022-05-17T19:19:41.092784	272	4.77000000e+02
8.60061560e+00	2022-05-17T19:19:41.110649	273	4.78000000e+02
8.62465610e+00	2022-05-17T19:19:41.134581	274	4.75000000e+02
8.63400240e+00	2022-05-17T19:19:41.145976	275	4.74000000e+02
8.64184920e+00	2022-05-17T19:19:41.153646	276	5.22000000e+02
8.65767480e+00	2022-05-17T19:19:41.170284	277	5.06000000e+02
8.66705120e+00	2022-05-17T19:19:41.178296	278	4.74000000e+02
8.69011790e+00	2022-05-17T19:19:41.202278	279	4.79000000e+02
8.69517150e+00	2022-05-17T19:19:41.206267	280	4.75000000e+02
8.70384160e+00	2022-05-17T19:19:41.216908	281	4.75000000e+02
8.71579700e+00	2022-05-17T19:19:41.228867	282	4.74000000e+02
8.72406980e+00	2022-05-17T19:19:41.237128	283	4.79000000e+02
8.74510000e+00	2022-05-17T19:19:41.257788	284	4.75000000e+02
8.76295380e+00	2022-05-17T19:19:41.273768	285	4.91000000e+02
8.77317990e+00	2022-05-17T19:19:41.285754	286	4.75000000e+02
8.78156750e+00	2022-05-17T19:19:41.293577	287	4.82000000e+02
8.79070280e+00	2022-05-17T19:19:41.302248	288	4.74000000e+02
8.80225590e+00	2022-05-17T19:19:41.313899	289	4.77000000e+02
8.82238940e+00	2022-05-17T19:19:41.334626	290	4.74000000e+02
8.83937140e+00	2022-05-17T19:19:41.351811	291	4.75000000e+02
8.85113680e+00	2022-05-17T19:19:41.364173	292	4.76000000e+02
8.85908060e+00	2022-05-17T19:19:41.371108	293	4.74000000e+02
8.86761860e+00	2022-05-17T19:19:41.380697	294	4.74000000e+02
8.89398910e+00	2022-05-17T19:19:41.405489	295	5.07000000e+02
8.89840500e+00	2022-05-17T19:19:41.410403	296	4.72000000e+02
8.92038440e+00	2022-05-17T19:19:41.430417	297	4.74000000e+02
8.92835320e+00	2022-05-17T19:19:41.438862	298	4.75000000e+02
8.93737280e+00	2022-05-17T19:19:41.449274	299	4.74000000e+02
8.95587340e+00	2022-05-17T19:19:41.465760	300	4.76000000e+02
8.97951250e+00	2022-05-17T19:19:41.490255	301	4.87000000e+02
8.98646480e+00	2022-05-17T19:19:41.499522	302	4.75000000e+02
8.99862350e+00	2022-05-17T19:19:41.510594	303	4.75000000e+02
9.01874350e+00	2022-05-17T19:19:41.531899	304	4.76000000e+02
9.04216810e+00	2022-05-17T19:19:41.552154	305	4.77000000e+02
9.05182770e+00	2022-05-17T19:19:41.564891	306	4.88000000e+02
9.06034310e+00	2022-05-17T19:19:41.572236	307	4.74000000e+02
9.07256530e+00	2022-05-17T19:19:41.584351	308	4.78000000e+02
9.09111870e+00	2022-05-17T19:19:41.601055	309	4.74000000e+02
9.10919620e+00	2022-05-17T19:19:41.618999	310	5.09000000e+02
9.12262630e+00	2022-05-17T19:19:41.632835	311	4.87000000e+02
9.12477650e+00	2022-05-17T19:19:41.636820	312	5.22000000e+02
9.13379090e+00	2022-05-17T19:19:41.646859	313	4.84000000e+02
9.14152560e+00	2022-05-17T19:19:41.653428	314	4.74000000e+02
9.15009200e+00	2022-05-17T19:19:41.663156	315	4.72000000e+02
9.15827850e+00	2022-05-17T19:19:41.669954	316	4.80000000e+02
9.17716610e+00	2022-05-17T19:19:41.687034	317	4.72000000e+02
9.20144390e+00	2022-05-17T19:19:41.711510	318	4.74000000e+02
9.21152130e+00	2022-05-17T19:19:41.724540	319	4.74000000e+02
9.21998370e+00	2022-05-17T19:19:41.731870	320	4.74000000e+02
9.23977170e+00	2022-05-17T19:19:41.752892	321	4.72000000e+02
9.26314330e+00	2022-05-17T19:19:41.773242	322	4.74000000e+02
9.27289130e+00	2022-05-17T19:19:41.784815	323	4.74000000e+02
9.28137210e+00	2022-05-17T19:19:41.794425	324	4.77000000e+02
9.30780890e+00	2022-05-17T19:19:41.819832	325	4.70000000e+02
9.33007980e+00	2022-05-17T19:19:41.841246	326	4.75000000e+02
9.33859820e+00	2022-05-17T19:19:41.849274	327	4.74000000e+02
9.34703340e+00	2022-05-17T19:19:41.858847	328	4.74000000e+02
9.35875440e+00	2022-05-17T19:19:41.871812	329	4.74000000e+02
9.36751930e+00	2022-05-17T19:19:41.880271	330	4.75000000e+02
9.39217480e+00	2022-05-17T19:19:41.901788	331	4.69000000e+02
9.40341620e+00	2022-05-17T19:19:41.913651	332	4.75000000e+02
9.41176010e+00	2022-05-17T19:19:41.923875	333	4.73000000e+02
9.42091750e+00	2022-05-17T19:19:41.934029	334	4.76000000e+02
9.43270500e+00	2022-05-17T19:19:41.944728	335	4.75000000e+02
9.44173190e+00	2022-05-17T19:19:41.954817	336	4.74000000e+02
9.46863290e+00	2022-05-17T19:19:41.978351	337	4.74000000e+02
9.48765730e+00	2022-05-17T19:19:41.998324	338	4.74000000e+02
9.49468210e+00	2022-05-17T19:19:42.006316	339	4.72000000e+02
9.50625270e+00	2022-05-17T19:19:42.018015	340	4.73000000e+02
9.51483920e+00	2022-05-17T19:19:42.026774	341	4.74000000e+02
9.52685870e+00	2022-05-17T19:19:42.038937	342	5.25000000e+02
9.54696230e+00	2022-05-17T19:19:42.059779	343	4.72000000e+02
9.57080450e+00	2022-05-17T19:19:42.080459	344	4.73000000e+02
9.58028540e+00	2022-05-17T19:19:42.092213	345	4.75000000e+02
9.58866820e+00	2022-05-17T19:19:42.100498	346	4.80000000e+02
9.61591010e+00	2022-05-17T19:19:42.127392	347	4.84000000e+02
9.62507320e+00	2022-05-17T19:19:42.135381	348	4.83000000e+02
9.64254550e+00	2022-05-17T19:19:42.155355	349	4.73000000e+02
9.65388320e+00	2022-05-17T19:19:42.166942	350	4.86000000e+02
9.66279220e+00	2022-05-17T19:19:42.174171	351	4.73000000e+02
9.67570110e+00	2022-05-17T19:19:42.186381	352	4.76000000e+02
9.69553740e+00	2022-05-17T19:19:42.207377	353	4.74000000e+02
9.71219530e+00	2022-05-17T19:19:42.225281	354	5.06000000e+02
9.72294440e+00	2022-05-17T19:19:42.234546	355	4.74000000e+02
9.73181590e+00	2022-05-17T19:19:42.243699	356	5.14000000e+02
9.74045760e+00	2022-05-17T19:19:42.251302	357	4.75000000e+02
9.75225430e+00	2022-05-17T19:19:42.264201	358	5.18000000e+02
9.77110650e+00	2022-05-17T19:19:42.284232	359	4.73000000e+02
9.78017270e+00	2022-05-17T19:19:42.292226	360	4.74000000e+02
9.79145510e+00	2022-05-17T19:19:42.304584	361	4.81000000e+02
9.80069960e+00	2022-05-17T19:19:42.312777	362	4.75000000e+02
9.80956270e+00	2022-05-17T19:19:42.322632	363	4.75000000e+02
9.81771470e+00	2022-05-17T19:19:42.330636	364	4.94000000e+02
9.82536630e+00	2022-05-17T19:19:42.337414	365	5.04000000e+02
9.84532870e+00	2022-05-17T19:19:42.358363	366	4.74000000e+02
9.86467120e+00	2022-05-17T19:19:42.376368	367	4.73000000e+02
9.87504900e+00	2022-05-17T19:19:42.388354	368	4.71000000e+02
9.88343400e+00	2022-05-17T19:19:42.396501	369	4.74000000e+02
9.89580860e+00	2022-05-17T19:19:42.407585	370	4.95000000e+02
9.90906900e+00	2022-05-17T19:19:42.421703	371	4.77000000e+02
9.92314590e+00	2022-05-17T19:19:42.433687	372	4.73000000e+02
9.93212070e+00	2022-05-17T19:19:42.441676	373	4.75000000e+02
9.95029290e+00	2022-05-17T19:19:42.461652	374	4.72000000e+02
9.96113430e+00	2022-05-17T19:19:42.474229	375	4.74000000e+02
9.98408850e+00	2022-05-17T19:19:42.495084	376	5.25000000e+02
9.98636560e+00	2022-05-17T19:19:42.499637	377	4.87000000e+02
1.00059570e+01	2022-05-17T19:19:42.517154	378	4.75000000e+02
1.00140730e+01	2022-05-17T19:19:42.527424	379	4.98000000e+02
1.00231877e+01	2022-05-17T19:19:42.534445	380	4.77000000e+02
1.00348324e+01	2022-05-17T19:19:42.546741	381	4.74000000e+02
1.00469851e+01	2022-05-17T19:19:42.558971	382	5.26000000e+02
1.00683476e+01	2022-05-17T19:19:42.578974	383	5.22000000e+02
1.00933271e+01	2022-05-17T19:19:42.602958	384	4.75000000e+02
1.01047114e+01	2022-05-17T19:19:42.617727	385	4.83000000e+02
1.01353539e+01	2022-05-17T19:19:42.647992	386	5.24000000e+02
1.01543932e+01	2022-05-17T19:19:42.663971	387	4.73000000e+02
1.01716376e+01	2022-05-17T19:19:42.681359	388	4.70000000e+02
1.01821948e+01	2022-05-17T19:19:42.695271	389	4.74000000e+02
1.01903491e+01	2022-05-17T19:19:42.701162	390	5.22000000e+02
1.02109478e+01	2022-05-17T19:19:42.721706	391	4.73000000e+02
1.02294434e+01	2022-05-17T19:19:42.741679	392	4.83000000e+02
1.02366800e+01	2022-05-17T19:19:42.749668	393	4.73000000e+02
1.02482504e+01	2022-05-17T19:19:42.759911	394	4.77000000e+02
1.02599819e+01	2022-05-17T19:19:42.773050	395	4.77000000e+02
1.02740487e+01	2022-05-17T19:19:42.785073	396	4.77000000e+02
1.02865432e+01	2022-05-17T19:19:42.798814	397	4.73000000e+02
1.03111185e+01	2022-05-17T19:19:42.822785	398	4.72000000e+02
1.03212306e+01	2022-05-17T19:19:42.831321	399	5.16000000e+02
1.03299297e+01	2022-05-17T19:19:42.841845	400	5.22000000e+02
1.03550053e+01	2022-05-17T19:19:42.865841	401	4.72000000e+02
1.03801749e+01	2022-05-17T19:19:42.889783	402	4.93000000e+02
1.03870906e+01	2022-05-17T19:19:42.900119	403	4.74000000e+02
1.03954446e+01	2022-05-17T19:19:42.908111	404	4.81000000e+02
1.04075767e+01	2022-05-17T19:19:42.917604	405	4.74000000e+02
1.04279707e+01	2022-05-17T19:19:42.937606	406	4.73000000e+02
1.04528292e+01	2022-05-17T19:19:42.965549	407	4.94000000e+02
1.04648206e+01	2022-05-17T19:19:42.977926	408	4.73000000e+02
1.04730689e+01	2022-05-17T19:19:42.984328	409	4.75000000e+02
1.04817050e+01	2022-05-17T19:19:42.993322	410	4.75000000e+02
1.05021741e+01	2022-05-17T19:19:43.013434	411	4.72000000e+02
1.05261798e+01	2022-05-17T19:19:43.037403	412	4.72000000e+02
1.05282321e+01	2022-05-17T19:19:43.041397	413	4.86000000e+02
1.05387328e+01	2022-05-17T19:19:43.050636	414	5.23000000e+02
1.05649685e+01	2022-05-17T19:19:43.076317	415	5.23000000e+02
1.05911552e+01	2022-05-17T19:19:43.100648	416	4.73000000e+02
1.06001930e+01	2022-05-17T19:19:43.113306	417	4.94000000e+02
1.06124094e+01	2022-05-17T19:19:43.124351	418	4.76000000e+02
1.06206212e+01	2022-05-17T19:19:43.133644	419	4.74000000e+02
1.06418935e+01	2022-05-17T19:19:43.152588	420	4.79000000e+02
1.06608947e+01	2022-05-17T19:19:43.172561	421	4.73000000e+02
1.06693271e+01	2022-05-17T19:19:43.180551	422	4.72000000e+02
1.06778363e+01	2022-05-17T19:19:43.190897	423	4.75000000e+02
1.06862209e+01	2022-05-17T19:19:43.198163	424	4.87000000e+02
1.07070430e+01	2022-05-17T19:19:43.220033	425	4.76000000e+02
1.07323048e+01	2022-05-17T19:19:43.244003	426	4.75000000e+02
1.07390705e+01	2022-05-17T19:19:43.250829	427	4.74000000e+02
1.07476793e+01	2022-05-17T19:19:43.259620	428	4.88000000e+02
1.07596580e+01	2022-05-17T19:19:43.272695	429	4.77000000e+02
1.07758059e+01	2022-05-17T19:19:43.288693	430	4.79000000e+02
1.07832226e+01	2022-05-17T19:19:43.293698	431	4.74000000e+02
1.08032427e+01	2022-05-17T19:19:43.314315	432	4.75000000e+02
1.08129918e+01	2022-05-17T19:19:43.324936	433	4.92000000e+02
1.08214021e+01	2022-05-17T19:19:43.334432	434	4.74000000e+02
1.08336187e+01	2022-05-17T19:19:43.345490	435	4.84000000e+02
1.08458350e+01	2022-05-17T19:19:43.357853	436	4.75000000e+02
1.08655425e+01	2022-05-17T19:19:43.378781	437	4.74000000e+02
1.08898591e+01	2022-05-17T19:19:43.401972	438	4.73000000e+02
1.08949383e+01	2022-05-17T19:19:43.406889	439	4.73000000e+02
1.09032180e+01	2022-05-17T19:19:43.415173	440	4.76000000e+02
1.09298557e+01	2022-05-17T19:19:43.439400	441	4.74000000e+02
1.09390212e+01	2022-05-17T19:19:43.451344	442	4.73000000e+02
1.09597644e+01	2022-05-17T19:19:43.471328	443	4.74000000e+02
1.09687578e+01	2022-05-17T19:19:43.481857	444	4.74000000e+02
1.09802406e+01	2022-05-17T19:19:43.491046	445	4.75000000e+02
1.09897604e+01	2022-05-17T19:19:43.503107	446	4.76000000e+02
1.10066184e+01	2022-05-17T19:19:43.516886	447	4.76000000e+02
1.10254242e+01	2022-05-17T19:19:43.536859	448	4.72000000e+02
1.10338196e+01	2022-05-17T19:19:43.544852	449	4.77000000e+02
1.10421069e+01	2022-05-17T19:19:43.555160	450	4.71000000e+02
1.10507651e+01	2022-05-17T19:19:43.562688	451	4.74000000e+02
1.10628463e+01	2022-05-17T19:19:43.574943	452	4.85000000e+02
1.10840679e+01	2022-05-17T19:19:43.595357	453	5.17000000e+02
1.11079632e+01	2022-05-17T19:19:43.619326	454	4.73000000e+02
1.11160110e+01	2022-05-17T19:19:43.627315	455	4.74000000e+02
1.11240279e+01	2022-05-17T19:19:43.635879	456	5.03000000e+02
1.11325323e+01	2022-05-17T19:19:43.644481	457	4.73000000e+02
1.11407236e+01	2022-05-17T19:19:43.652277	458	5.21000000e+02
1.11643166e+01	2022-05-17T19:19:43.674820	459	4.77000000e+02
1.11851055e+01	2022-05-17T19:19:43.697749	460	5.27000000e+02
1.11992006e+01	2022-05-17T19:19:43.709109	461	4.79000000e+02
1.12013662e+01	2022-05-17T19:19:43.713066	462	4.85000000e+02
1.12102994e+01	2022-05-17T19:19:43.723189	463	4.74000000e+02
1.12186478e+01	2022-05-17T19:19:43.731741	464	4.74000000e+02
1.12307247e+01	2022-05-17T19:19:43.742730	465	4.81000000e+02
1.12486319e+01	2022-05-17T19:19:43.759734	466	4.73000000e+02
1.12739670e+01	2022-05-17T19:19:43.785488	467	4.72000000e+02
1.12799162e+01	2022-05-17T19:19:43.791925	468	4.74000000e+02
1.12880352e+01	2022-05-17T19:19:43.801083	469	4.74000000e+02
1.12958640e+01	2022-05-17T19:19:43.807730	470	5.07000000e+02
1.13187277e+01	2022-05-17T19:19:43.831727	471	4.73000000e+02
1.13425190e+01	2022-05-17T19:19:43.855670	472	4.74000000e+02
1.13497006e+01	2022-05-17T19:19:43.861392	473	4.83000000e+02
1.13615929e+01	2022-05-17T19:19:43.873606	474	4.78000000e+02
1.13698153e+01	2022-05-17T19:19:43.882938	475	4.74000000e+02
1.13780899e+01	2022-05-17T19:19:43.890031	476	4.81000000e+02
1.13982304e+01	2022-05-17T19:19:43.911316	477	4.95000000e+02
1.14230183e+01	2022-05-17T19:19:43.932853	478	4.77000000e+02
1.14314524e+01	2022-05-17T19:19:43.943462	479	5.09000000e+02
1.14403139e+01	2022-05-17T19:19:43.951454	480	4.74000000e+02
1.14613828e+01	2022-05-17T19:19:43.971427	481	4.73000000e+02
1.14864772e+01	2022-05-17T19:19:43.998520	482	4.73000000e+02
1.14928475e+01	2022-05-17T19:19:44.005874	483	4.74000000e+02
1.15008097e+01	2022-05-17T19:19:44.012536	484	5.16000000e+02
1.15091220e+01	2022-05-17T19:19:44.021021	485	4.75000000e+02
1.15174897e+01	2022-05-17T19:19:44.029419	486	4.88000000e+02
1.15371058e+01	2022-05-17T19:19:44.047059	487	4.83000000e+02
1.15624239e+01	2022-05-17T19:19:44.074670	488	4.73000000e+02
1.15666021e+01	2022-05-17T19:19:44.078546	489	4.76000000e+02
1.15747398e+01	2022-05-17T19:19:44.086469	490	4.74000000e+02
1.15831856e+01	2022-05-17T19:19:44.095138	491	4.76000000e+02
1.15953071e+01	2022-05-17T19:19:44.108393	492	4.70000000e+02
1.16172755e+01	2022-05-17T19:19:44.128383	493	4.74000000e+02
1.16436910e+01	2022-05-17T19:19:44.154129	494	4.73000000e+02
1.16479039e+01	2022-05-17T19:19:44.158122	495	4.74000000e+02
1.16574879e+01	2022-05-17T19:19:44.168235	496	4.76000000e+02
1.16689718e+01	2022-05-17T19:19:44.182062	497	4.77000000e+02
1.16773023e+01	2022-05-17T19:19:44.190187	498	4.73000000e+02
1.16928257e+01	2022-05-17T19:19:44.206148	499	4.78000000e+02
1.17137356e+01	2022-05-17T19:19:44.226117	500	4.74000000e+02
1.17154861e+01	2022-05-17T19:19:44.226117	501	4.73000000e+02
1.17264106e+01	2022-05-17T19:19:44.238320	502	4.83000000e+02
1.17347317e+01	2022-05-17T19:19:44.247822	503	4.74000000e+02
1.17468502e+01	2022-05-17T19:19:44.259895	504	4.84000000e+02
1.17626401e+01	2022-05-17T19:19:44.275910	505	4.73000000e+02
1.17709278e+01	2022-05-17T19:19:44.283898	506	4.75000000e+02
1.17798833e+01	2022-05-17T19:19:44.291888	507	5.10000000e+02
1.17947324e+01	2022-05-17T19:19:44.307866	508	4.75000000e+02
1.18043139e+01	2022-05-17T19:19:44.316685	509	5.24000000e+02
1.18164264e+01	2022-05-17T19:19:44.328482	510	4.75000000e+02
1.18245412e+01	2022-05-17T19:19:44.335990	511	4.74000000e+02
1.18330227e+01	2022-05-17T19:19:44.344937	512	4.73000000e+02
1.18520394e+01	2022-05-17T19:19:44.361925	513	4.74000000e+02
1.18776035e+01	2022-05-17T19:19:44.389784	514	4.73000000e+02
1.18820026e+01	2022-05-17T19:19:44.393921	515	4.74000000e+02
1.18899706e+01	2022-05-17T19:19:44.403024	516	4.74000000e+02
1.18986087e+01	2022-05-17T19:19:44.410512	517	4.75000000e+02
1.19104991e+01	2022-05-17T19:19:44.421999	518	4.74000000e+02
1.19235156e+01	2022-05-17T19:19:44.436632	519	4.79000000e+02
1.19408095e+01	2022-05-17T19:19:44.452613	520	4.73000000e+02
1.19676032e+01	2022-05-17T19:19:44.480574	521	4.69000000e+02
1.19762935e+01	2022-05-17T19:19:44.488285	522	4.79000000e+02
1.19889049e+01	2022-05-17T19:19:44.500343	523	4.74000000e+02
1.20146788e+01	2022-05-17T19:19:44.525382	524	4.92000000e+02
1.20416780e+01	2022-05-17T19:19:44.553348	525	4.76000000e+02
1.20501170e+01	2022-05-17T19:19:44.563236	526	5.28000000e+02
1.20622117e+01	2022-05-17T19:19:44.574225	527	4.77000000e+02
1.20817878e+01	2022-05-17T19:19:44.592447	528	5.26000000e+02
1.21077598e+01	2022-05-17T19:19:44.619917	529	5.26000000e+02
1.21107522e+01	2022-05-17T19:19:44.622886	530	4.74000000e+02
1.21196780e+01	2022-05-17T19:19:44.631453	531	4.82000000e+02
1.21318561e+01	2022-05-17T19:19:44.643872	532	4.74000000e+02
1.21591652e+01	2022-05-17T19:19:44.669747	533	4.74000000e+02
1.21734332e+01	2022-05-17T19:19:44.686579	534	4.75000000e+02
1.21849763e+01	2022-05-17T19:19:44.694972	535	4.74000000e+02
1.21933651e+01	2022-05-17T19:19:44.706425	536	4.74000000e+02
1.22059843e+01	2022-05-17T19:19:44.716892	537	4.77000000e+02
1.22302512e+01	2022-05-17T19:19:44.743483	538	4.75000000e+02
1.22570926e+01	2022-05-17T19:19:44.767473	539	4.74000000e+02
1.22627685e+01	2022-05-17T19:19:44.775826	540	4.74000000e+02
1.22716538e+01	2022-05-17T19:19:44.783211	541	4.72000000e+02
1.22833473e+01	2022-05-17T19:19:44.795442	542	5.23000000e+02
1.23024110e+01	2022-05-17T19:19:44.812970	543	4.72000000e+02
1.23310416e+01	2022-05-17T19:19:44.843760	544	4.77000000e+02
1.23421527e+01	2022-05-17T19:19:44.852053	545	4.74000000e+02
1.23532115e+01	2022-05-17T19:19:44.865016	546	4.75000000e+02
1.23651953e+01	2022-05-17T19:19:44.877137	547	4.72000000e+02
1.23852896e+01	2022-05-17T19:19:44.898237	548	4.73000000e+02
1.24116037e+01	2022-05-17T19:19:44.921444	549	4.74000000e+02
1.24224293e+01	2022-05-17T19:19:44.933322	550	4.73000000e+02
1.24307406e+01	2022-05-17T19:19:44.942642	551	5.26000000e+02
1.24388548e+01	2022-05-17T19:19:44.950085	552	4.80000000e+02
1.24470647e+01	2022-05-17T19:19:44.959013	553	4.73000000e+02
1.24610812e+01	2022-05-17T19:19:44.970448	554	4.72000000e+02
1.24760630e+01	2022-05-17T19:19:44.986459	555	4.72000000e+02
1.24963265e+01	2022-05-17T19:19:45.006447	556	4.73000000e+02
1.25048156e+01	2022-05-17T19:19:45.016632	557	4.74000000e+02
1.25165803e+01	2022-05-17T19:19:45.029682	558	4.96000000e+02
1.25245230e+01	2022-05-17T19:19:45.037006	559	4.91000000e+02
1.25506073e+01	2022-05-17T19:19:45.060978	560	4.76000000e+02
1.25720956e+01	2022-05-17T19:19:45.085439	561	4.73000000e+02
1.25824646e+01	2022-05-17T19:19:45.095476	562	4.77000000e+02
1.25900913e+01	2022-05-17T19:19:45.102001	563	4.77000000e+02
1.25989191e+01	2022-05-17T19:19:45.111975	564	4.77000000e+02
1.26223774e+01	2022-05-17T19:19:45.132909	565	4.75000000e+02
1.26501521e+01	2022-05-17T19:19:45.160892	566	4.73000000e+02
1.26603735e+01	2022-05-17T19:19:45.173369	567	4.79000000e+02
1.26724881e+01	2022-05-17T19:19:45.183484	568	4.75000000e+02
1.26908853e+01	2022-05-17T19:19:45.202584	569	4.72000000e+02
1.27030326e+01	2022-05-17T19:19:45.214569	570	5.20000000e+02
1.27234350e+01	2022-05-17T19:19:45.233223	571	4.87000000e+02
1.27337411e+01	2022-05-17T19:19:45.246796	572	4.75000000e+02
1.27421755e+01	2022-05-17T19:19:45.253912	573	4.82000000e+02
1.27546192e+01	2022-05-17T19:19:45.266178	574	4.74000000e+02
1.27743183e+01	2022-05-17T19:19:45.286978	575	4.72000000e+02
1.27952784e+01	2022-05-17T19:19:45.308451	576	4.78000000e+02
1.28031164e+01	2022-05-17T19:19:45.316442	577	4.73000000e+02
1.28118297e+01	2022-05-17T19:19:45.324877	578	4.74000000e+02
1.28237162e+01	2022-05-17T19:19:45.336096	579	4.73000000e+02
1.28317773e+01	2022-05-17T19:19:45.343620	580	4.97000000e+02
1.28522916e+01	2022-05-17T19:19:45.364519	581	4.72000000e+02
1.28777908e+01	2022-05-17T19:19:45.390118	582	4.76000000e+02
1.28805920e+01	2022-05-17T19:19:45.390118	583	4.87000000e+02
1.28896254e+01	2022-05-17T19:19:45.401238	584	4.75000000e+02
1.29017863e+01	2022-05-17T19:19:45.413603	585	4.74000000e+02
1.29098676e+01	2022-05-17T19:19:45.421890	586	4.91000000e+02
1.29328230e+01	2022-05-17T19:19:45.445860	587	4.83000000e+02
1.29354962e+01	2022-05-17T19:19:45.448243	588	5.24000000e+02
1.29621943e+01	2022-05-17T19:19:45.471983	589	4.73000000e+02
1.29714938e+01	2022-05-17T19:19:45.484560	590	4.83000000e+02
1.29798318e+01	2022-05-17T19:19:45.491785	591	4.72000000e+02
1.30033936e+01	2022-05-17T19:19:45.513816	592	4.73000000e+02
1.30241286e+01	2022-05-17T19:19:45.533789	593	4.82000000e+02
1.30326648e+01	2022-05-17T19:19:45.545779	594	5.09000000e+02
1.30410067e+01	2022-05-17T19:19:45.554116	595	4.74000000e+02
1.30494502e+01	2022-05-17T19:19:45.562121	596	4.87000000e+02
1.30615270e+01	2022-05-17T19:19:45.573627	597	4.75000000e+02
1.30800136e+01	2022-05-17T19:19:45.589878	598	4.73000000e+02
1.31079170e+01	2022-05-17T19:19:45.617880	599	4.84000000e+02
1.31189983e+01	2022-05-17T19:19:45.632053	600	4.73000000e+02
1.31313590e+01	2022-05-17T19:19:45.643198	601	4.91000000e+02
1.31570103e+01	2022-05-17T19:19:45.669896	602	4.72000000e+02
1.31786676e+01	2022-05-17T19:19:45.689879	603	5.16000000e+02
1.31879698e+01	2022-05-17T19:19:45.697842	604	5.26000000e+02
1.31969570e+01	2022-05-17T19:19:45.710010	605	4.74000000e+02
1.32198251e+01	2022-05-17T19:19:45.730006	606	4.75000000e+02
1.32424773e+01	2022-05-17T19:19:45.753974	607	4.78000000e+02
1.32438325e+01	2022-05-17T19:19:45.753974	608	4.77000000e+02
1.32591575e+01	2022-05-17T19:19:45.768762	609	5.19000000e+02
1.32704124e+01	2022-05-17T19:19:45.782397	610	4.74000000e+02
1.32790756e+01	2022-05-17T19:19:45.790577	611	4.74000000e+02
1.32871118e+01	2022-05-17T19:19:45.800172	612	4.74000000e+02
1.33107182e+01	2022-05-17T19:19:45.820781	613	4.74000000e+02
1.33386565e+01	2022-05-17T19:19:45.850730	614	4.73000000e+02
1.33484299e+01	2022-05-17T19:19:45.861439	615	4.75000000e+02
1.33604271e+01	2022-05-17T19:19:45.873493	616	4.72000000e+02
1.33689822e+01	2022-05-17T19:19:45.880932	617	4.75000000e+02
1.33881472e+01	2022-05-17T19:19:45.897597	618	4.72000000e+02
1.33970239e+01	2022-05-17T19:19:45.909581	619	4.73000000e+02
1.34177688e+01	2022-05-17T19:19:45.929558	620	4.74000000e+02
1.34260848e+01	2022-05-17T19:19:45.938058	621	4.86000000e+02
1.34346405e+01	2022-05-17T19:19:45.947678	622	4.74000000e+02
1.34460010e+01	2022-05-17T19:19:45.957922	623	4.75000000e+02
1.34658764e+01	2022-05-17T19:19:45.978003	624	4.77000000e+02
1.34937866e+01	2022-05-17T19:19:46.005863	625	4.73000000e+02
1.35043442e+01	2022-05-17T19:19:46.015951	626	4.79000000e+02
1.35160544e+01	2022-05-17T19:19:46.026489	627	4.74000000e+02
1.35242811e+01	2022-05-17T19:19:46.035229	628	4.74000000e+02
1.35420692e+01	2022-05-17T19:19:46.051930	629	4.91000000e+02
1.35651977e+01	2022-05-17T19:19:46.075937	630	4.73000000e+02
1.35729036e+01	2022-05-17T19:19:46.086044	631	4.74000000e+02
1.35819073e+01	2022-05-17T19:19:46.094970	632	4.72000000e+02
1.35939812e+01	2022-05-17T19:19:46.107042	633	4.74000000e+02
1.36024673e+01	2022-05-17T19:19:46.115049	634	4.72000000e+02
1.36214726e+01	2022-05-17T19:19:46.134267	635	4.75000000e+02
1.36505900e+01	2022-05-17T19:19:46.163570	636	4.83000000e+02
1.36603577e+01	2022-05-17T19:19:46.172233	637	4.79000000e+02
1.36715848e+01	2022-05-17T19:19:46.183011	638	4.74000000e+02
1.36801645e+01	2022-05-17T19:19:46.193233	639	4.74000000e+02
1.37049975e+01	2022-05-17T19:19:46.215064	640	4.72000000e+02
1.37333992e+01	2022-05-17T19:19:46.243040	641	4.74000000e+02
1.37376036e+01	2022-05-17T19:19:46.247048	642	4.78000000e+02
1.37496736e+01	2022-05-17T19:19:46.261649	643	4.74000000e+02
1.37578245e+01	2022-05-17T19:19:46.270874	644	4.87000000e+02
1.37815314e+01	2022-05-17T19:19:46.292764	645	4.88000000e+02
1.37832526e+01	2022-05-17T19:19:46.292764	646	4.72000000e+02
1.38115609e+01	2022-05-17T19:19:46.321149	647	4.80000000e+02
1.38228629e+01	2022-05-17T19:19:46.334391	648	4.73000000e+02
1.38314991e+01	2022-05-17T19:19:46.344573	649	4.76000000e+02
1.38395370e+01	2022-05-17T19:19:46.350924	650	4.74000000e+02
1.38624873e+01	2022-05-17T19:19:46.375310	651	4.72000000e+02
1.38905170e+01	2022-05-17T19:19:46.403284	652	4.82000000e+02
1.39013333e+01	2022-05-17T19:19:46.414354	653	4.73000000e+02
1.39094174e+01	2022-05-17T19:19:46.422468	654	4.76000000e+02
1.39177770e+01	2022-05-17T19:19:46.429704	655	5.27000000e+02
1.39395617e+01	2022-05-17T19:19:46.450055	656	4.73000000e+02
1.39623846e+01	2022-05-17T19:19:46.474023	657	4.73000000e+02
1.39708771e+01	2022-05-17T19:19:46.482686	658	4.76000000e+02
1.39788997e+01	2022-05-17T19:19:46.490828	659	4.74000000e+02
1.39875745e+01	2022-05-17T19:19:46.499035	660	4.77000000e+02
1.39991856e+01	2022-05-17T19:19:46.511237	661	4.75000000e+02
1.40232399e+01	2022-05-17T19:19:46.536369	662	4.72000000e+02
1.40314742e+01	2022-05-17T19:19:46.544359	663	4.74000000e+02
1.40471175e+01	2022-05-17T19:19:46.560338	664	4.74000000e+02
1.40570144e+01	2022-05-17T19:19:46.568770	665	4.74000000e+02
1.40692795e+01	2022-05-17T19:19:46.581141	666	4.86000000e+02
1.40774425e+01	2022-05-17T19:19:46.590496	667	4.75000000e+02
1.41015497e+01	2022-05-17T19:19:46.610970	668	4.73000000e+02
1.41109877e+01	2022-05-17T19:19:46.620709	669	4.74000000e+02
1.41320080e+01	2022-05-17T19:19:46.644678	670	4.76000000e+02
1.41384669e+01	2022-05-17T19:19:46.651555	671	4.73000000e+02
1.41469760e+01	2022-05-17T19:19:46.660028	672	5.09000000e+02
1.41549219e+01	2022-05-17T19:19:46.666136	673	4.70000000e+02
1.41630923e+01	2022-05-17T19:19:46.674941	674	4.76000000e+02
1.41864162e+01	2022-05-17T19:19:46.699668	675	4.73000000e+02
1.42150814e+01	2022-05-17T19:19:46.728291	676	4.72000000e+02
1.42248195e+01	2022-05-17T19:19:46.736435	677	4.74000000e+02
1.42331744e+01	2022-05-17T19:19:46.745078	678	4.80000000e+02
1.42451155e+01	2022-05-17T19:19:46.757106	679	4.75000000e+02
1.42682695e+01	2022-05-17T19:19:46.781288	680	4.75000000e+02
1.42910252e+01	2022-05-17T19:19:46.804241	681	4.72000000e+02
1.43064707e+01	2022-05-17T19:19:46.816554	682	4.76000000e+02
1.43150290e+01	2022-05-17T19:19:46.828252	683	4.91000000e+02
1.43227873e+01	2022-05-17T19:19:46.834672	684	4.86000000e+02
1.43473922e+01	2022-05-17T19:19:46.859257	685	4.75000000e+02
1.43487980e+01	2022-05-17T19:19:46.859257	686	4.72000000e+02
1.43770813e+01	2022-05-17T19:19:46.887259	687	4.72000000e+02
1.43799050e+01	2022-05-17T19:19:46.891226	688	4.74000000e+02
1.43881654e+01	2022-05-17T19:19:46.901372	689	4.80000000e+02
1.43969853e+01	2022-05-17T19:19:46.910036	690	4.84000000e+02
1.44227368e+01	2022-05-17T19:19:46.932229	691	5.23000000e+02
1.44503282e+01	2022-05-17T19:19:46.960192	692	4.88000000e+02
1.44541206e+01	2022-05-17T19:19:46.964190	693	4.74000000e+02
1.44624741e+01	2022-05-17T19:19:46.975560	694	4.79000000e+02
1.44745383e+01	2022-05-17T19:19:46.987592	695	4.74000000e+02
1.44932389e+01	2022-05-17T19:19:47.004253	696	4.76000000e+02
1.45073975e+01	2022-05-17T19:19:47.020233	697	4.75000000e+02
1.45288198e+01	2022-05-17T19:19:47.040208	698	4.73000000e+02
1.45310441e+01	2022-05-17T19:19:47.044201	699	4.73000000e+02
1.45396735e+01	2022-05-17T19:19:47.052718	700	4.77000000e+02
1.45480792e+01	2022-05-17T19:19:47.060710	701	4.88000000e+02
1.45562611e+01	2022-05-17T19:19:47.068123	702	4.76000000e+02
1.45646651e+01	2022-05-17T19:19:47.077719	703	4.74000000e+02
1.45730483e+01	2022-05-17T19:19:47.084191	704	4.75000000e+02
1.45856609e+01	2022-05-17T19:19:47.098394	705	4.78000000e+02
1.45940751e+01	2022-05-17T19:19:47.106387	706	4.74000000e+02
1.46165025e+01	2022-05-17T19:19:47.129618	707	4.83000000e+02
1.46258155e+01	2022-05-17T19:19:47.137611	708	4.74000000e+02
1.46344263e+01	2022-05-17T19:19:47.147480	709	4.75000000e+02
1.46648611e+01	2022-05-17T19:19:47.177203	710	4.88000000e+02
1.46663147e+01	2022-05-17T19:19:47.177203	711	4.81000000e+02
1.46889161e+01	2022-05-17T19:19:47.201152	712	4.77000000e+02
1.46991672e+01	2022-05-17T19:19:47.212257	713	4.70000000e+02
1.47080826e+01	2022-05-17T19:19:47.221138	714	5.23000000e+02
1.47162985e+01	2022-05-17T19:19:47.229141	715	4.76000000e+02
1.47247386e+01	2022-05-17T19:19:47.236446	716	4.74000000e+02
1.47487393e+01	2022-05-17T19:19:47.260416	717	4.86000000e+02
1.47570481e+01	2022-05-17T19:19:47.269677	718	4.74000000e+02
1.47786870e+01	2022-05-17T19:19:47.289652	719	4.77000000e+02
1.47894136e+01	2022-05-17T19:19:47.301459	720	4.78000000e+02
1.47982645e+01	2022-05-17T19:19:47.311313	721	4.74000000e+02
1.48223276e+01	2022-05-17T19:19:47.332325	722	4.78000000e+02
1.48322519e+01	2022-05-17T19:19:47.344310	723	4.72000000e+02
1.48543398e+01	2022-05-17T19:19:47.364993	724	5.18000000e+02
1.48638447e+01	2022-05-17T19:19:47.375804	725	4.74000000e+02
1.48757859e+01	2022-05-17T19:19:47.388905	726	4.74000000e+02
1.48925487e+01	2022-05-17T19:19:47.405129	727	5.13000000e+02
1.49002343e+01	2022-05-17T19:19:47.413158	728	4.69000000e+02
1.49094084e+01	2022-05-17T19:19:47.421109	729	4.77000000e+02
1.49316614e+01	2022-05-17T19:19:47.441083	730	4.83000000e+02
1.49413244e+01	2022-05-17T19:19:47.454427	731	4.88000000e+02
1.49496582e+01	2022-05-17T19:19:47.462134	732	4.75000000e+02
1.49581544e+01	2022-05-17T19:19:47.471191	733	4.74000000e+02
1.49828478e+01	2022-05-17T19:19:47.492713	734	4.74000000e+02
1.50125632e+01	2022-05-17T19:19:47.519517	735	4.75000000e+02
1.50195239e+01	2022-05-17T19:19:47.519517	736	4.85000000e+02
1.50316270e+01	2022-05-17T19:19:47.535594	737	4.73000000e+02
1.50553539e+01	2022-05-17T19:19:47.566064	738	4.73000000e+02
1.50841722e+01	2022-05-17T19:19:47.597323	739	4.74000000e+02
1.50932247e+01	2022-05-17T19:19:47.597323	740	4.75000000e+02
1.51054867e+01	2022-05-17T19:19:47.613418	741	4.80000000e+02
1.51333897e+01	2022-05-17T19:19:47.644176	742	4.79000000e+02
1.51613559e+01	2022-05-17T19:19:47.666304	743	4.74000000e+02
1.51716635e+01	2022-05-17T19:19:47.682437	744	4.84000000e+02
1.51829869e+01	2022-05-17T19:19:47.682437	745	4.74000000e+02
1.52056805e+01	2022-05-17T19:19:47.713207	746	4.73000000e+02
1.52274872e+01	2022-05-17T19:19:47.728794	747	4.72000000e+02
1.52361445e+01	2022-05-17T19:19:47.744417	748	4.87000000e+02
1.52446679e+01	2022-05-17T19:19:47.744417	749	5.08000000e+02
1.52562308e+01	2022-05-17T19:19:47.766818	750	4.74000000e+02
1.52651793e+01	2022-05-17T19:19:47.766818	751	4.73000000e+02
1.52867826e+01	2022-05-17T19:19:47.798066	752	4.73000000e+02
1.53094152e+01	2022-05-17T19:19:47.813687	753	4.73000000e+02
1.53178794e+01	2022-05-17T19:19:47.829595	754	4.70000000e+02
1.53261457e+01	2022-05-17T19:19:47.829595	755	4.76000000e+02
1.53345425e+01	2022-05-17T19:19:47.845559	756	5.23000000e+02
1.53429262e+01	2022-05-17T19:19:47.845559	757	4.74000000e+02
1.53668048e+01	2022-05-17T19:19:47.867164	758	4.81000000e+02
1.53883968e+01	2022-05-17T19:19:47.898414	759	4.73000000e+02
1.54008912e+01	2022-05-17T19:19:47.914071	760	4.74000000e+02
1.54125452e+01	2022-05-17T19:19:47.914071	761	5.23000000e+02
1.54351362e+01	2022-05-17T19:19:47.945276	762	4.79000000e+02
1.54589948e+01	2022-05-17T19:19:47.967405	763	4.73000000e+02
1.54703534e+01	2022-05-17T19:19:47.983058	764	4.81000000e+02
1.54821821e+01	2022-05-17T19:19:47.983058	765	4.79000000e+02
1.55058314e+01	2022-05-17T19:19:48.014273	766	4.73000000e+02
1.55331606e+01	2022-05-17T19:19:48.045519	767	4.75000000e+02
1.55365044e+01	2022-05-17T19:19:48.045519	768	4.93000000e+02
1.55476210e+01	2022-05-17T19:19:48.045519	769	4.77000000e+02
1.55558357e+01	2022-05-17T19:19:48.067653	770	4.73000000e+02
1.55642025e+01	2022-05-17T19:19:48.067653	771	4.76000000e+02
1.55886295e+01	2022-05-17T19:19:48.098902	772	4.72000000e+02
1.56124226e+01	2022-05-17T19:19:48.114524	773	4.81000000e+02
1.56210388e+01	2022-05-17T19:19:48.130145	774	4.74000000e+02
1.56298173e+01	2022-05-17T19:19:48.130145	775	4.74000000e+02
1.56418367e+01	2022-05-17T19:19:48.146288	776	5.25000000e+02
1.56664636e+01	2022-05-17T19:19:48.167543	777	4.77000000e+02
1.56963127e+01	2022-05-17T19:19:48.198791	778	4.85000000e+02
1.56987558e+01	2022-05-17T19:19:48.198791	779	4.73000000e+02
1.57072990e+01	2022-05-17T19:19:48.214733	780	4.98000000e+02
1.57155148e+01	2022-05-17T19:19:48.214733	781	4.76000000e+02
1.57358983e+01	2022-05-17T19:19:48.245655	782	4.75000000e+02
1.57590323e+01	2022-05-17T19:19:48.267784	783	4.83000000e+02
1.57690185e+01	2022-05-17T19:19:48.267784	784	4.79000000e+02
1.57811508e+01	2022-05-17T19:19:48.283410	785	4.74000000e+02
1.58043524e+01	2022-05-17T19:19:48.314775	786	4.84000000e+02
1.58323217e+01	2022-05-17T19:19:48.330401	787	4.79000000e+02
1.58426953e+01	2022-05-17T19:19:48.346025	788	4.74000000e+02
1.58548009e+01	2022-05-17T19:19:48.367856	789	4.74000000e+02
1.58632786e+01	2022-05-17T19:19:48.367856	790	4.71000000e+02
1.58876850e+01	2022-05-17T19:19:48.399105	791	5.18000000e+02
1.59179435e+01	2022-05-17T19:19:48.430351	792	4.99000000e+02
1.59201650e+01	2022-05-17T19:19:48.430351	793	4.78000000e+02
1.59288197e+01	2022-05-17T19:19:48.430351	794	4.73000000e+02
1.59410793e+01	2022-05-17T19:19:48.446538	795	4.74000000e+02
1.59537793e+01	2022-05-17T19:19:48.461589	796	4.76000000e+02
1.59724517e+01	2022-05-17T19:19:48.484136	797	4.73000000e+02
1.60021578e+01	2022-05-17T19:19:48.500360	798	4.76000000e+02
1.60106641e+01	2022-05-17T19:19:48.516351	799	4.73000000e+02
1.60379256e+01	2022-05-17T19:19:48.547228	800	5.16000000e+02
1.60674165e+01	2022-05-17T19:19:48.568856	801	5.14000000e+02
1.60761348e+01	2022-05-17T19:19:48.584882	802	4.91000000e+02
1.61027446e+01	2022-05-17T19:19:48.615724	803	4.74000000e+02
1.61067918e+01	2022-05-17T19:19:48.615724	804	4.72000000e+02
1.61304342e+01	2022-05-17T19:19:48.631348	805	4.73000000e+02
1.61415149e+01	2022-05-17T19:19:48.646970	806	4.86000000e+02
1.61504861e+01	2022-05-17T19:19:48.662589	807	4.72000000e+02
1.61620895e+01	2022-05-17T19:19:48.669647	808	4.84000000e+02
1.61706683e+01	2022-05-17T19:19:48.669647	809	5.09000000e+02
1.61916245e+01	2022-05-17T19:19:48.700895	810	4.75000000e+02
1.62158816e+01	2022-05-17T19:19:48.716517	811	4.75000000e+02
1.62242686e+01	2022-05-17T19:19:48.732139	812	4.72000000e+02
1.62355023e+01	2022-05-17T19:19:48.747795	813	4.77000000e+02
1.62441321e+01	2022-05-17T19:19:48.747795	814	4.73000000e+02
1.62683150e+01	2022-05-17T19:19:48.769579	815	4.74000000e+02
1.62715638e+01	2022-05-17T19:19:48.769579	816	5.09000000e+02
1.62955201e+01	2022-05-17T19:19:48.800827	817	4.70000000e+02
1.63051414e+01	2022-05-17T19:19:48.816840	818	4.75000000e+02
1.63138295e+01	2022-05-17T19:19:48.816840	819	4.74000000e+02
1.63374935e+01	2022-05-17T19:19:48.847691	820	4.73000000e+02
1.63459534e+01	2022-05-17T19:19:48.847691	821	4.74000000e+02
1.63631895e+01	2022-05-17T19:19:48.869821	822	4.74000000e+02
1.63777116e+01	2022-05-17T19:19:48.885481	823	4.82000000e+02
1.63869954e+01	2022-05-17T19:19:48.885481	824	4.74000000e+02
1.63955794e+01	2022-05-17T19:19:48.901419	825	4.75000000e+02
1.64204636e+01	2022-05-17T19:19:48.932311	826	4.73000000e+02
1.64510487e+01	2022-05-17T19:19:48.963561	827	5.12000000e+02
1.64569296e+01	2022-05-17T19:19:48.970071	828	4.79000000e+02
1.64653193e+01	2022-05-17T19:19:48.970071	829	5.02000000e+02
1.64881642e+01	2022-05-17T19:19:49.001321	830	4.77000000e+02
1.65180888e+01	2022-05-17T19:19:49.016941	831	4.73000000e+02
1.65267997e+01	2022-05-17T19:19:49.033039	832	4.71000000e+02
1.65504230e+01	2022-05-17T19:19:49.048468	833	4.74000000e+02
1.65553283e+01	2022-05-17T19:19:49.063840	834	4.74000000e+02
1.65832472e+01	2022-05-17T19:19:49.085972	835	4.72000000e+02
1.65919895e+01	2022-05-17T19:19:49.102037	836	4.74000000e+02
1.66003959e+01	2022-05-17T19:19:49.102037	837	4.77000000e+02
1.66171328e+01	2022-05-17T19:19:49.117372	838	4.92000000e+02
1.66286090e+01	2022-05-17T19:19:49.132836	839	4.74000000e+02
1.66523411e+01	2022-05-17T19:19:49.164095	840	4.74000000e+02
1.66617698e+01	2022-05-17T19:19:49.171010	841	4.80000000e+02
1.66703201e+01	2022-05-17T19:19:49.171010	842	4.74000000e+02
1.66822477e+01	2022-05-17T19:19:49.187170	843	4.82000000e+02
1.67026507e+01	2022-05-17T19:19:49.202350	844	4.90000000e+02
1.67270502e+01	2022-05-17T19:19:49.233501	845	4.83000000e+02
1.67358831e+01	2022-05-17T19:19:49.249121	846	4.89000000e+02
1.67477614e+01	2022-05-17T19:19:49.249121	847	4.77000000e+02
1.67737241e+01	2022-05-17T19:19:49.286824	848	4.80000000e+02
1.67770119e+01	2022-05-17T19:19:49.286824	849	4.70000000e+02
1.67986124e+01	2022-05-17T19:19:49.303078	850	4.73000000e+02
1.68047291e+01	2022-05-17T19:19:49.303078	851	4.74000000e+02
1.68134659e+01	2022-05-17T19:19:49.319106	852	4.74000000e+02
1.68302997e+01	2022-05-17T19:19:49.334722	853	4.74000000e+02
1.68446877e+01	2022-05-17T19:19:49.349947	854	4.75000000e+02
1.68687222e+01	2022-05-17T19:19:49.371161	855	4.72000000e+02
1.68787135e+01	2022-05-17T19:19:49.386796	856	4.75000000e+02
1.68874814e+01	2022-05-17T19:19:49.386796	857	4.79000000e+02
1.69039987e+01	2022-05-17T19:19:49.402758	858	4.74000000e+02
1.69341084e+01	2022-05-17T19:19:49.433650	859	4.74000000e+02
1.69362063e+01	2022-05-17T19:19:49.449271	860	4.77000000e+02
1.69448597e+01	2022-05-17T19:19:49.449271	861	4.74000000e+02
1.69565364e+01	2022-05-17T19:19:49.464893	862	4.78000000e+02
1.69650762e+01	2022-05-17T19:19:49.471872	863	4.84000000e+02
1.69895239e+01	2022-05-17T19:19:49.488680	864	4.73000000e+02
1.70199840e+01	2022-05-17T19:19:49.519928	865	4.75000000e+02
1.70262904e+01	2022-05-17T19:19:49.535970	866	4.74000000e+02
1.70346496e+01	2022-05-17T19:19:49.535970	867	4.78000000e+02
1.70558748e+01	2022-05-17T19:19:49.566804	868	4.92000000e+02
1.70846188e+01	2022-05-17T19:19:49.587446	869	4.73000000e+02
1.70870705e+01	2022-05-17T19:19:49.587446	870	4.87000000e+02
1.70959224e+01	2022-05-17T19:19:49.603594	871	4.80000000e+02
1.71037654e+01	2022-05-17T19:19:49.603594	872	4.75000000e+02
1.71205827e+01	2022-05-17T19:19:49.619172	873	5.12000000e+02
1.71503618e+01	2022-05-17T19:19:49.649931	874	4.93000000e+02
1.71612709e+01	2022-05-17T19:19:49.672292	875	4.82000000e+02
1.71715061e+01	2022-05-17T19:19:49.672292	876	4.84000000e+02
1.71896178e+01	2022-05-17T19:19:49.688366	877	4.78000000e+02
1.72125287e+01	2022-05-17T19:19:49.719161	878	4.71000000e+02
1.72208487e+01	2022-05-17T19:19:49.719161	879	4.73000000e+02
1.72311183e+01	2022-05-17T19:19:49.735191	880	4.74000000e+02
1.72535185e+01	2022-05-17T19:19:49.766037	881	4.75000000e+02
1.72778646e+01	2022-05-17T19:19:49.788180	882	4.72000000e+02
1.72882924e+01	2022-05-17T19:19:49.788180	883	4.77000000e+02
1.72966840e+01	2022-05-17T19:19:49.804315	884	4.74000000e+02
1.73283827e+01	2022-05-17T19:19:49.835058	885	4.73000000e+02
1.73527479e+01	2022-05-17T19:19:49.850665	886	4.78000000e+02
1.73579744e+01	2022-05-17T19:19:49.866296	887	4.73000000e+02
1.73663295e+01	2022-05-17T19:19:49.873284	888	4.77000000e+02
1.73925943e+01	2022-05-17T19:19:49.904532	889	4.70000000e+02
1.74176336e+01	2022-05-17T19:19:49.920154	890	4.73000000e+02
1.74325703e+01	2022-05-17T19:19:49.935774	891	4.84000000e+02
1.74438989e+01	2022-05-17T19:19:49.951441	892	4.70000000e+02
1.74519035e+01	2022-05-17T19:19:49.951441	893	4.73000000e+02
1.74681777e+01	2022-05-17T19:19:49.973404	894	4.73000000e+02
1.74926429e+01	2022-05-17T19:19:50.004652	895	4.73000000e+02
1.75012231e+01	2022-05-17T19:19:50.004652	896	4.76000000e+02
1.75090662e+01	2022-05-17T19:19:50.020856	897	4.75000000e+02
1.75179851e+01	2022-05-17T19:19:50.020856	898	4.72000000e+02
1.75376823e+01	2022-05-17T19:19:50.036429	899	4.75000000e+02
1.75617029e+01	2022-05-17T19:19:50.073642	900	5.28000000e+02
1.75688934e+01	2022-05-17T19:19:50.073642	901	5.23000000e+02
1.75749216e+01	2022-05-17T19:19:50.073642	902	4.74000000e+02
1.75833218e+01	2022-05-17T19:19:50.089742	903	4.74000000e+02
1.75913414e+01	2022-05-17T19:19:50.089742	904	4.74000000e+02
1.76147247e+01	2022-05-17T19:19:50.120518	905	4.73000000e+02
1.76377646e+01	2022-05-17T19:19:50.136131	906	4.74000000e+02
1.76543301e+01	2022-05-17T19:19:50.167376	907	4.84000000e+02
1.76880980e+01	2022-05-17T19:19:50.189508	908	4.73000000e+02
1.76977205e+01	2022-05-17T19:19:50.205450	909	5.20000000e+02
1.77065475e+01	2022-05-17T19:19:50.205450	910	5.03000000e+02
1.77310277e+01	2022-05-17T19:19:50.236372	911	4.72000000e+02
1.77554628e+01	2022-05-17T19:19:50.267623	912	4.79000000e+02
1.77676646e+01	2022-05-17T19:19:50.274772	913	4.73000000e+02
1.77758389e+01	2022-05-17T19:19:50.274772	914	4.98000000e+02
1.77883460e+01	2022-05-17T19:19:50.290848	915	4.74000000e+02
1.78105723e+01	2022-05-17T19:19:50.322856	916	4.74000000e+02
1.78396302e+01	2022-05-17T19:19:50.338478	917	4.75000000e+02
1.78453105e+01	2022-05-17T19:19:50.354132	918	4.74000000e+02
1.78530489e+01	2022-05-17T19:19:50.354132	919	4.82000000e+02
1.78619359e+01	2022-05-17T19:19:50.374773	920	4.81000000e+02
1.78739910e+01	2022-05-17T19:19:50.374773	921	4.75000000e+02
1.78921645e+01	2022-05-17T19:19:50.390933	922	4.70000000e+02
1.79252631e+01	2022-05-17T19:19:50.437273	923	4.72000000e+02
1.79305878e+01	2022-05-17T19:19:50.437273	924	4.74000000e+02
1.79394981e+01	2022-05-17T19:19:50.437273	925	4.74000000e+02
1.79481937e+01	2022-05-17T19:19:50.452883	926	4.74000000e+02
1.79696802e+01	2022-05-17T19:19:50.474905	927	4.73000000e+02
1.80002528e+01	2022-05-17T19:19:50.506749	928	4.73000000e+02
1.80095812e+01	2022-05-17T19:19:50.522369	929	4.74000000e+02
1.80211839e+01	2022-05-17T19:19:50.522369	930	4.75000000e+02
1.80398263e+01	2022-05-17T19:19:50.538449	931	4.73000000e+02
1.80649394e+01	2022-05-17T19:19:50.574817	932	4.76000000e+02
1.80737158e+01	2022-05-17T19:19:50.574817	933	4.76000000e+02
1.80830606e+01	2022-05-17T19:19:50.590866	934	4.70000000e+02
1.81064347e+01	2022-05-17T19:19:50.606590	935	4.77000000e+02
1.81163800e+01	2022-05-17T19:19:50.621686	936	4.77000000e+02
1.81414260e+01	2022-05-17T19:19:50.652935	937	4.74000000e+02
1.81526675e+01	2022-05-17T19:19:50.652935	938	4.83000000e+02
1.81609251e+01	2022-05-17T19:19:50.668585	939	4.73000000e+02
1.81729630e+01	2022-05-17T19:19:50.675523	940	5.27000000e+02
1.81941192e+01	2022-05-17T19:19:50.706771	941	4.72000000e+02
1.82179321e+01	2022-05-17T19:19:50.722392	942	4.84000000e+02
1.82259901e+01	2022-05-17T19:19:50.738027	943	4.78000000e+02
1.82349046e+01	2022-05-17T19:19:50.738027	944	4.74000000e+02
1.82467841e+01	2022-05-17T19:19:50.754177	945	4.74000000e+02
1.82545862e+01	2022-05-17T19:19:50.754177	946	4.74000000e+02
1.82796618e+01	2022-05-17T19:19:50.791383	947	4.75000000e+02
1.83033556e+01	2022-05-17T19:19:50.807006	948	4.74000000e+02
1.83081895e+01	2022-05-17T19:19:50.807006	949	4.74000000e+02
1.83165597e+01	2022-05-17T19:19:50.823068	950	4.74000000e+02
1.83423353e+01	2022-05-17T19:19:50.853869	951	5.14000000e+02
1.83674506e+01	2022-05-17T19:19:50.875998	952	4.76000000e+02
1.83778238e+01	2022-05-17T19:19:50.875998	953	5.23000000e+02
1.83862388e+01	2022-05-17T19:19:50.892001	954	4.76000000e+02
1.84089688e+01	2022-05-17T19:19:50.907245	955	4.74000000e+02
1.84193846e+01	2022-05-17T19:19:50.922867	956	4.70000000e+02
1.84380248e+01	2022-05-17T19:19:50.938487	957	4.73000000e+02
1.84468366e+01	2022-05-17T19:19:50.954110	958	4.74000000e+02
1.84554943e+01	2022-05-17T19:19:50.954110	959	4.75000000e+02
1.84637828e+01	2022-05-17T19:19:50.976181	960	4.95000000e+02
1.84716145e+01	2022-05-17T19:19:50.976181	961	4.74000000e+02
1.84810712e+01	2022-05-17T19:19:50.992261	962	4.74000000e+02
1.84924948e+01	2022-05-17T19:19:50.992261	963	4.75000000e+02
1.85008447e+01	2022-05-17T19:19:51.007916	964	4.94000000e+02
1.85252670e+01	2022-05-17T19:19:51.023604	965	4.73000000e+02
1.85558338e+01	2022-05-17T19:19:51.054294	966	4.73000000e+02
1.85619929e+01	2022-05-17T19:19:51.069930	967	4.74000000e+02
1.85712194e+01	2022-05-17T19:19:51.076930	968	4.75000000e+02
1.85825972e+01	2022-05-17T19:19:51.093064	969	4.74000000e+02
1.85910341e+01	2022-05-17T19:19:51.093064	970	4.77000000e+02
1.86125539e+01	2022-05-17T19:19:51.123800	971	4.73000000e+02
1.86419057e+01	2022-05-17T19:19:51.155050	972	4.72000000e+02
1.86481955e+01	2022-05-17T19:19:51.155050	973	5.27000000e+02
1.86564090e+01	2022-05-17T19:19:51.155050	974	4.76000000e+02
1.86646852e+01	2022-05-17T19:19:51.177147	975	4.74000000e+02
1.86768491e+01	2022-05-17T19:19:51.177147	976	4.76000000e+02
1.86970730e+01	2022-05-17T19:19:51.208395	977	5.21000000e+02
1.87264719e+01	2022-05-17T19:19:51.239638	978	4.77000000e+02
1.87376185e+01	2022-05-17T19:19:51.239638	979	4.74000000e+02
1.87464985e+01	2022-05-17T19:19:51.255850	980	4.72000000e+02
1.87546363e+01	2022-05-17T19:19:51.255850	981	4.85000000e+02
1.87733375e+01	2022-05-17T19:19:51.277420	982	4.74000000e+02
1.88061856e+01	2022-05-17T19:19:51.309283	983	4.89000000e+02
1.88160025e+01	2022-05-17T19:19:51.325317	984	4.87000000e+02
1.88243603e+01	2022-05-17T19:19:51.325317	985	4.73000000e+02
1.88453997e+01	2022-05-17T19:19:51.356151	986	4.82000000e+02
1.88760313e+01	2022-05-17T19:19:51.377283	987	4.73000000e+02
1.88814491e+01	2022-05-17T19:19:51.393426	988	4.85000000e+02
1.88899087e+01	2022-05-17T19:19:51.393426	989	4.74000000e+02
1.89130817e+01	2022-05-17T19:19:51.424161	990	4.84000000e+02
1.89434198e+01	2022-05-17T19:19:51.455397	991	4.72000000e+02
1.89469791e+01	2022-05-17T19:19:51.455397	992	4.77000000e+02
1.89555553e+01	2022-05-17T19:19:51.455397	993	4.88000000e+02
1.89678310e+01	2022-05-17T19:19:51.478003	994	4.74000000e+02
1.89799452e+01	2022-05-17T19:19:51.478003	995	4.73000000e+02
1.89972034e+01	2022-05-17T19:19:51.495013	996	4.78000000e+02
1.90287177e+01	2022-05-17T19:19:51.541885	997	4.86000000e+02
1.90331621e+01	2022-05-17T19:19:51.541885	998	4.75000000e+02
1.90415082e+01	2022-05-17T19:19:51.541885	999	4.82000000e+02
1.90539744e+01	2022-05-17T19:19:51.558023	1000	4.74000000e+02