Time elapsed	Time stamp	Loop Index	GP2Y ADC
s			Cts

5.01167680e+00	2022-05-17T19:20:15.904468	1	5.86000000e+02
5.02218990e+00	2022-05-17T19:20:15.904468	2	5.53000000e+02
5.03731640e+00	2022-05-17T19:20:15.919902	3	5.75000000e+02
5.06805570e+00	2022-05-17T19:20:15.957185	4	5.56000000e+02
5.07177740e+00	2022-05-17T19:20:15.957185	5	5.68000000e+02
5.08987100e+00	2022-05-17T19:20:15.972824	6	5.96000000e+02
5.09949760e+00	2022-05-17T19:20:15.988687	7	5.55000000e+02
5.10768750e+00	2022-05-17T19:20:15.988687	8	5.52000000e+02
5.12557230e+00	2022-05-17T19:20:16.019671	9	5.52000000e+02
5.13477620e+00	2022-05-17T19:20:16.019671	10	5.67000000e+02
5.14738390e+00	2022-05-17T19:20:16.035303	11	5.52000000e+02
5.15715770e+00	2022-05-17T19:20:16.041809	12	5.91000000e+02
5.16508130e+00	2022-05-17T19:20:16.057880	13	5.68000000e+02
5.17348400e+00	2022-05-17T19:20:16.057880	14	5.53000000e+02
5.19462170e+00	2022-05-17T19:20:16.088701	15	5.64000000e+02
5.21247300e+00	2022-05-17T19:20:16.104350	16	5.52000000e+02
5.22266810e+00	2022-05-17T19:20:16.104350	17	5.57000000e+02
5.23058210e+00	2022-05-17T19:20:16.120437	18	5.67000000e+02
5.23955160e+00	2022-05-17T19:20:16.120437	19	5.60000000e+02
5.26068990e+00	2022-05-17T19:20:16.142068	20	5.58000000e+02
5.26420270e+00	2022-05-17T19:20:16.157725	21	5.52000000e+02
5.28066770e+00	2022-05-17T19:20:16.173327	22	5.52000000e+02
5.29220940e+00	2022-05-17T19:20:16.173327	23	5.57000000e+02
5.30038720e+00	2022-05-17T19:20:16.189229	24	5.52000000e+02
5.30882850e+00	2022-05-17T19:20:16.189229	25	5.56000000e+02
5.33240140e+00	2022-05-17T19:20:16.220203	26	5.65000000e+02
5.34475130e+00	2022-05-17T19:20:16.235842	27	5.65000000e+02
5.35375990e+00	2022-05-17T19:20:16.242868	28	5.55000000e+02
5.36648270e+00	2022-05-17T19:20:16.258823	29	5.55000000e+02
5.37847260e+00	2022-05-17T19:20:16.258823	30	5.52000000e+02
5.39617270e+00	2022-05-17T19:20:16.289810	31	6.01000000e+02
5.41186480e+00	2022-05-17T19:20:16.305985	32	5.66000000e+02
5.41941140e+00	2022-05-17T19:20:16.305985	33	5.52000000e+02
5.43129440e+00	2022-05-17T19:20:16.321901	34	5.55000000e+02
5.43974870e+00	2022-05-17T19:20:16.321901	35	5.53000000e+02
5.46249260e+00	2022-05-17T19:20:16.343090	36	5.51000000e+02
5.50199620e+00	2022-05-17T19:20:16.389984	37	5.52000000e+02
5.51184060e+00	2022-05-17T19:20:16.405606	38	5.54000000e+02
5.52143630e+00	2022-05-17T19:20:16.405606	39	5.57000000e+02
5.52957820e+00	2022-05-17T19:20:16.421489	40	5.53000000e+02
5.53784620e+00	2022-05-17T19:20:16.421489	41	5.52000000e+02
5.56199720e+00	2022-05-17T19:20:16.443148	42	6.00000000e+02
5.58162660e+00	2022-05-17T19:20:16.474402	43	5.95000000e+02
5.59125350e+00	2022-05-17T19:20:16.474402	44	5.55000000e+02
5.60341490e+00	2022-05-17T19:20:16.491013	45	5.55000000e+02
5.61194920e+00	2022-05-17T19:20:16.491013	46	5.53000000e+02
5.62864470e+00	2022-05-17T19:20:16.522302	47	5.58000000e+02
5.64104430e+00	2022-05-17T19:20:16.522302	48	5.95000000e+02
5.65252860e+00	2022-05-17T19:20:16.543873	49	5.52000000e+02
5.66118680e+00	2022-05-17T19:20:16.543873	50	5.55000000e+02
5.68849610e+00	2022-05-17T19:20:16.575242	51	5.50000000e+02
5.70221870e+00	2022-05-17T19:20:16.590778	52	5.52000000e+02
5.71364720e+00	2022-05-17T19:20:16.606535	53	5.59000000e+02
5.72248420e+00	2022-05-17T19:20:16.606535	54	5.57000000e+02
5.74351580e+00	2022-05-17T19:20:16.637605	55	5.51000000e+02
5.76221750e+00	2022-05-17T19:20:16.644149	56	5.54000000e+02
5.76742230e+00	2022-05-17T19:20:16.660193	57	5.52000000e+02
5.77570800e+00	2022-05-17T19:20:16.660193	58	5.55000000e+02
5.79910870e+00	2022-05-17T19:20:16.691041	59	5.53000000e+02
5.81172170e+00	2022-05-17T19:20:16.691041	60	5.52000000e+02
5.81990790e+00	2022-05-17T19:20:16.706675	61	5.60000000e+02
5.82857330e+00	2022-05-17T19:20:16.722301	62	5.53000000e+02
5.83717030e+00	2022-05-17T19:20:16.722301	63	5.55000000e+02
5.85938850e+00	2022-05-17T19:20:16.744428	64	5.52000000e+02
5.87929480e+00	2022-05-17T19:20:16.760105	65	5.63000000e+02
5.89047630e+00	2022-05-17T19:20:16.776167	66	5.53000000e+02
5.91484340e+00	2022-05-17T19:20:16.806942	67	5.53000000e+02
5.93264730e+00	2022-05-17T19:20:16.822577	68	5.51000000e+02
5.94356950e+00	2022-05-17T19:20:16.822577	69	5.99000000e+02
5.95571550e+00	2022-05-17T19:20:16.844671	70	5.56000000e+02
5.96388900e+00	2022-05-17T19:20:16.844671	71	5.52000000e+02
5.98319070e+00	2022-05-17T19:20:16.875966	72	6.05000000e+02
6.00298440e+00	2022-05-17T19:20:16.891541	73	5.51000000e+02
6.00901540e+00	2022-05-17T19:20:16.891541	74	6.02000000e+02
6.01717660e+00	2022-05-17T19:20:16.907641	75	5.57000000e+02
6.02557280e+00	2022-05-17T19:20:16.907641	76	5.99000000e+02
6.04570210e+00	2022-05-17T19:20:16.938444	77	5.51000000e+02
6.05915530e+00	2022-05-17T19:20:16.944990	78	5.53000000e+02
6.07413730e+00	2022-05-17T19:20:16.960958	79	5.52000000e+02
6.08285070e+00	2022-05-17T19:20:16.976272	80	5.53000000e+02
6.09482150e+00	2022-05-17T19:20:16.976272	81	5.53000000e+02
6.11624310e+00	2022-05-17T19:20:17.007504	82	5.51000000e+02
6.13529510e+00	2022-05-17T19:20:17.023139	83	5.55000000e+02
6.14437940e+00	2022-05-17T19:20:17.023139	84	5.52000000e+02
6.15637140e+00	2022-05-17T19:20:17.045272	85	5.53000000e+02
6.16461570e+00	2022-05-17T19:20:17.045272	86	5.55000000e+02
6.18253570e+00	2022-05-17T19:20:17.076549	87	5.53000000e+02
6.20180480e+00	2022-05-17T19:20:17.092180	88	5.51000000e+02
6.21314160e+00	2022-05-17T19:20:17.092180	89	5.64000000e+02
6.22219340e+00	2022-05-17T19:20:17.107761	90	5.54000000e+02
6.24334150e+00	2022-05-17T19:20:17.123417	91	5.61000000e+02
6.26253580e+00	2022-05-17T19:20:17.145580	92	5.52000000e+02
6.26633240e+00	2022-05-17T19:20:17.145580	93	5.52000000e+02
6.27537410e+00	2022-05-17T19:20:17.161500	94	5.53000000e+02
6.29310810e+00	2022-05-17T19:20:17.177224	95	5.54000000e+02
6.30600740e+00	2022-05-17T19:20:17.192512	96	5.54000000e+02
6.31918820e+00	2022-05-17T19:20:17.208112	97	5.52000000e+02
6.32787220e+00	2022-05-17T19:20:17.208112	98	5.53000000e+02
6.33677550e+00	2022-05-17T19:20:17.224159	99	5.55000000e+02
6.36097650e+00	2022-05-17T19:20:17.245611	100	5.52000000e+02
6.36276140e+00	2022-05-17T19:20:17.245611	101	5.53000000e+02
6.38350930e+00	2022-05-17T19:20:17.276875	102	5.51000000e+02
6.39403790e+00	2022-05-17T19:20:17.276875	103	5.52000000e+02
6.40623330e+00	2022-05-17T19:20:17.292482	104	5.67000000e+02
6.42727700e+00	2022-05-17T19:20:17.308391	105	5.53000000e+02
6.42994490e+00	2022-05-17T19:20:17.324041	106	5.52000000e+02
6.44718320e+00	2022-05-17T19:20:17.339676	107	6.08000000e+02
6.45564280e+00	2022-05-17T19:20:17.346125	108	5.54000000e+02
6.46771960e+00	2022-05-17T19:20:17.361751	109	5.69000000e+02
6.47597460e+00	2022-05-17T19:20:17.361751	110	5.53000000e+02
6.50022040e+00	2022-05-17T19:20:17.393025	111	6.04000000e+02
6.51097260e+00	2022-05-17T19:20:17.393025	112	5.52000000e+02
6.52481970e+00	2022-05-17T19:20:17.408619	113	5.53000000e+02
6.53320210e+00	2022-05-17T19:20:17.424724	114	5.63000000e+02
6.54164450e+00	2022-05-17T19:20:17.424724	115	5.54000000e+02
6.56064370e+00	2022-05-17T19:20:17.446257	116	5.53000000e+02
6.56323880e+00	2022-05-17T19:20:17.446257	117	5.56000000e+02
6.58285750e+00	2022-05-17T19:20:17.461923	118	5.66000000e+02
6.58629860e+00	2022-05-17T19:20:17.477526	119	5.52000000e+02
6.59535230e+00	2022-05-17T19:20:17.477526	120	5.59000000e+02
6.60689600e+00	2022-05-17T19:20:17.493711	121	5.57000000e+02
6.61534470e+00	2022-05-17T19:20:17.509377	122	5.58000000e+02
6.63200150e+00	2022-05-17T19:20:17.525001	123	5.52000000e+02
6.64669340e+00	2022-05-17T19:20:17.540615	124	5.55000000e+02
6.65389390e+00	2022-05-17T19:20:17.546128	125	5.53000000e+02
6.66427310e+00	2022-05-17T19:20:17.546128	126	5.52000000e+02
6.67286380e+00	2022-05-17T19:20:17.562293	127	5.58000000e+02
6.69853750e+00	2022-05-17T19:20:17.577761	128	6.04000000e+02
6.70199760e+00	2022-05-17T19:20:17.593057	129	5.57000000e+02
6.71712940e+00	2022-05-17T19:20:17.608658	130	5.56000000e+02
6.72501770e+00	2022-05-17T19:20:17.608658	131	5.57000000e+02
6.73324900e+00	2022-05-17T19:20:17.624742	132	5.60000000e+02
6.74234750e+00	2022-05-17T19:20:17.624742	133	5.53000000e+02
6.76358410e+00	2022-05-17T19:20:17.646299	134	5.55000000e+02
6.78354730e+00	2022-05-17T19:20:17.677560	135	5.51000000e+02
6.79592900e+00	2022-05-17T19:20:17.677560	136	5.60000000e+02
6.80740670e+00	2022-05-17T19:20:17.693706	137	5.63000000e+02
6.81591510e+00	2022-05-17T19:20:17.708789	138	6.04000000e+02
6.82760390e+00	2022-05-17T19:20:17.708789	139	6.04000000e+02
6.85492590e+00	2022-05-17T19:20:17.746612	140	5.54000000e+02
6.86930190e+00	2022-05-17T19:20:17.762265	141	5.53000000e+02
6.88131860e+00	2022-05-17T19:20:17.762265	142	6.04000000e+02
6.88898840e+00	2022-05-17T19:20:17.778352	143	6.02000000e+02
6.89841280e+00	2022-05-17T19:20:17.778352	144	5.52000000e+02
6.91828450e+00	2022-05-17T19:20:17.809126	145	5.51000000e+02
6.93752910e+00	2022-05-17T19:20:17.824761	146	5.52000000e+02
6.94655200e+00	2022-05-17T19:20:17.840378	147	5.86000000e+02
6.95477400e+00	2022-05-17T19:20:17.847513	148	5.57000000e+02
6.96297020e+00	2022-05-17T19:20:17.847513	149	5.53000000e+02
6.98639700e+00	2022-05-17T19:20:17.878785	150	5.58000000e+02
7.00711750e+00	2022-05-17T19:20:17.894444	151	6.05000000e+02
7.01693020e+00	2022-05-17T19:20:17.910001	152	5.52000000e+02
7.02879530e+00	2022-05-17T19:20:17.910001	153	5.66000000e+02
7.04910080e+00	2022-05-17T19:20:17.941271	154	5.53000000e+02
7.07057000e+00	2022-05-17T19:20:17.963457	155	6.08000000e+02
7.08180270e+00	2022-05-17T19:20:17.963457	156	5.55000000e+02
7.09030750e+00	2022-05-17T19:20:17.979581	157	5.64000000e+02
7.09833740e+00	2022-05-17T19:20:17.979581	158	5.54000000e+02
7.12089040e+00	2022-05-17T19:20:18.010303	159	5.59000000e+02
7.14134720e+00	2022-05-17T19:20:18.025967	160	5.53000000e+02
7.15166400e+00	2022-05-17T19:20:18.041966	161	5.82000000e+02
7.16061260e+00	2022-05-17T19:20:18.048464	162	5.74000000e+02
7.18675440e+00	2022-05-17T19:20:18.079736	163	5.51000000e+02
7.20904350e+00	2022-05-17T19:20:18.095369	164	5.56000000e+02
7.21761420e+00	2022-05-17T19:20:18.110980	165	5.52000000e+02
7.23109000e+00	2022-05-17T19:20:18.110980	166	5.55000000e+02
7.24978440e+00	2022-05-17T19:20:18.142250	167	5.51000000e+02
7.27208320e+00	2022-05-17T19:20:18.164436	168	5.54000000e+02
7.28234540e+00	2022-05-17T19:20:18.164436	169	6.06000000e+02
7.29097220e+00	2022-05-17T19:20:18.180448	170	5.52000000e+02
7.29917680e+00	2022-05-17T19:20:18.180448	171	5.61000000e+02
7.31884520e+00	2022-05-17T19:20:18.211309	172	5.53000000e+02
7.34072710e+00	2022-05-17T19:20:18.226942	173	5.51000000e+02
7.34368910e+00	2022-05-17T19:20:18.226942	174	5.92000000e+02
7.35221570e+00	2022-05-17T19:20:18.243098	175	5.53000000e+02
7.36135440e+00	2022-05-17T19:20:18.249607	176	5.52000000e+02
7.38818220e+00	2022-05-17T19:20:18.280879	177	5.53000000e+02
7.39054990e+00	2022-05-17T19:20:18.280879	178	5.98000000e+02
7.40677110e+00	2022-05-17T19:20:18.296513	179	5.50000000e+02
7.41805790e+00	2022-05-17T19:20:18.312237	180	5.57000000e+02
7.42649440e+00	2022-05-17T19:20:18.312237	181	5.53000000e+02
7.44963510e+00	2022-05-17T19:20:18.343508	182	5.55000000e+02
7.45508240e+00	2022-05-17T19:20:18.343508	183	5.53000000e+02
7.47140630e+00	2022-05-17T19:20:18.365137	184	5.54000000e+02
7.47890210e+00	2022-05-17T19:20:18.365137	185	5.54000000e+02
7.48805750e+00	2022-05-17T19:20:18.380757	186	5.52000000e+02
7.49922870e+00	2022-05-17T19:20:18.380757	187	5.58000000e+02
7.52298150e+00	2022-05-17T19:20:18.412026	188	5.51000000e+02
7.53892970e+00	2022-05-17T19:20:18.427658	189	5.52000000e+02
7.54834010e+00	2022-05-17T19:20:18.427658	190	5.53000000e+02
7.55723780e+00	2022-05-17T19:20:18.450070	191	5.52000000e+02
7.56505720e+00	2022-05-17T19:20:18.450070	192	5.52000000e+02
7.57544930e+00	2022-05-17T19:20:18.466317	193	5.53000000e+02
7.59206260e+00	2022-05-17T19:20:18.481341	194	5.53000000e+02
7.61430770e+00	2022-05-17T19:20:18.497564	195	5.68000000e+02
7.61859820e+00	2022-05-17T19:20:18.497564	196	5.53000000e+02
7.62735810e+00	2022-05-17T19:20:18.513188	197	5.56000000e+02
7.65412000e+00	2022-05-17T19:20:18.544457	198	5.54000000e+02
7.67660720e+00	2022-05-17T19:20:18.565659	199	5.51000000e+02
7.68421300e+00	2022-05-17T19:20:18.565659	200	5.53000000e+02
7.69243180e+00	2022-05-17T19:20:18.581764	201	5.59000000e+02
7.71720800e+00	2022-05-17T19:20:18.597397	202	5.56000000e+02
7.72683570e+00	2022-05-17T19:20:18.612515	203	5.52000000e+02
7.74336370e+00	2022-05-17T19:20:18.628167	204	5.53000000e+02
7.75378530e+00	2022-05-17T19:20:18.643733	205	5.65000000e+02
7.76174410e+00	2022-05-17T19:20:18.650734	206	5.52000000e+02
7.77033250e+00	2022-05-17T19:20:18.650734	207	5.71000000e+02
7.78238220e+00	2022-05-17T19:20:18.666826	208	5.55000000e+02
7.79878230e+00	2022-05-17T19:20:18.682576	209	5.51000000e+02
7.81201460e+00	2022-05-17T19:20:18.697627	210	5.53000000e+02
7.82728640e+00	2022-05-17T19:20:18.713261	211	5.54000000e+02
7.83086210e+00	2022-05-17T19:20:18.713261	212	5.66000000e+02
7.83988220e+00	2022-05-17T19:20:18.729380	213	5.52000000e+02
7.86575520e+00	2022-05-17T19:20:18.751028	214	5.53000000e+02
7.88334240e+00	2022-05-17T19:20:18.766685	215	5.52000000e+02
7.89133140e+00	2022-05-17T19:20:18.782345	216	5.53000000e+02
7.90120950e+00	2022-05-17T19:20:18.782345	217	5.60000000e+02
7.91036300e+00	2022-05-17T19:20:18.798401	218	5.62000000e+02
7.93551580e+00	2022-05-17T19:20:18.829190	219	5.57000000e+02
7.93831830e+00	2022-05-17T19:20:18.829190	220	5.68000000e+02
7.95903590e+00	2022-05-17T19:20:18.851351	221	5.56000000e+02
7.96195220e+00	2022-05-17T19:20:18.851351	222	5.54000000e+02
7.97103230e+00	2022-05-17T19:20:18.851351	223	5.53000000e+02
7.98313290e+00	2022-05-17T19:20:18.867452	224	5.61000000e+02
8.00626600e+00	2022-05-17T19:20:18.898256	225	5.58000000e+02
8.02762130e+00	2022-05-17T19:20:18.913877	226	5.51000000e+02
8.03224000e+00	2022-05-17T19:20:18.913877	227	5.52000000e+02
8.04050590e+00	2022-05-17T19:20:18.929985	228	6.01000000e+02
8.04872230e+00	2022-05-17T19:20:18.929985	229	5.55000000e+02
8.06740440e+00	2022-05-17T19:20:18.951576	230	5.58000000e+02
8.08374140e+00	2022-05-17T19:20:18.967234	231	6.01000000e+02
8.09329050e+00	2022-05-17T19:20:18.982823	232	5.74000000e+02
8.10136820e+00	2022-05-17T19:20:18.982823	233	5.54000000e+02
8.11019620e+00	2022-05-17T19:20:18.998949	234	5.52000000e+02
8.11833030e+00	2022-05-17T19:20:18.998949	235	5.53000000e+02
8.13665090e+00	2022-05-17T19:20:19.029727	236	5.59000000e+02
8.15941040e+00	2022-05-17T19:20:19.051889	237	5.51000000e+02
8.16324340e+00	2022-05-17T19:20:19.051889	238	5.52000000e+02
8.17171340e+00	2022-05-17T19:20:19.051889	239	5.55000000e+02
8.18384280e+00	2022-05-17T19:20:19.067977	240	5.56000000e+02
8.20741270e+00	2022-05-17T19:20:19.098783	241	5.54000000e+02
8.22908480e+00	2022-05-17T19:20:19.114415	242	5.51000000e+02
8.24129090e+00	2022-05-17T19:20:19.130000	243	5.53000000e+02
8.26842680e+00	2022-05-17T19:20:19.152196	244	5.51000000e+02
8.28979510e+00	2022-05-17T19:20:19.183482	245	5.52000000e+02
8.29378750e+00	2022-05-17T19:20:19.183482	246	5.53000000e+02
8.30281050e+00	2022-05-17T19:20:19.183482	247	5.53000000e+02
8.31520280e+00	2022-05-17T19:20:19.199548	248	5.53000000e+02
8.34382960e+00	2022-05-17T19:20:19.230332	249	5.54000000e+02
8.36100480e+00	2022-05-17T19:20:19.252518	250	5.52000000e+02
8.37226600e+00	2022-05-17T19:20:19.252518	251	6.02000000e+02
8.38048360e+00	2022-05-17T19:20:19.268606	252	5.55000000e+02
8.38881510e+00	2022-05-17T19:20:19.268606	253	5.95000000e+02
8.40630240e+00	2022-05-17T19:20:19.299414	254	5.97000000e+02
8.42938380e+00	2022-05-17T19:20:19.315662	255	5.52000000e+02
8.43807270e+00	2022-05-17T19:20:19.331325	256	5.55000000e+02
8.44994790e+00	2022-05-17T19:20:19.331325	257	5.53000000e+02
8.47010400e+00	2022-05-17T19:20:19.352461	258	5.51000000e+02
8.48763130e+00	2022-05-17T19:20:19.368129	259	5.53000000e+02
8.49582140e+00	2022-05-17T19:20:19.383744	260	5.55000000e+02
8.50272620e+00	2022-05-17T19:20:19.383744	261	5.52000000e+02
8.51164340e+00	2022-05-17T19:20:19.399365	262	5.55000000e+02
8.53707240e+00	2022-05-17T19:20:19.430571	263	5.87000000e+02
8.54491910e+00	2022-05-17T19:20:19.430571	264	5.53000000e+02
8.56203810e+00	2022-05-17T19:20:19.452771	265	5.52000000e+02
8.57296120e+00	2022-05-17T19:20:19.452771	266	5.53000000e+02
8.58083800e+00	2022-05-17T19:20:19.468834	267	5.52000000e+02
8.58932320e+00	2022-05-17T19:20:19.468834	268	5.56000000e+02
8.61254040e+00	2022-05-17T19:20:19.500400	269	5.62000000e+02
8.62933340e+00	2022-05-17T19:20:19.516067	270	5.53000000e+02
8.63849600e+00	2022-05-17T19:20:19.531687	271	5.56000000e+02
8.65104190e+00	2022-05-17T19:20:19.531687	272	5.53000000e+02
8.67023740e+00	2022-05-17T19:20:19.552828	273	5.50000000e+02
8.69431880e+00	2022-05-17T19:20:19.584115	274	5.51000000e+02
8.70401970e+00	2022-05-17T19:20:19.584115	275	5.73000000e+02
8.71628180e+00	2022-05-17T19:20:19.600150	276	5.53000000e+02
8.73712980e+00	2022-05-17T19:20:19.630974	277	5.51000000e+02
8.76075710e+00	2022-05-17T19:20:19.653140	278	5.52000000e+02
8.76541790e+00	2022-05-17T19:20:19.653140	279	5.95000000e+02
8.77379130e+00	2022-05-17T19:20:19.653140	280	5.53000000e+02
8.78590010e+00	2022-05-17T19:20:19.669148	281	5.55000000e+02
8.80832960e+00	2022-05-17T19:20:19.700034	282	5.53000000e+02
8.83083570e+00	2022-05-17T19:20:19.715667	283	6.00000000e+02
8.83496330e+00	2022-05-17T19:20:19.715667	284	5.62000000e+02
8.84346530e+00	2022-05-17T19:20:19.731744	285	5.54000000e+02
8.86509410e+00	2022-05-17T19:20:19.753416	286	5.55000000e+02
8.87179570e+00	2022-05-17T19:20:19.753416	287	5.54000000e+02
8.88923150e+00	2022-05-17T19:20:19.769057	288	5.51000000e+02
8.90016940e+00	2022-05-17T19:20:19.784699	289	5.87000000e+02
8.90845080e+00	2022-05-17T19:20:19.800909	290	5.56000000e+02
8.91699790e+00	2022-05-17T19:20:19.800909	291	5.58000000e+02
8.93992640e+00	2022-05-17T19:20:19.831552	292	5.56000000e+02
8.96343360e+00	2022-05-17T19:20:19.853728	293	5.51000000e+02
8.97018780e+00	2022-05-17T19:20:19.853728	294	5.52000000e+02
8.97817710e+00	2022-05-17T19:20:19.869539	295	6.03000000e+02
8.98679560e+00	2022-05-17T19:20:19.869539	296	5.52000000e+02
9.00987710e+00	2022-05-17T19:20:19.900595	297	5.52000000e+02
9.03148150e+00	2022-05-17T19:20:19.916252	298	6.01000000e+02
9.03567070e+00	2022-05-17T19:20:19.916252	299	5.55000000e+02
9.04355570e+00	2022-05-17T19:20:19.932320	300	5.55000000e+02
9.05228990e+00	2022-05-17T19:20:19.932320	301	5.56000000e+02
9.07292540e+00	2022-05-17T19:20:19.953918	302	5.65000000e+02
9.09191170e+00	2022-05-17T19:20:19.985214	303	5.51000000e+02
9.10102440e+00	2022-05-17T19:20:19.985214	304	5.95000000e+02
9.10958010e+00	2022-05-17T19:20:20.001230	305	5.54000000e+02
9.12172220e+00	2022-05-17T19:20:20.001230	306	5.69000000e+02
9.14142250e+00	2022-05-17T19:20:20.032058	307	6.08000000e+02
9.16377860e+00	2022-05-17T19:20:20.054241	308	5.51000000e+02
9.16615990e+00	2022-05-17T19:20:20.054241	309	5.52000000e+02
9.17538580e+00	2022-05-17T19:20:20.054241	310	5.65000000e+02
9.18727420e+00	2022-05-17T19:20:20.069865	311	5.58000000e+02
9.20905580e+00	2022-05-17T19:20:20.101146	312	5.51000000e+02
9.22732480e+00	2022-05-17T19:20:20.116765	313	5.85000000e+02
9.23484460e+00	2022-05-17T19:20:20.116765	314	5.66000000e+02
9.24598490e+00	2022-05-17T19:20:20.132649	315	5.52000000e+02
9.26926550e+00	2022-05-17T19:20:20.154512	316	5.65000000e+02
9.27817110e+00	2022-05-17T19:20:20.170168	317	5.54000000e+02
9.29646930e+00	2022-05-17T19:20:20.185759	318	5.58000000e+02
9.30615690e+00	2022-05-17T19:20:20.185759	319	5.68000000e+02
9.31834460e+00	2022-05-17T19:20:20.201797	320	5.51000000e+02
9.34744880e+00	2022-05-17T19:20:20.232648	321	6.01000000e+02
9.36526760e+00	2022-05-17T19:20:20.254825	322	5.52000000e+02
9.37579880e+00	2022-05-17T19:20:20.254825	323	5.54000000e+02
9.38831530e+00	2022-05-17T19:20:20.270647	324	5.55000000e+02
9.40874830e+00	2022-05-17T19:20:20.302281	325	5.75000000e+02
9.43330190e+00	2022-05-17T19:20:20.317946	326	5.55000000e+02
9.43646750e+00	2022-05-17T19:20:20.317946	327	5.52000000e+02
9.44504110e+00	2022-05-17T19:20:20.334044	328	5.54000000e+02
9.45379360e+00	2022-05-17T19:20:20.334044	329	5.56000000e+02
9.47170950e+00	2022-05-17T19:20:20.354727	330	5.54000000e+02
9.49730250e+00	2022-05-17T19:20:20.386010	331	5.69000000e+02
9.50680640e+00	2022-05-17T19:20:20.386010	332	5.52000000e+02
9.51500860e+00	2022-05-17T19:20:20.401964	333	5.52000000e+02
9.54005090e+00	2022-05-17T19:20:20.432863	334	5.51000000e+02
9.56472030e+00	2022-05-17T19:20:20.455041	335	5.51000000e+02
9.56802760e+00	2022-05-17T19:20:20.455041	336	5.54000000e+02
9.57715280e+00	2022-05-17T19:20:20.470670	337	5.54000000e+02
9.58852790e+00	2022-05-17T19:20:20.470670	338	5.55000000e+02
9.60954370e+00	2022-05-17T19:20:20.502569	339	5.67000000e+02
9.63331890e+00	2022-05-17T19:20:20.518204	340	5.55000000e+02
9.63776170e+00	2022-05-17T19:20:20.518204	341	5.99000000e+02
9.64588300e+00	2022-05-17T19:20:20.534107	342	5.59000000e+02
9.65408180e+00	2022-05-17T19:20:20.534107	343	5.52000000e+02
9.67257680e+00	2022-05-17T19:20:20.555279	344	5.51000000e+02
9.69303950e+00	2022-05-17T19:20:20.586562	345	5.55000000e+02
9.70070820e+00	2022-05-17T19:20:20.586562	346	5.52000000e+02
9.71156540e+00	2022-05-17T19:20:20.602308	347	5.52000000e+02
9.71949420e+00	2022-05-17T19:20:20.602308	348	5.53000000e+02
9.74218420e+00	2022-05-17T19:20:20.633414	349	5.52000000e+02
9.76577420e+00	2022-05-17T19:20:20.655593	350	5.61000000e+02
9.77651540e+00	2022-05-17T19:20:20.655593	351	5.74000000e+02
9.78535950e+00	2022-05-17T19:20:20.671278	352	5.61000000e+02
9.81111940e+00	2022-05-17T19:20:20.702488	353	5.51000000e+02
9.83652210e+00	2022-05-17T19:20:20.718121	354	5.52000000e+02
9.84667430e+00	2022-05-17T19:20:20.734228	355	5.75000000e+02
9.85503990e+00	2022-05-17T19:20:20.734228	356	5.53000000e+02
9.87272590e+00	2022-05-17T19:20:20.755941	357	5.51000000e+02
9.89873880e+00	2022-05-17T19:20:20.787252	358	5.54000000e+02
9.90332930e+00	2022-05-17T19:20:20.787252	359	5.52000000e+02
9.91345030e+00	2022-05-17T19:20:20.802810	360	5.54000000e+02
9.93966500e+00	2022-05-17T19:20:20.818469	361	5.61000000e+02
9.94220590e+00	2022-05-17T19:20:20.834082	362	5.51000000e+02
9.96134770e+00	2022-05-17T19:20:20.849710	363	5.52000000e+02
9.96893340e+00	2022-05-17T19:20:20.856252	364	5.55000000e+02
9.97770700e+00	2022-05-17T19:20:20.871915	365	5.58000000e+02
9.98600620e+00	2022-05-17T19:20:20.871915	366	5.52000000e+02
9.99442300e+00	2022-05-17T19:20:20.887540	367	5.54000000e+02
1.00104645e+01	2022-05-17T19:20:20.903145	368	5.53000000e+02
1.00192484e+01	2022-05-17T19:20:20.903145	369	5.99000000e+02
1.00373201e+01	2022-05-17T19:20:20.918742	370	5.52000000e+02
1.00474543e+01	2022-05-17T19:20:20.934880	371	5.52000000e+02
1.00559112e+01	2022-05-17T19:20:20.950020	372	5.59000000e+02
1.00750741e+01	2022-05-17T19:20:20.956563	373	5.61000000e+02
1.00990244e+01	2022-05-17T19:20:20.987847	374	5.52000000e+02
1.01088929e+01	2022-05-17T19:20:20.987847	375	5.53000000e+02
1.01170095e+01	2022-05-17T19:20:21.003436	376	5.70000000e+02
1.01406510e+01	2022-05-17T19:20:21.034703	377	5.54000000e+02
1.01431515e+01	2022-05-17T19:20:21.034703	378	5.51000000e+02
1.01625965e+01	2022-05-17T19:20:21.050334	379	5.51000000e+02
1.01743599e+01	2022-05-17T19:20:21.056878	380	5.55000000e+02
1.01825699e+01	2022-05-17T19:20:21.072997	381	5.52000000e+02
1.01906535e+01	2022-05-17T19:20:21.072997	382	5.54000000e+02
1.02127263e+01	2022-05-17T19:20:21.103770	383	5.52000000e+02
1.02375281e+01	2022-05-17T19:20:21.119403	384	5.66000000e+02
1.02440179e+01	2022-05-17T19:20:21.135023	385	5.56000000e+02
1.02563225e+01	2022-05-17T19:20:21.135023	386	5.52000000e+02
1.02763466e+01	2022-05-17T19:20:21.157150	387	5.52000000e+02
1.02863161e+01	2022-05-17T19:20:21.172807	388	5.62000000e+02
1.03004721e+01	2022-05-17T19:20:21.188433	389	5.52000000e+02
1.03094226e+01	2022-05-17T19:20:21.188433	390	5.61000000e+02
1.03171661e+01	2022-05-17T19:20:21.204022	391	5.58000000e+02
1.03261424e+01	2022-05-17T19:20:21.219644	392	5.66000000e+02
1.03448725e+01	2022-05-17T19:20:21.235261	393	5.51000000e+02
1.03635895e+01	2022-05-17T19:20:21.257424	394	5.51000000e+02
1.03751045e+01	2022-05-17T19:20:21.257424	395	5.52000000e+02
1.03827678e+01	2022-05-17T19:20:21.273561	396	5.55000000e+02
1.03919625e+01	2022-05-17T19:20:21.273561	397	5.91000000e+02
1.04136895e+01	2022-05-17T19:20:21.304854	398	5.51000000e+02
1.04376026e+01	2022-05-17T19:20:21.320516	399	5.52000000e+02
1.04443602e+01	2022-05-17T19:20:21.336388	400	5.54000000e+02
1.04530562e+01	2022-05-17T19:20:21.336388	401	5.52000000e+02
1.04763690e+01	2022-05-17T19:20:21.357295	402	5.53000000e+02
1.05013031e+01	2022-05-17T19:20:21.388578	403	6.08000000e+02
1.05098521e+01	2022-05-17T19:20:21.388578	404	5.56000000e+02
1.05185401e+01	2022-05-17T19:20:21.404168	405	5.53000000e+02
1.05430123e+01	2022-05-17T19:20:21.435406	406	5.52000000e+02
1.05518100e+01	2022-05-17T19:20:21.435406	407	5.53000000e+02
1.05707151e+01	2022-05-17T19:20:21.457621	408	5.51000000e+02
1.05803895e+01	2022-05-17T19:20:21.473287	409	6.08000000e+02
1.05926159e+01	2022-05-17T19:20:21.473287	410	5.56000000e+02
1.06129034e+01	2022-05-17T19:20:21.505492	411	5.51000000e+02
1.06375051e+01	2022-05-17T19:20:21.521130	412	5.54000000e+02
1.06406559e+01	2022-05-17T19:20:21.521130	413	5.52000000e+02
1.06495732e+01	2022-05-17T19:20:21.537005	414	5.53000000e+02
1.06730251e+01	2022-05-17T19:20:21.557917	415	5.52000000e+02
1.06927919e+01	2022-05-17T19:20:21.573573	416	5.55000000e+02
1.07011124e+01	2022-05-17T19:20:21.589200	417	5.50000000e+02
1.07106612e+01	2022-05-17T19:20:21.604785	418	5.54000000e+02
1.07192109e+01	2022-05-17T19:20:21.604785	419	5.59000000e+02
1.07416860e+01	2022-05-17T19:20:21.620698	420	5.91000000e+02
1.07670985e+01	2022-05-17T19:20:21.658198	421	5.50000000e+02
1.07759839e+01	2022-05-17T19:20:21.658198	422	5.55000000e+02
1.07846745e+01	2022-05-17T19:20:21.674360	423	5.57000000e+02
1.07932183e+01	2022-05-17T19:20:21.674360	424	6.04000000e+02
1.08109772e+01	2022-05-17T19:20:21.705068	425	5.64000000e+02
1.08313324e+01	2022-05-17T19:20:21.720729	426	5.60000000e+02
1.08420511e+01	2022-05-17T19:20:21.720729	427	5.52000000e+02
1.08542443e+01	2022-05-17T19:20:21.736353	428	5.53000000e+02
1.08729902e+01	2022-05-17T19:20:21.758087	429	5.52000000e+02
1.08970047e+01	2022-05-17T19:20:21.789369	430	5.52000000e+02
1.09026810e+01	2022-05-17T19:20:21.789369	431	5.57000000e+02
1.09128495e+01	2022-05-17T19:20:21.805009	432	5.53000000e+02
1.09239452e+01	2022-05-17T19:20:21.805009	433	5.52000000e+02
1.09422275e+01	2022-05-17T19:20:21.836222	434	5.94000000e+02
1.09668123e+01	2022-05-17T19:20:21.858403	435	5.50000000e+02
1.09730166e+01	2022-05-17T19:20:21.858403	436	5.56000000e+02
1.09814677e+01	2022-05-17T19:20:21.874129	437	5.80000000e+02
1.09931592e+01	2022-05-17T19:20:21.874129	438	5.54000000e+02
1.10109738e+01	2022-05-17T19:20:21.890143	439	5.55000000e+02
1.10310964e+01	2022-05-17T19:20:21.920933	440	6.02000000e+02
1.10426203e+01	2022-05-17T19:20:21.936515	441	5.52000000e+02
1.10509040e+01	2022-05-17T19:20:21.936515	442	5.63000000e+02
1.10726401e+01	2022-05-17T19:20:21.958691	443	5.52000000e+02
1.10813984e+01	2022-05-17T19:20:21.974424	444	5.52000000e+02
1.11002506e+01	2022-05-17T19:20:21.989976	445	5.51000000e+02
1.11086001e+01	2022-05-17T19:20:21.989976	446	5.70000000e+02
1.11199018e+01	2022-05-17T19:20:22.006065	447	5.52000000e+02
1.11280869e+01	2022-05-17T19:20:22.021193	448	5.56000000e+02
1.11445188e+01	2022-05-17T19:20:22.036801	449	5.51000000e+02
1.11716354e+01	2022-05-17T19:20:22.058953	450	5.55000000e+02
1.11775081e+01	2022-05-17T19:20:22.058953	451	5.98000000e+02
1.11860530e+01	2022-05-17T19:20:22.075097	452	5.52000000e+02
1.12045518e+01	2022-05-17T19:20:22.090731	453	5.52000000e+02
1.12143744e+01	2022-05-17T19:20:22.105858	454	5.59000000e+02
1.12341270e+01	2022-05-17T19:20:22.121483	455	5.51000000e+02
1.12427106e+01	2022-05-17T19:20:22.121483	456	5.52000000e+02
1.12518817e+01	2022-05-17T19:20:22.137104	457	5.59000000e+02
1.12765997e+01	2022-05-17T19:20:22.159226	458	5.52000000e+02
1.13010570e+01	2022-05-17T19:20:22.190509	459	5.64000000e+02
1.13041953e+01	2022-05-17T19:20:22.190509	460	5.52000000e+02
1.13133124e+01	2022-05-17T19:20:22.206134	461	5.53000000e+02
1.13258478e+01	2022-05-17T19:20:22.206134	462	5.53000000e+02
1.13422957e+01	2022-05-17T19:20:22.222158	463	6.08000000e+02
1.13634742e+01	2022-05-17T19:20:22.252983	464	5.52000000e+02
1.13745463e+01	2022-05-17T19:20:22.259526	465	5.56000000e+02
1.13864850e+01	2022-05-17T19:20:22.275582	466	5.53000000e+02
1.13946317e+01	2022-05-17T19:20:22.275582	467	5.54000000e+02
1.14115975e+01	2022-05-17T19:20:22.291284	468	5.99000000e+02
1.14377378e+01	2022-05-17T19:20:22.322706	469	5.51000000e+02
1.14436833e+01	2022-05-17T19:20:22.322706	470	5.53000000e+02
1.14524705e+01	2022-05-17T19:20:22.338254	471	5.54000000e+02
1.14751920e+01	2022-05-17T19:20:22.359697	472	5.54000000e+02
1.15011842e+01	2022-05-17T19:20:22.391004	473	5.52000000e+02
1.15054239e+01	2022-05-17T19:20:22.391004	474	5.53000000e+02
1.15137964e+01	2022-05-17T19:20:22.406563	475	5.52000000e+02
1.15260848e+01	2022-05-17T19:20:22.406563	476	5.79000000e+02
1.15426882e+01	2022-05-17T19:20:22.422668	477	5.51000000e+02
1.15696533e+01	2022-05-17T19:20:22.460015	478	5.90000000e+02
1.15793209e+01	2022-05-17T19:20:22.460015	479	5.53000000e+02
1.15915370e+01	2022-05-17T19:20:22.476127	480	5.59000000e+02
1.16134016e+01	2022-05-17T19:20:22.492489	481	5.52000000e+02
1.16395518e+01	2022-05-17T19:20:22.523772	482	5.56000000e+02
1.16447088e+01	2022-05-17T19:20:22.523772	483	5.51000000e+02
1.16530021e+01	2022-05-17T19:20:22.539770	484	5.57000000e+02
1.16774624e+01	2022-05-17T19:20:22.559962	485	5.52000000e+02
1.17058562e+01	2022-05-17T19:20:22.591246	486	5.51000000e+02
1.17174429e+01	2022-05-17T19:20:22.607274	487	5.63000000e+02
1.17263415e+01	2022-05-17T19:20:22.607274	488	5.54000000e+02
1.17446352e+01	2022-05-17T19:20:22.638107	489	5.51000000e+02
1.17704268e+01	2022-05-17T19:20:22.660277	490	5.54000000e+02
1.17755638e+01	2022-05-17T19:20:22.660277	491	5.53000000e+02
1.17839799e+01	2022-05-17T19:20:22.676542	492	5.53000000e+02
1.17927865e+01	2022-05-17T19:20:22.676542	493	5.56000000e+02
1.18145225e+01	2022-05-17T19:20:22.707170	494	5.57000000e+02
1.18229348e+01	2022-05-17T19:20:22.707170	495	5.52000000e+02
1.18419832e+01	2022-05-17T19:20:22.722803	496	5.52000000e+02
1.18536061e+01	2022-05-17T19:20:22.738774	497	5.54000000e+02
1.18760403e+01	2022-05-17T19:20:22.760363	498	5.51000000e+02
1.19021368e+01	2022-05-17T19:20:22.791650	499	5.51000000e+02
1.19109033e+01	2022-05-17T19:20:22.791650	500	5.53000000e+02
1.19195681e+01	2022-05-17T19:20:22.807720	501	5.54000000e+02
1.19434433e+01	2022-05-17T19:20:22.822852	502	5.54000000e+02
1.19706755e+01	2022-05-17T19:20:22.860680	503	5.51000000e+02
1.19806166e+01	2022-05-17T19:20:22.860680	504	5.87000000e+02
1.19889295e+01	2022-05-17T19:20:22.876766	505	5.53000000e+02
1.20155929e+01	2022-05-17T19:20:22.907586	506	5.51000000e+02
1.20416809e+01	2022-05-17T19:20:22.923206	507	5.53000000e+02
1.20498708e+01	2022-05-17T19:20:22.939326	508	5.52000000e+02
1.20582763e+01	2022-05-17T19:20:22.939326	509	5.54000000e+02
1.20790884e+01	2022-05-17T19:20:22.960995	510	5.71000000e+02
1.21103682e+01	2022-05-17T19:20:22.992277	511	5.67000000e+02
1.21197987e+01	2022-05-17T19:20:23.008373	512	5.53000000e+02
1.21274178e+01	2022-05-17T19:20:23.008373	513	5.54000000e+02
1.21464717e+01	2022-05-17T19:20:23.039146	514	5.52000000e+02
1.21685883e+01	2022-05-17T19:20:23.061313	515	5.51000000e+02
1.21832618e+01	2022-05-17T19:20:23.076965	516	5.51000000e+02
1.21933334e+01	2022-05-17T19:20:23.076965	517	6.13000000e+02
1.22011052e+01	2022-05-17T19:20:23.093144	518	6.08000000e+02
1.22098187e+01	2022-05-17T19:20:23.093144	519	5.52000000e+02
1.22317252e+01	2022-05-17T19:20:23.123826	520	5.76000000e+02
1.22582892e+01	2022-05-17T19:20:23.139465	521	5.51000000e+02
1.22626916e+01	2022-05-17T19:20:23.155499	522	5.75000000e+02
1.22714080e+01	2022-05-17T19:20:23.162082	523	5.70000000e+02
1.22796201e+01	2022-05-17T19:20:23.162082	524	5.54000000e+02
1.23084403e+01	2022-05-17T19:20:23.193354	525	5.55000000e+02
1.23299064e+01	2022-05-17T19:20:23.208991	526	5.51000000e+02
1.23409495e+01	2022-05-17T19:20:23.224571	527	5.57000000e+02
1.23633498e+01	2022-05-17T19:20:23.255814	528	5.51000000e+02
1.23898235e+01	2022-05-17T19:20:23.278040	529	6.04000000e+02
1.23941161e+01	2022-05-17T19:20:23.278040	530	5.52000000e+02
1.24023456e+01	2022-05-17T19:20:23.294244	531	5.53000000e+02
1.24103239e+01	2022-05-17T19:20:23.294244	532	5.55000000e+02
1.24329844e+01	2022-05-17T19:20:23.326108	533	5.51000000e+02
1.24598060e+01	2022-05-17T19:20:23.341731	534	6.02000000e+02
1.24640894e+01	2022-05-17T19:20:23.357342	535	5.53000000e+02
1.24759902e+01	2022-05-17T19:20:23.362895	536	5.53000000e+02
1.24845848e+01	2022-05-17T19:20:23.378530	537	5.51000000e+02
1.25100365e+01	2022-05-17T19:20:23.394181	538	5.51000000e+02
1.25380558e+01	2022-05-17T19:20:23.425426	539	5.55000000e+02
1.25497701e+01	2022-05-17T19:20:23.441504	540	5.56000000e+02
1.25586002e+01	2022-05-17T19:20:23.441504	541	5.52000000e+02
1.25782405e+01	2022-05-17T19:20:23.463103	542	5.54000000e+02
1.26000053e+01	2022-05-17T19:20:23.478764	543	5.52000000e+02
1.26113324e+01	2022-05-17T19:20:23.494990	544	5.60000000e+02
1.26194308e+01	2022-05-17T19:20:23.511216	545	5.54000000e+02
1.26271886e+01	2022-05-17T19:20:23.511216	546	5.53000000e+02
1.26501011e+01	2022-05-17T19:20:23.541929	547	5.60000000e+02
1.26760568e+01	2022-05-17T19:20:23.563138	548	5.52000000e+02
1.26809444e+01	2022-05-17T19:20:23.563138	549	5.52000000e+02
1.26891425e+01	2022-05-17T19:20:23.579307	550	5.65000000e+02
1.26975404e+01	2022-05-17T19:20:23.579307	551	5.52000000e+02
1.27181271e+01	2022-05-17T19:20:23.610030	552	5.52000000e+02
1.27444931e+01	2022-05-17T19:20:23.625662	553	5.63000000e+02
1.27505085e+01	2022-05-17T19:20:23.641365	554	5.70000000e+02
1.27589563e+01	2022-05-17T19:20:23.641365	555	5.52000000e+02
1.27864473e+01	2022-05-17T19:20:23.679033	556	6.00000000e+02
1.28057888e+01	2022-05-17T19:20:23.694664	557	5.54000000e+02
1.28120513e+01	2022-05-17T19:20:23.694664	558	5.63000000e+02
1.28195362e+01	2022-05-17T19:20:23.710780	559	5.55000000e+02
1.28284088e+01	2022-05-17T19:20:23.710780	560	5.55000000e+02
1.28505921e+01	2022-05-17T19:20:23.741517	561	5.64000000e+02
1.28712241e+01	2022-05-17T19:20:23.763645	562	5.51000000e+02
1.28816191e+01	2022-05-17T19:20:23.763645	563	5.55000000e+02
1.28898226e+01	2022-05-17T19:20:23.779807	564	5.53000000e+02
1.28982107e+01	2022-05-17T19:20:23.779807	565	5.54000000e+02
1.29190649e+01	2022-05-17T19:20:23.810542	566	5.56000000e+02
1.29453048e+01	2022-05-17T19:20:23.826170	567	5.51000000e+02
1.29514211e+01	2022-05-17T19:20:23.842155	568	5.53000000e+02
1.29591142e+01	2022-05-17T19:20:23.842155	569	5.52000000e+02
1.29804642e+01	2022-05-17T19:20:23.863983	570	5.54000000e+02
1.30069829e+01	2022-05-17T19:20:23.895229	571	5.91000000e+02
1.30126782e+01	2022-05-17T19:20:23.895229	572	5.53000000e+02
1.30209475e+01	2022-05-17T19:20:23.911403	573	5.61000000e+02
1.30296114e+01	2022-05-17T19:20:23.911403	574	5.53000000e+02
1.30501001e+01	2022-05-17T19:20:23.942118	575	5.58000000e+02
1.30780259e+01	2022-05-17T19:20:23.964269	576	5.52000000e+02
1.30867332e+01	2022-05-17T19:20:23.979930	577	5.52000000e+02
1.30987232e+01	2022-05-17T19:20:23.979930	578	6.04000000e+02
1.31187976e+01	2022-05-17T19:20:24.011162	579	5.69000000e+02
1.31462463e+01	2022-05-17T19:20:24.026797	580	5.52000000e+02
1.31562786e+01	2022-05-17T19:20:24.042860	581	5.52000000e+02
1.31753268e+01	2022-05-17T19:20:24.064572	582	5.53000000e+02
1.31826740e+01	2022-05-17T19:20:24.064572	583	5.51000000e+02
1.32044337e+01	2022-05-17T19:20:24.095856	584	5.55000000e+02
1.32193777e+01	2022-05-17T19:20:24.111478	585	5.51000000e+02
1.32297292e+01	2022-05-17T19:20:24.111478	586	5.62000000e+02
1.32380815e+01	2022-05-17T19:20:24.127590	587	5.52000000e+02
1.32644237e+01	2022-05-17T19:20:24.158328	588	5.55000000e+02
1.32681594e+01	2022-05-17T19:20:24.158328	589	5.52000000e+02
1.32960540e+01	2022-05-17T19:20:24.180528	590	5.58000000e+02
1.33076766e+01	2022-05-17T19:20:24.196443	591	5.76000000e+02
1.33160161e+01	2022-05-17T19:20:24.196443	592	5.53000000e+02
1.33358618e+01	2022-05-17T19:20:24.227378	593	5.52000000e+02
1.33567390e+01	2022-05-17T19:20:24.243010	594	5.52000000e+02
1.33645576e+01	2022-05-17T19:20:24.258595	595	5.53000000e+02
1.33731125e+01	2022-05-17T19:20:24.265743	596	5.65000000e+02
1.33815679e+01	2022-05-17T19:20:24.265743	597	5.52000000e+02
1.33932202e+01	2022-05-17T19:20:24.281980	598	5.53000000e+02
1.34019664e+01	2022-05-17T19:20:24.281980	599	5.52000000e+02
1.34212477e+01	2022-05-17T19:20:24.313256	600	5.51000000e+02
1.34462244e+01	2022-05-17T19:20:24.328918	601	5.74000000e+02
1.34511312e+01	2022-05-17T19:20:24.344541	602	5.62000000e+02
1.34632151e+01	2022-05-17T19:20:24.344541	603	5.54000000e+02
1.34844042e+01	2022-05-17T19:20:24.365671	604	5.51000000e+02
1.35067396e+01	2022-05-17T19:20:24.396955	605	5.53000000e+02
1.35164729e+01	2022-05-17T19:20:24.396955	606	5.73000000e+02
1.35248493e+01	2022-05-17T19:20:24.413022	607	5.52000000e+02
1.35527206e+01	2022-05-17T19:20:24.443811	608	5.59000000e+02
1.35798778e+01	2022-05-17T19:20:24.465987	609	5.64000000e+02
1.35904112e+01	2022-05-17T19:20:24.482143	610	5.53000000e+02
1.36025687e+01	2022-05-17T19:20:24.482143	611	5.56000000e+02
1.36208162e+01	2022-05-17T19:20:24.513877	612	5.63000000e+02
1.36471476e+01	2022-05-17T19:20:24.529501	613	5.59000000e+02
1.36516739e+01	2022-05-17T19:20:24.545109	614	5.52000000e+02
1.36595964e+01	2022-05-17T19:20:24.545109	615	5.53000000e+02
1.36840329e+01	2022-05-17T19:20:24.566101	616	5.51000000e+02
1.37124610e+01	2022-05-17T19:20:24.597386	617	5.51000000e+02
1.37173826e+01	2022-05-17T19:20:24.597386	618	5.72000000e+02
1.37293991e+01	2022-05-17T19:20:24.613419	619	5.53000000e+02
1.37525460e+01	2022-05-17T19:20:24.644236	620	5.53000000e+02
1.37804333e+01	2022-05-17T19:20:24.666409	621	5.51000000e+02
1.37907516e+01	2022-05-17T19:20:24.682529	622	5.60000000e+02
1.37992660e+01	2022-05-17T19:20:24.682529	623	5.55000000e+02
1.38282707e+01	2022-05-17T19:20:24.713302	624	5.54000000e+02
1.38492629e+01	2022-05-17T19:20:24.728934	625	5.53000000e+02
1.38515496e+01	2022-05-17T19:20:24.744523	626	5.52000000e+02
1.38600557e+01	2022-05-17T19:20:24.744523	627	5.59000000e+02
1.38681437e+01	2022-05-17T19:20:24.760768	628	5.54000000e+02
1.38766189e+01	2022-05-17T19:20:24.766829	629	5.60000000e+02
1.38853500e+01	2022-05-17T19:20:24.766829	630	5.52000000e+02
1.39049348e+01	2022-05-17T19:20:24.798102	631	5.54000000e+02
1.39318418e+01	2022-05-17T19:20:24.813696	632	5.51000000e+02
1.39381761e+01	2022-05-17T19:20:24.829745	633	5.60000000e+02
1.39466100e+01	2022-05-17T19:20:24.829745	634	5.89000000e+02
1.39688453e+01	2022-05-17T19:20:24.860586	635	5.51000000e+02
1.39909238e+01	2022-05-17T19:20:24.882752	636	5.54000000e+02
1.39994196e+01	2022-05-17T19:20:24.882752	637	5.74000000e+02
1.40080398e+01	2022-05-17T19:20:24.898922	638	5.52000000e+02
1.40163439e+01	2022-05-17T19:20:24.898922	639	5.56000000e+02
1.40376363e+01	2022-05-17T19:20:24.929609	640	5.51000000e+02
1.40594051e+01	2022-05-17T19:20:24.945241	641	5.93000000e+02
1.40687914e+01	2022-05-17T19:20:24.961191	642	5.65000000e+02
1.40771473e+01	2022-05-17T19:20:24.967466	643	5.52000000e+02
1.40859621e+01	2022-05-17T19:20:24.967466	644	5.52000000e+02
1.41065941e+01	2022-05-17T19:20:24.998739	645	6.04000000e+02
1.41346840e+01	2022-05-17T19:20:25.014373	646	5.51000000e+02
1.41428672e+01	2022-05-17T19:20:25.030371	647	5.70000000e+02
1.41518660e+01	2022-05-17T19:20:25.045602	648	5.55000000e+02
1.41683034e+01	2022-05-17T19:20:25.061226	649	5.61000000e+02
1.41960653e+01	2022-05-17T19:20:25.083438	650	5.54000000e+02
1.42004464e+01	2022-05-17T19:20:25.083438	651	5.53000000e+02
1.42083797e+01	2022-05-17T19:20:25.099339	652	5.74000000e+02
1.42167588e+01	2022-05-17T19:20:25.099339	653	5.53000000e+02
1.42331841e+01	2022-05-17T19:20:25.114960	654	5.53000000e+02
1.42414523e+01	2022-05-17T19:20:25.130261	655	5.52000000e+02
1.42642538e+01	2022-05-17T19:20:25.145894	656	5.69000000e+02
1.42715732e+01	2022-05-17T19:20:25.161545	657	5.97000000e+02
1.42824336e+01	2022-05-17T19:20:25.168346	658	5.72000000e+02
1.42913462e+01	2022-05-17T19:20:25.183973	659	5.77000000e+02
1.43028843e+01	2022-05-17T19:20:25.183973	660	5.65000000e+02
1.43237370e+01	2022-05-17T19:20:25.215258	661	5.52000000e+02
1.43502369e+01	2022-05-17T19:20:25.230863	662	5.52000000e+02
1.43596879e+01	2022-05-17T19:20:25.246952	663	5.52000000e+02
1.43686164e+01	2022-05-17T19:20:25.262117	664	5.54000000e+02
1.43877313e+01	2022-05-17T19:20:25.268671	665	6.00000000e+02
1.44145716e+01	2022-05-17T19:20:25.299963	666	5.53000000e+02
1.44217143e+01	2022-05-17T19:20:25.315674	667	5.54000000e+02
1.44339468e+01	2022-05-17T19:20:25.315674	668	5.52000000e+02
1.44626834e+01	2022-05-17T19:20:25.346945	669	6.02000000e+02
1.44850167e+01	2022-05-17T19:20:25.368621	670	5.52000000e+02
1.44953357e+01	2022-05-17T19:20:25.384245	671	5.58000000e+02
1.45037465e+01	2022-05-17T19:20:25.384245	672	5.96000000e+02
1.45214494e+01	2022-05-17T19:20:25.415513	673	5.54000000e+02
1.45459176e+01	2022-05-17T19:20:25.431148	674	5.53000000e+02
1.45539599e+01	2022-05-17T19:20:25.446747	675	5.52000000e+02
1.45649980e+01	2022-05-17T19:20:25.446747	676	5.52000000e+02
1.45770068e+01	2022-05-17T19:20:25.469174	677	6.08000000e+02
1.45857308e+01	2022-05-17T19:20:25.469174	678	5.97000000e+02
1.46093186e+01	2022-05-17T19:20:25.501070	679	5.52000000e+02
1.46378842e+01	2022-05-17T19:20:25.516730	680	5.55000000e+02
1.46470406e+01	2022-05-17T19:20:25.532315	681	5.52000000e+02
1.46731768e+01	2022-05-17T19:20:25.563587	682	5.52000000e+02
1.46820808e+01	2022-05-17T19:20:25.569098	683	5.53000000e+02
1.47035939e+01	2022-05-17T19:20:25.584759	684	5.52000000e+02
1.47127427e+01	2022-05-17T19:20:25.600470	685	5.63000000e+02
1.47399745e+01	2022-05-17T19:20:25.631619	686	5.52000000e+02
1.47687314e+01	2022-05-17T19:20:25.662835	687	5.53000000e+02
1.47778890e+01	2022-05-17T19:20:25.669713	688	5.55000000e+02
1.47864129e+01	2022-05-17T19:20:25.669713	689	5.53000000e+02
1.48084271e+01	2022-05-17T19:20:25.701024	690	5.52000000e+02
1.48324016e+01	2022-05-17T19:20:25.716617	691	5.51000000e+02
1.48432361e+01	2022-05-17T19:20:25.732210	692	5.54000000e+02
1.48518911e+01	2022-05-17T19:20:25.732210	693	5.52000000e+02
1.48639718e+01	2022-05-17T19:20:25.748296	694	5.52000000e+02
1.48877218e+01	2022-05-17T19:20:25.770082	695	5.53000000e+02
1.49158854e+01	2022-05-17T19:20:25.801365	696	5.55000000e+02
1.49253144e+01	2022-05-17T19:20:25.817066	697	5.55000000e+02
1.49338007e+01	2022-05-17T19:20:25.817066	698	5.53000000e+02
1.49567822e+01	2022-05-17T19:20:25.848217	699	5.55000000e+02
1.49849333e+01	2022-05-17T19:20:25.870405	700	5.51000000e+02
1.49908843e+01	2022-05-17T19:20:25.870405	701	5.68000000e+02
1.50105534e+01	2022-05-17T19:20:25.901693	702	5.54000000e+02
1.50383888e+01	2022-05-17T19:20:25.917313	703	5.99000000e+02
1.50487347e+01	2022-05-17T19:20:25.932894	704	5.54000000e+02
1.50716935e+01	2022-05-17T19:20:25.964161	705	5.68000000e+02
1.50804631e+01	2022-05-17T19:20:25.970723	706	5.58000000e+02
1.51039941e+01	2022-05-17T19:20:25.986385	707	5.63000000e+02
1.51138052e+01	2022-05-17T19:20:26.002219	708	5.64000000e+02
1.51220820e+01	2022-05-17T19:20:26.002219	709	5.52000000e+02
1.51418190e+01	2022-05-17T19:20:26.033212	710	5.51000000e+02
1.51697950e+01	2022-05-17T19:20:26.048873	711	5.55000000e+02
1.51750055e+01	2022-05-17T19:20:26.064461	712	5.53000000e+02
1.51836649e+01	2022-05-17T19:20:26.071466	713	5.52000000e+02
1.51954754e+01	2022-05-17T19:20:26.087555	714	5.98000000e+02
1.52042808e+01	2022-05-17T19:20:26.087555	715	5.52000000e+02
1.52258164e+01	2022-05-17T19:20:26.118365	716	5.54000000e+02
1.52491100e+01	2022-05-17T19:20:26.133996	717	5.89000000e+02
1.52651176e+01	2022-05-17T19:20:26.149606	718	5.62000000e+02
1.52734294e+01	2022-05-17T19:20:26.165236	719	5.52000000e+02
1.52817267e+01	2022-05-17T19:20:26.172237	720	5.59000000e+02
1.52904461e+01	2022-05-17T19:20:26.172237	721	5.52000000e+02
1.53121359e+01	2022-05-17T19:20:26.203509	722	5.51000000e+02
1.53405027e+01	2022-05-17T19:20:26.234735	723	5.54000000e+02
1.53470924e+01	2022-05-17T19:20:26.234735	724	5.60000000e+02
1.53557514e+01	2022-05-17T19:20:26.234735	725	5.76000000e+02
1.53679132e+01	2022-05-17T19:20:26.250350	726	5.51000000e+02
1.53900357e+01	2022-05-17T19:20:26.272522	727	5.57000000e+02
1.54133377e+01	2022-05-17T19:20:26.304406	728	5.51000000e+02
1.54248127e+01	2022-05-17T19:20:26.304406	729	5.53000000e+02
1.54334689e+01	2022-05-17T19:20:26.320468	730	5.52000000e+02
1.54591127e+01	2022-05-17T19:20:26.351317	731	5.52000000e+02
1.54879335e+01	2022-05-17T19:20:26.372481	732	5.51000000e+02
1.54988236e+01	2022-05-17T19:20:26.388522	733	5.52000000e+02
1.55078112e+01	2022-05-17T19:20:26.388522	734	5.52000000e+02
1.55205437e+01	2022-05-17T19:20:26.404204	735	6.09000000e+02
1.55499413e+01	2022-05-17T19:20:26.435008	736	5.53000000e+02
1.55578308e+01	2022-05-17T19:20:26.450599	737	5.60000000e+02
1.55684688e+01	2022-05-17T19:20:26.450599	738	5.53000000e+02
1.55759882e+01	2022-05-17T19:20:26.466748	739	5.55000000e+02
1.55849721e+01	2022-05-17T19:20:26.473273	740	6.08000000e+02
1.55978302e+01	2022-05-17T19:20:26.490080	741	5.54000000e+02
1.56151675e+01	2022-05-17T19:20:26.505732	742	5.77000000e+02
1.56382488e+01	2022-05-17T19:20:26.521366	743	5.51000000e+02
1.56506895e+01	2022-05-17T19:20:26.536994	744	5.55000000e+02
1.56625575e+01	2022-05-17T19:20:26.552570	745	5.54000000e+02
1.56709993e+01	2022-05-17T19:20:26.552570	746	5.59000000e+02
1.56955647e+01	2022-05-17T19:20:26.589183	747	5.52000000e+02
1.57207874e+01	2022-05-17T19:20:26.604812	748	6.06000000e+02
1.57232582e+01	2022-05-17T19:20:26.604812	749	5.53000000e+02
1.57323207e+01	2022-05-17T19:20:26.620395	750	6.08000000e+02
1.57410750e+01	2022-05-17T19:20:26.620395	751	5.52000000e+02
1.57611266e+01	2022-05-17T19:20:26.651675	752	5.51000000e+02
1.57899160e+01	2022-05-17T19:20:26.673845	753	5.70000000e+02
1.57935133e+01	2022-05-17T19:20:26.673845	754	5.53000000e+02
1.58020319e+01	2022-05-17T19:20:26.689952	755	5.52000000e+02
1.58187984e+01	2022-05-17T19:20:26.705608	756	5.53000000e+02
1.58300434e+01	2022-05-17T19:20:26.720749	757	5.74000000e+02
1.58593642e+01	2022-05-17T19:20:26.751996	758	5.51000000e+02
1.58679195e+01	2022-05-17T19:20:26.751996	759	6.06000000e+02
1.58797408e+01	2022-05-17T19:20:26.773868	760	5.52000000e+02
1.58881231e+01	2022-05-17T19:20:26.773868	761	5.53000000e+02
1.59124869e+01	2022-05-17T19:20:26.805139	762	5.64000000e+02
1.59426516e+01	2022-05-17T19:20:26.836356	763	5.53000000e+02
1.59451068e+01	2022-05-17T19:20:26.836356	764	5.61000000e+02
1.59536327e+01	2022-05-17T19:20:26.836356	765	5.52000000e+02
1.59657120e+01	2022-05-17T19:20:26.851978	766	5.62000000e+02
1.59900723e+01	2022-05-17T19:20:26.874142	767	5.64000000e+02
1.59939000e+01	2022-05-17T19:20:26.874142	768	5.51000000e+02
1.60217050e+01	2022-05-17T19:20:26.905429	769	5.52000000e+02
1.60313347e+01	2022-05-17T19:20:26.921472	770	5.52000000e+02
1.60401394e+01	2022-05-17T19:20:26.921472	771	5.55000000e+02
1.60612292e+01	2022-05-17T19:20:26.952279	772	5.53000000e+02
1.60898058e+01	2022-05-17T19:20:26.974452	773	5.57000000e+02
1.60972455e+01	2022-05-17T19:20:26.990137	774	6.06000000e+02
1.61087069e+01	2022-05-17T19:20:26.990137	775	5.52000000e+02
1.61313044e+01	2022-05-17T19:20:27.021345	776	5.53000000e+02
1.61600921e+01	2022-05-17T19:20:27.052576	777	5.52000000e+02
1.61705566e+01	2022-05-17T19:20:27.052576	778	5.64000000e+02
1.61787741e+01	2022-05-17T19:20:27.068454	779	5.54000000e+02
1.61870110e+01	2022-05-17T19:20:27.074917	780	5.52000000e+02
1.62154552e+01	2022-05-17T19:20:27.106188	781	5.51000000e+02
1.62432749e+01	2022-05-17T19:20:27.137415	782	5.53000000e+02
1.62483523e+01	2022-05-17T19:20:27.137415	783	5.55000000e+02
1.62568608e+01	2022-05-17T19:20:27.137415	784	5.57000000e+02
1.62688988e+01	2022-05-17T19:20:27.153507	785	5.52000000e+02
1.62768916e+01	2022-05-17T19:20:27.168647	786	5.65000000e+02
1.62948560e+01	2022-05-17T19:20:27.175189	787	5.62000000e+02
1.63244797e+01	2022-05-17T19:20:27.206478	788	5.74000000e+02
1.63301131e+01	2022-05-17T19:20:27.222548	789	5.53000000e+02
1.63386864e+01	2022-05-17T19:20:27.222548	790	5.56000000e+02
1.63556061e+01	2022-05-17T19:20:27.238216	791	5.58000000e+02
1.63708145e+01	2022-05-17T19:20:27.253335	792	5.53000000e+02
1.63937748e+01	2022-05-17T19:20:27.275503	793	5.53000000e+02
1.64039846e+01	2022-05-17T19:20:27.291635	794	5.55000000e+02
1.64122410e+01	2022-05-17T19:20:27.291635	795	5.55000000e+02
1.64209795e+01	2022-05-17T19:20:27.306750	796	5.52000000e+02
1.64465377e+01	2022-05-17T19:20:27.339000	797	5.55000000e+02
1.64757982e+01	2022-05-17T19:20:27.354635	798	6.02000000e+02
1.64817369e+01	2022-05-17T19:20:27.375789	799	5.63000000e+02
1.64905505e+01	2022-05-17T19:20:27.375789	800	6.05000000e+02
1.65021972e+01	2022-05-17T19:20:27.391414	801	5.52000000e+02
1.65104323e+01	2022-05-17T19:20:27.391414	802	5.54000000e+02
1.65286202e+01	2022-05-17T19:20:27.422682	803	5.52000000e+02
1.65552221e+01	2022-05-17T19:20:27.438315	804	5.52000000e+02
1.65631283e+01	2022-05-17T19:20:27.453940	805	5.53000000e+02
1.65720879e+01	2022-05-17T19:20:27.453940	806	5.52000000e+02
1.65835410e+01	2022-05-17T19:20:27.476515	807	5.52000000e+02
1.65922812e+01	2022-05-17T19:20:27.476515	808	5.57000000e+02
1.66148696e+01	2022-05-17T19:20:27.508927	809	5.54000000e+02
1.66247203e+01	2022-05-17T19:20:27.508927	810	5.53000000e+02
1.66483972e+01	2022-05-17T19:20:27.540205	811	6.08000000e+02
1.66582938e+01	2022-05-17T19:20:27.540205	812	5.53000000e+02
1.66701131e+01	2022-05-17T19:20:27.556256	813	5.67000000e+02
1.66862420e+01	2022-05-17T19:20:27.576461	814	5.55000000e+02
1.66953306e+01	2022-05-17T19:20:27.576461	815	5.65000000e+02
1.67045685e+01	2022-05-17T19:20:27.592124	816	5.55000000e+02
1.67274199e+01	2022-05-17T19:20:27.607714	817	5.95000000e+02
1.67315174e+01	2022-05-17T19:20:27.623340	818	5.68000000e+02
1.67398460e+01	2022-05-17T19:20:27.623340	819	5.52000000e+02
1.67633061e+01	2022-05-17T19:20:27.654603	820	5.58000000e+02
1.67725029e+01	2022-05-17T19:20:27.654603	821	5.52000000e+02
1.67955437e+01	2022-05-17T19:20:27.676795	822	5.52000000e+02
1.68052895e+01	2022-05-17T19:20:27.692740	823	5.53000000e+02
1.68134440e+01	2022-05-17T19:20:27.692740	824	5.52000000e+02
1.68296502e+01	2022-05-17T19:20:27.723687	825	5.67000000e+02
1.68568311e+01	2022-05-17T19:20:27.739319	826	5.51000000e+02
1.68660250e+01	2022-05-17T19:20:27.754946	827	5.92000000e+02
1.68750551e+01	2022-05-17T19:20:27.754946	828	5.62000000e+02
1.68872556e+01	2022-05-17T19:20:27.777362	829	5.53000000e+02
1.68955665e+01	2022-05-17T19:20:27.777362	830	5.53000000e+02
1.69146210e+01	2022-05-17T19:20:27.808635	831	5.56000000e+02
1.69397275e+01	2022-05-17T19:20:27.824267	832	5.54000000e+02
1.69492611e+01	2022-05-17T19:20:27.839852	833	5.66000000e+02
1.69574997e+01	2022-05-17T19:20:27.839852	834	5.54000000e+02
1.69692093e+01	2022-05-17T19:20:27.856032	835	5.52000000e+02
1.69775403e+01	2022-05-17T19:20:27.871122	836	5.58000000e+02
1.70007652e+01	2022-05-17T19:20:27.893966	837	5.61000000e+02
1.70308428e+01	2022-05-17T19:20:27.925126	838	5.52000000e+02
1.70346443e+01	2022-05-17T19:20:27.925126	839	5.53000000e+02
1.70424146e+01	2022-05-17T19:20:27.925126	840	5.54000000e+02
1.70511565e+01	2022-05-17T19:20:27.941297	841	5.52000000e+02
1.70589660e+01	2022-05-17T19:20:27.941297	842	5.52000000e+02
1.70772833e+01	2022-05-17T19:20:27.956888	843	5.63000000e+02
1.71072868e+01	2022-05-17T19:20:27.994196	844	5.59000000e+02
1.71167837e+01	2022-05-17T19:20:28.009780	845	5.90000000e+02
1.71289404e+01	2022-05-17T19:20:28.009780	846	5.52000000e+02
1.71491181e+01	2022-05-17T19:20:28.041023	847	5.52000000e+02
1.71788798e+01	2022-05-17T19:20:28.072309	848	5.68000000e+02
1.71816814e+01	2022-05-17T19:20:28.072309	849	5.53000000e+02
1.71902061e+01	2022-05-17T19:20:28.079344	850	5.70000000e+02
1.71987616e+01	2022-05-17T19:20:28.079344	851	5.97000000e+02
1.72182936e+01	2022-05-17T19:20:28.110595	852	5.93000000e+02
1.72471876e+01	2022-05-17T19:20:28.126251	853	5.50000000e+02
1.72559627e+01	2022-05-17T19:20:28.142197	854	5.54000000e+02
1.72783187e+01	2022-05-17T19:20:28.157490	855	5.62000000e+02
1.73037995e+01	2022-05-17T19:20:28.195297	856	5.51000000e+02
1.73188867e+01	2022-05-17T19:20:28.210905	857	5.51000000e+02
1.73295505e+01	2022-05-17T19:20:28.210905	858	6.04000000e+02
1.73378113e+01	2022-05-17T19:20:28.227008	859	5.54000000e+02
1.73459419e+01	2022-05-17T19:20:28.227008	860	5.52000000e+02
1.73648167e+01	2022-05-17T19:20:28.257769	861	5.51000000e+02
1.73951532e+01	2022-05-17T19:20:28.279948	862	5.54000000e+02
1.73991926e+01	2022-05-17T19:20:28.279948	863	5.52000000e+02
1.74071604e+01	2022-05-17T19:20:28.296074	864	5.57000000e+02
1.74158579e+01	2022-05-17T19:20:28.296074	865	5.55000000e+02
1.74373188e+01	2022-05-17T19:20:28.327886	866	6.00000000e+02
1.74438859e+01	2022-05-17T19:20:28.327886	867	5.59000000e+02
1.74676130e+01	2022-05-17T19:20:28.359116	868	5.52000000e+02
1.74770943e+01	2022-05-17T19:20:28.359116	869	5.52000000e+02
1.74853538e+01	2022-05-17T19:20:28.375228	870	5.54000000e+02
1.74976398e+01	2022-05-17T19:20:28.380609	871	5.57000000e+02
1.75183395e+01	2022-05-17T19:20:28.411884	872	5.51000000e+02
1.75502772e+01	2022-05-17T19:20:28.443109	873	5.57000000e+02
1.75585206e+01	2022-05-17T19:20:28.443109	874	5.53000000e+02
1.75666210e+01	2022-05-17T19:20:28.459311	875	5.87000000e+02
1.75750394e+01	2022-05-17T19:20:28.459311	876	5.54000000e+02
1.75957139e+01	2022-05-17T19:20:28.480983	877	5.50000000e+02
1.76206977e+01	2022-05-17T19:20:28.513618	878	5.57000000e+02
1.76327273e+01	2022-05-17T19:20:28.513618	879	5.52000000e+02
1.76407637e+01	2022-05-17T19:20:28.529711	880	5.56000000e+02
1.76496459e+01	2022-05-17T19:20:28.529711	881	6.08000000e+02
1.76698004e+01	2022-05-17T19:20:28.560500	882	5.58000000e+02
1.76982636e+01	2022-05-17T19:20:28.581158	883	5.93000000e+02
1.77104741e+01	2022-05-17T19:20:28.597362	884	5.48000000e+02
1.77187989e+01	2022-05-17T19:20:28.612442	885	5.82000000e+02
1.77309900e+01	2022-05-17T19:20:28.612442	886	5.52000000e+02
1.77525810e+01	2022-05-17T19:20:28.643671	887	5.51000000e+02
1.77814324e+01	2022-05-17T19:20:28.674931	888	5.57000000e+02
1.77834620e+01	2022-05-17T19:20:28.674931	889	5.58000000e+02
1.77923981e+01	2022-05-17T19:20:28.681993	890	5.52000000e+02
1.78008407e+01	2022-05-17T19:20:28.681993	891	6.05000000e+02
1.78129537e+01	2022-05-17T19:20:28.698128	892	5.55000000e+02
1.78343023e+01	2022-05-17T19:20:28.713865	893	5.51000000e+02
1.78426232e+01	2022-05-17T19:20:28.728886	894	5.56000000e+02
1.78661874e+01	2022-05-17T19:20:28.760146	895	5.52000000e+02
1.78698576e+01	2022-05-17T19:20:28.760146	896	5.53000000e+02
1.78785634e+01	2022-05-17T19:20:28.760146	897	5.53000000e+02
1.78907009e+01	2022-05-17T19:20:28.782528	898	6.06000000e+02
1.78991105e+01	2022-05-17T19:20:28.782528	899	5.52000000e+02
1.79197359e+01	2022-05-17T19:20:28.813799	900	5.54000000e+02
1.79435041e+01	2022-05-17T19:20:28.829433	901	5.53000000e+02
1.79514421e+01	2022-05-17T19:20:28.845058	902	5.51000000e+02
1.79555078e+01	2022-05-17T19:20:28.845058	903	5.49000000e+02
1.79646872e+01	2022-05-17T19:20:28.845058	904	5.51000000e+02
1.79765011e+01	2022-05-17T19:20:28.861115	905	5.72000000e+02
1.80061957e+01	2022-05-17T19:20:28.898553	906	5.53000000e+02
1.80301576e+01	2022-05-17T19:20:28.914170	907	5.52000000e+02
1.80339871e+01	2022-05-17T19:20:28.914170	908	6.08000000e+02
1.80416197e+01	2022-05-17T19:20:28.930216	909	5.53000000e+02
1.80506538e+01	2022-05-17T19:20:28.930216	910	6.08000000e+02
1.80691017e+01	2022-05-17T19:20:28.961038	911	5.54000000e+02
1.80987999e+01	2022-05-17T19:20:28.983203	912	5.54000000e+02
1.81078844e+01	2022-05-17T19:20:28.999195	913	5.53000000e+02
1.81199761e+01	2022-05-17T19:20:28.999195	914	5.77000000e+02
1.81356658e+01	2022-05-17T19:20:29.014448	915	5.57000000e+02
1.81660824e+01	2022-05-17T19:20:29.045729	916	5.54000000e+02
1.81773901e+01	2022-05-17T19:20:29.061739	917	5.53000000e+02
1.81993366e+01	2022-05-17T19:20:29.083105	918	5.52000000e+02
1.82252656e+01	2022-05-17T19:20:29.114398	919	5.73000000e+02
1.82341379e+01	2022-05-17T19:20:29.114398	920	5.69000000e+02
1.82428697e+01	2022-05-17T19:20:29.130306	921	6.00000000e+02
1.82510209e+01	2022-05-17T19:20:29.130306	922	5.51000000e+02
1.82687695e+01	2022-05-17T19:20:29.161247	923	5.49000000e+02
1.82989312e+01	2022-05-17T19:20:29.183422	924	5.52000000e+02
1.83083286e+01	2022-05-17T19:20:29.199047	925	5.73000000e+02
1.83169602e+01	2022-05-17T19:20:29.199047	926	5.91000000e+02
1.83391373e+01	2022-05-17T19:20:29.230315	927	5.51000000e+02
1.83663571e+01	2022-05-17T19:20:29.245948	928	5.54000000e+02
1.83735389e+01	2022-05-17T19:20:29.261575	929	5.52000000e+02
1.83822117e+01	2022-05-17T19:20:29.261575	930	5.49000000e+02
1.83899091e+01	2022-05-17T19:20:29.283566	931	5.49000000e+02
1.83986787e+01	2022-05-17T19:20:29.283566	932	5.49000000e+02
1.84221820e+01	2022-05-17T19:20:29.315438	933	5.47000000e+02
1.84469010e+01	2022-05-17T19:20:29.331137	934	5.49000000e+02
1.84554942e+01	2022-05-17T19:20:29.346694	935	5.53000000e+02
1.84643518e+01	2022-05-17T19:20:29.346694	936	6.08000000e+02
1.84763708e+01	2022-05-17T19:20:29.362844	937	5.57000000e+02
1.84846153e+01	2022-05-17T19:20:29.377969	938	5.52000000e+02
1.85069480e+01	2022-05-17T19:20:29.399569	939	5.52000000e+02
1.85306597e+01	2022-05-17T19:20:29.415163	940	5.52000000e+02
1.85417879e+01	2022-05-17T19:20:29.430767	941	5.56000000e+02
1.85503471e+01	2022-05-17T19:20:29.430767	942	5.65000000e+02
1.85626251e+01	2022-05-17T19:20:29.446863	943	5.52000000e+02
1.85858075e+01	2022-05-17T19:20:29.477646	944	5.53000000e+02
1.86153188e+01	2022-05-17T19:20:29.500636	945	5.48000000e+02
1.86236038e+01	2022-05-17T19:20:29.516260	946	5.64000000e+02
1.86322769e+01	2022-05-17T19:20:29.516260	947	5.64000000e+02
1.86549895e+01	2022-05-17T19:20:29.547554	948	5.49000000e+02
1.86807732e+01	2022-05-17T19:20:29.563162	949	5.47000000e+02
1.86893651e+01	2022-05-17T19:20:29.578786	950	5.49000000e+02
1.86977293e+01	2022-05-17T19:20:29.584684	951	5.57000000e+02
1.87097420e+01	2022-05-17T19:20:29.600604	952	5.50000000e+02
1.87182579e+01	2022-05-17T19:20:29.600604	953	5.56000000e+02
1.87369600e+01	2022-05-17T19:20:29.615968	954	6.04000000e+02
1.87696776e+01	2022-05-17T19:20:29.662800	955	5.48000000e+02
1.87793696e+01	2022-05-17T19:20:29.662800	956	5.51000000e+02
1.87876445e+01	2022-05-17T19:20:29.678736	957	5.54000000e+02
1.87957640e+01	2022-05-17T19:20:29.685065	958	5.49000000e+02
1.88039826e+01	2022-05-17T19:20:29.685065	959	5.48000000e+02
1.88234150e+01	2022-05-17T19:20:29.716375	960	5.48000000e+02
1.88556763e+01	2022-05-17T19:20:29.747577	961	5.66000000e+02
1.88656348e+01	2022-05-17T19:20:29.747577	962	5.55000000e+02
1.88779486e+01	2022-05-17T19:20:29.763694	963	5.51000000e+02
1.89022437e+01	2022-05-17T19:20:29.784956	964	5.48000000e+02
1.89335907e+01	2022-05-17T19:20:29.816238	965	5.53000000e+02
1.89431590e+01	2022-05-17T19:20:29.831824	966	5.50000000e+02
1.89517431e+01	2022-05-17T19:20:29.831824	967	5.50000000e+02
1.89770550e+01	2022-05-17T19:20:29.863111	968	5.47000000e+02
1.90027304e+01	2022-05-17T19:20:29.885271	969	5.47000000e+02
1.90130531e+01	2022-05-17T19:20:29.900896	970	5.53000000e+02
1.90396815e+01	2022-05-17T19:20:29.932163	971	5.47000000e+02
1.90695937e+01	2022-05-17T19:20:29.963416	972	5.50000000e+02
1.90737390e+01	2022-05-17T19:20:29.963416	973	5.48000000e+02
1.90827238e+01	2022-05-17T19:20:29.963416	974	5.49000000e+02
1.90946603e+01	2022-05-17T19:20:29.985675	975	5.68000000e+02
1.91029036e+01	2022-05-17T19:20:29.985675	976	5.51000000e+02
1.91228565e+01	2022-05-17T19:20:30.016922	977	5.51000000e+02
1.91533857e+01	2022-05-17T19:20:30.032582	978	5.47000000e+02
1.91556744e+01	2022-05-17T19:20:30.048176	979	5.48000000e+02
1.91647441e+01	2022-05-17T19:20:30.048176	980	5.49000000e+02
1.91769941e+01	2022-05-17T19:20:30.064377	981	5.51000000e+02
1.92021932e+01	2022-05-17T19:20:30.085901	982	5.51000000e+02
1.92336510e+01	2022-05-17T19:20:30.117183	983	5.55000000e+02
1.92383722e+01	2022-05-17T19:20:30.117183	984	5.48000000e+02
1.92505281e+01	2022-05-17T19:20:30.132796	985	5.50000000e+02
1.93024861e+01	2022-05-17T19:20:30.186214	986	5.64000000e+02
1.93119915e+01	2022-05-17T19:20:30.202309	987	5.48000000e+02
1.93203480e+01	2022-05-17T19:20:30.202309	988	5.54000000e+02
1.93409868e+01	2022-05-17T19:20:30.233080	989	5.48000000e+02
1.93655466e+01	2022-05-17T19:20:30.248738	990	5.49000000e+02
1.93797950e+01	2022-05-17T19:20:30.264926	991	5.52000000e+02
1.93895339e+01	2022-05-17T19:20:30.280392	992	5.48000000e+02
1.93979280e+01	2022-05-17T19:20:30.286775	993	5.48000000e+02
1.94062608e+01	2022-05-17T19:20:30.286775	994	5.60000000e+02
1.94247064e+01	2022-05-17T19:20:30.303419	995	5.52000000e+02
1.94575920e+01	2022-05-17T19:20:30.350297	996	6.05000000e+02
1.94676795e+01	2022-05-17T19:20:30.350297	997	5.48000000e+02
1.94798891e+01	2022-05-17T19:20:30.366194	998	5.49000000e+02
1.94886773e+01	2022-05-17T19:20:30.381542	999	5.49000000e+02
1.95063575e+01	2022-05-17T19:20:30.387086	1000	5.47000000e+02