Time elapsed	Time stamp	Loop Index	GP2Y ADC
s			Cts

5.00952540e+00	2022-05-17T19:21:05.842573	1	5.94000000e+02
5.02064260e+00	2022-05-17T19:21:05.842573	2	6.50000000e+02
5.03255320e+00	2022-05-17T19:21:05.858020	3	6.03000000e+02
5.05019790e+00	2022-05-17T19:21:05.873751	4	6.01000000e+02
5.07580240e+00	2022-05-17T19:21:05.904380	5	6.09000000e+02
5.08534520e+00	2022-05-17T19:21:05.920001	6	5.95000000e+02
5.09666260e+00	2022-05-17T19:21:05.926544	7	6.52000000e+02
5.10653400e+00	2022-05-17T19:21:05.926544	8	6.56000000e+02
5.11909670e+00	2022-05-17T19:21:05.942575	9	5.96000000e+02
5.14217250e+00	2022-05-17T19:21:05.973413	10	6.50000000e+02
5.16043960e+00	2022-05-17T19:21:05.989075	11	5.95000000e+02
5.17146660e+00	2022-05-17T19:21:06.005128	12	5.98000000e+02
5.18038900e+00	2022-05-17T19:21:06.005128	13	5.96000000e+02
5.20094110e+00	2022-05-17T19:21:06.026671	14	5.94000000e+02
5.21972740e+00	2022-05-17T19:21:06.042295	15	6.49000000e+02
5.24046800e+00	2022-05-17T19:21:06.073538	16	5.95000000e+02
5.26028300e+00	2022-05-17T19:21:06.089161	17	5.99000000e+02
5.26593940e+00	2022-05-17T19:21:06.089161	18	6.02000000e+02
5.29007150e+00	2022-05-17T19:21:06.120407	19	6.09000000e+02
5.30905470e+00	2022-05-17T19:21:06.142547	20	5.95000000e+02
5.31902540e+00	2022-05-17T19:21:06.142547	21	5.97000000e+02
5.32765350e+00	2022-05-17T19:21:06.158717	22	5.97000000e+02
5.33612590e+00	2022-05-17T19:21:06.158717	23	6.00000000e+02
5.35388810e+00	2022-05-17T19:21:06.174291	24	5.95000000e+02
5.36693150e+00	2022-05-17T19:21:06.189404	25	5.96000000e+02
5.37676330e+00	2022-05-17T19:21:06.205026	26	6.39000000e+02
5.38472110e+00	2022-05-17T19:21:06.205026	27	6.08000000e+02
5.39323650e+00	2022-05-17T19:21:06.227073	28	5.96000000e+02
5.40539290e+00	2022-05-17T19:21:06.227073	29	6.02000000e+02
5.42304150e+00	2022-05-17T19:21:06.243185	30	6.25000000e+02
5.44191790e+00	2022-05-17T19:21:06.273980	31	6.27000000e+02
5.45049660e+00	2022-05-17T19:21:06.273980	32	5.98000000e+02
5.45849660e+00	2022-05-17T19:21:06.289926	33	5.97000000e+02
5.46713900e+00	2022-05-17T19:21:06.289926	34	5.99000000e+02
5.49354060e+00	2022-05-17T19:21:06.327414	35	6.08000000e+02
5.50633370e+00	2022-05-17T19:21:06.327414	36	5.95000000e+02
5.51621100e+00	2022-05-17T19:21:06.343480	37	5.96000000e+02
5.54088600e+00	2022-05-17T19:21:06.374280	38	5.97000000e+02
5.55508320e+00	2022-05-17T19:21:06.389901	39	5.96000000e+02
5.56245600e+00	2022-05-17T19:21:06.389901	40	6.01000000e+02
5.57351600e+00	2022-05-17T19:21:06.406054	41	5.97000000e+02
5.58694960e+00	2022-05-17T19:21:06.421159	42	6.00000000e+02
5.61145220e+00	2022-05-17T19:21:06.443297	43	6.00000000e+02
5.62610130e+00	2022-05-17T19:21:06.458918	44	5.97000000e+02
5.63415510e+00	2022-05-17T19:21:06.458918	45	5.97000000e+02
5.64294070e+00	2022-05-17T19:21:06.475160	46	5.96000000e+02
5.65074800e+00	2022-05-17T19:21:06.475160	47	5.97000000e+02
5.67257680e+00	2022-05-17T19:21:06.506832	48	5.96000000e+02
5.68997930e+00	2022-05-17T19:21:06.522453	49	6.50000000e+02
5.70060760e+00	2022-05-17T19:21:06.528464	50	5.97000000e+02
5.72673360e+00	2022-05-17T19:21:06.559710	51	6.50000000e+02
5.74115170e+00	2022-05-17T19:21:06.575341	52	5.95000000e+02
5.74911750e+00	2022-05-17T19:21:06.575341	53	5.96000000e+02
5.75809780e+00	2022-05-17T19:21:06.591482	54	5.96000000e+02
5.76927340e+00	2022-05-17T19:21:06.591482	55	6.04000000e+02
5.78978850e+00	2022-05-17T19:21:06.622197	56	5.94000000e+02
5.80279700e+00	2022-05-17T19:21:06.628702	57	5.98000000e+02
5.81052390e+00	2022-05-17T19:21:06.644333	58	5.99000000e+02
5.81876680e+00	2022-05-17T19:21:06.644333	59	6.50000000e+02
5.82688480e+00	2022-05-17T19:21:06.660555	60	5.97000000e+02
5.83545140e+00	2022-05-17T19:21:06.660555	61	6.22000000e+02
5.85726160e+00	2022-05-17T19:21:06.691192	62	5.96000000e+02
5.87568890e+00	2022-05-17T19:21:06.706852	63	5.99000000e+02
5.88459870e+00	2022-05-17T19:21:06.706852	64	6.02000000e+02
5.89294570e+00	2022-05-17T19:21:06.722823	65	6.45000000e+02
5.90529700e+00	2022-05-17T19:21:06.729194	66	5.95000000e+02
5.92774710e+00	2022-05-17T19:21:06.760440	67	6.05000000e+02
5.94135220e+00	2022-05-17T19:21:06.776062	68	5.96000000e+02
5.95020410e+00	2022-05-17T19:21:06.776062	69	5.96000000e+02
5.95887430e+00	2022-05-17T19:21:06.792111	70	5.98000000e+02
5.97046580e+00	2022-05-17T19:21:06.792111	71	6.00000000e+02
5.98991920e+00	2022-05-17T19:21:06.822925	72	5.97000000e+02
6.00910210e+00	2022-05-17T19:21:06.829429	73	6.12000000e+02
6.02006430e+00	2022-05-17T19:21:06.845460	74	5.97000000e+02
6.04489640e+00	2022-05-17T19:21:06.876296	75	6.05000000e+02
6.05356460e+00	2022-05-17T19:21:06.876296	76	5.97000000e+02
6.06455530e+00	2022-05-17T19:21:06.891917	77	6.39000000e+02
6.07592300e+00	2022-05-17T19:21:06.907539	78	5.99000000e+02
6.08504120e+00	2022-05-17T19:21:06.907539	79	6.37000000e+02
6.09339060e+00	2022-05-17T19:21:06.923657	80	6.00000000e+02
6.10187070e+00	2022-05-17T19:21:06.930072	81	5.95000000e+02
6.13564080e+00	2022-05-17T19:21:06.961317	82	5.99000000e+02
6.14955830e+00	2022-05-17T19:21:06.976976	83	6.52000000e+02
6.15910370e+00	2022-05-17T19:21:06.992809	84	5.96000000e+02
6.16709300e+00	2022-05-17T19:21:06.992809	85	5.96000000e+02
6.18910590e+00	2022-05-17T19:21:07.023803	86	5.96000000e+02
6.20988390e+00	2022-05-17T19:21:07.030319	87	5.99000000e+02
6.22027030e+00	2022-05-17T19:21:07.045944	88	6.00000000e+02
6.24211230e+00	2022-05-17T19:21:07.077187	89	6.01000000e+02
6.25614060e+00	2022-05-17T19:21:07.077187	90	5.96000000e+02
6.26552880e+00	2022-05-17T19:21:07.092807	91	5.95000000e+02
6.27391860e+00	2022-05-17T19:21:07.108431	92	5.98000000e+02
6.28558130e+00	2022-05-17T19:21:07.108431	93	6.00000000e+02
6.30385750e+00	2022-05-17T19:21:07.130607	94	6.04000000e+02
6.32289600e+00	2022-05-17T19:21:07.146277	95	6.00000000e+02
6.32697230e+00	2022-05-17T19:21:07.161865	96	5.97000000e+02
6.33522090e+00	2022-05-17T19:21:07.161865	97	5.96000000e+02
6.35938390e+00	2022-05-17T19:21:07.193097	98	5.95000000e+02
6.38058540e+00	2022-05-17T19:21:07.208749	99	5.95000000e+02
6.39215000e+00	2022-05-17T19:21:07.224814	100	5.98000000e+02
6.40059860e+00	2022-05-17T19:21:07.231337	101	6.13000000e+02
6.40904320e+00	2022-05-17T19:21:07.231337	102	5.96000000e+02
6.43153770e+00	2022-05-17T19:21:07.262584	103	5.96000000e+02
6.45138810e+00	2022-05-17T19:21:07.278243	104	5.95000000e+02
6.46189350e+00	2022-05-17T19:21:07.294302	105	6.21000000e+02
6.47028140e+00	2022-05-17T19:21:07.294302	106	5.98000000e+02
6.49288130e+00	2022-05-17T19:21:07.326105	107	5.94000000e+02
6.51146820e+00	2022-05-17T19:21:07.331611	108	6.52000000e+02
6.52356420e+00	2022-05-17T19:21:07.347590	109	6.04000000e+02
6.54775240e+00	2022-05-17T19:21:07.378478	110	5.96000000e+02
6.56862220e+00	2022-05-17T19:21:07.394099	111	5.95000000e+02
6.57693330e+00	2022-05-17T19:21:07.410255	112	6.38000000e+02
6.58905870e+00	2022-05-17T19:21:07.410255	113	6.00000000e+02
6.60767580e+00	2022-05-17T19:21:07.431815	114	5.95000000e+02
6.62777710e+00	2022-05-17T19:21:07.447440	115	6.08000000e+02
6.63821910e+00	2022-05-17T19:21:07.463061	116	5.97000000e+02
6.66246070e+00	2022-05-17T19:21:07.494304	117	5.96000000e+02
6.68292150e+00	2022-05-17T19:21:07.510971	118	5.95000000e+02
6.69082760e+00	2022-05-17T19:21:07.510971	119	5.96000000e+02
6.69981950e+00	2022-05-17T19:21:07.532548	120	5.96000000e+02
6.70803040e+00	2022-05-17T19:21:07.532548	121	5.99000000e+02
6.73157330e+00	2022-05-17T19:21:07.563795	122	5.97000000e+02
6.75123120e+00	2022-05-17T19:21:07.579418	123	6.08000000e+02
6.75706660e+00	2022-05-17T19:21:07.579418	124	5.98000000e+02
6.76495840e+00	2022-05-17T19:21:07.595534	125	5.97000000e+02
6.77368140e+00	2022-05-17T19:21:07.595534	126	5.97000000e+02
6.79427580e+00	2022-05-17T19:21:07.626280	127	6.00000000e+02
6.81419480e+00	2022-05-17T19:21:07.648504	128	6.48000000e+02
6.81770350e+00	2022-05-17T19:21:07.648504	129	5.96000000e+02
6.82684480e+00	2022-05-17T19:21:07.648504	130	6.13000000e+02
6.83894820e+00	2022-05-17T19:21:07.664119	131	5.96000000e+02
6.86356560e+00	2022-05-17T19:21:07.695325	132	5.95000000e+02
6.87845350e+00	2022-05-17T19:21:07.710949	133	5.96000000e+02
6.88798650e+00	2022-05-17T19:21:07.710949	134	5.96000000e+02
6.89570090e+00	2022-05-17T19:21:07.727101	135	5.96000000e+02
6.90481240e+00	2022-05-17T19:21:07.733524	136	6.48000000e+02
6.92992310e+00	2022-05-17T19:21:07.764771	137	5.96000000e+02
6.93490870e+00	2022-05-17T19:21:07.764771	138	5.99000000e+02
6.95864710e+00	2022-05-17T19:21:07.780400	139	5.95000000e+02
6.96917380e+00	2022-05-17T19:21:07.796051	140	6.15000000e+02
6.99775900e+00	2022-05-17T19:21:07.827256	141	5.94000000e+02
7.02173180e+00	2022-05-17T19:21:07.849389	142	6.39000000e+02
7.03105420e+00	2022-05-17T19:21:07.865009	143	5.99000000e+02
7.03918290e+00	2022-05-17T19:21:07.865009	144	5.96000000e+02
7.06759680e+00	2022-05-17T19:21:07.896268	145	5.99000000e+02
7.08330800e+00	2022-05-17T19:21:07.911874	146	5.97000000e+02
7.09226690e+00	2022-05-17T19:21:07.911874	147	6.06000000e+02
7.10066250e+00	2022-05-17T19:21:07.934176	148	5.97000000e+02
7.10932410e+00	2022-05-17T19:21:07.934176	149	5.96000000e+02
7.13298990e+00	2022-05-17T19:21:07.965422	150	5.97000000e+02
7.14869460e+00	2022-05-17T19:21:07.981043	151	5.96000000e+02
7.15624090e+00	2022-05-17T19:21:07.981043	152	5.95000000e+02
7.16694410e+00	2022-05-17T19:21:07.997105	153	5.99000000e+02
7.19406150e+00	2022-05-17T19:21:08.027909	154	6.36000000e+02
7.19616240e+00	2022-05-17T19:21:08.027909	155	6.48000000e+02
7.21133650e+00	2022-05-17T19:21:08.034414	156	5.99000000e+02
7.21937990e+00	2022-05-17T19:21:08.050078	157	5.97000000e+02
7.22856610e+00	2022-05-17T19:21:08.050078	158	5.96000000e+02
7.24032590e+00	2022-05-17T19:21:08.066167	159	5.99000000e+02
7.25743670e+00	2022-05-17T19:21:08.081900	160	5.96000000e+02
7.26705130e+00	2022-05-17T19:21:08.096903	161	5.95000000e+02
7.28816800e+00	2022-05-17T19:21:08.112525	162	6.48000000e+02
7.29768470e+00	2022-05-17T19:21:08.128524	163	5.96000000e+02
7.30596790e+00	2022-05-17T19:21:08.134832	164	5.97000000e+02
7.33122080e+00	2022-05-17T19:21:08.166080	165	5.95000000e+02
7.33583980e+00	2022-05-17T19:21:08.166080	166	5.99000000e+02
7.35747370e+00	2022-05-17T19:21:08.181739	167	5.94000000e+02
7.36302520e+00	2022-05-17T19:21:08.197325	168	5.96000000e+02
7.37138480e+00	2022-05-17T19:21:08.197325	169	6.07000000e+02
7.38991880e+00	2022-05-17T19:21:08.213440	170	5.96000000e+02
7.39988700e+00	2022-05-17T19:21:08.228564	171	5.99000000e+02
7.41995030e+00	2022-05-17T19:21:08.250704	172	6.19000000e+02
7.42887640e+00	2022-05-17T19:21:08.250704	173	5.96000000e+02
7.44124250e+00	2022-05-17T19:21:08.266650	174	5.97000000e+02
7.46578220e+00	2022-05-17T19:21:08.297568	175	5.94000000e+02
7.48710440e+00	2022-05-17T19:21:08.313807	176	5.96000000e+02
7.48999910e+00	2022-05-17T19:21:08.313807	177	5.99000000e+02
7.49845970e+00	2022-05-17T19:21:08.329884	178	5.98000000e+02
7.51060890e+00	2022-05-17T19:21:08.335754	179	5.99000000e+02
7.53299700e+00	2022-05-17T19:21:08.367005	180	6.36000000e+02
7.55495710e+00	2022-05-17T19:21:08.382626	181	6.39000000e+02
7.56015600e+00	2022-05-17T19:21:08.382626	182	5.97000000e+02
7.57200470e+00	2022-05-17T19:21:08.398736	183	5.96000000e+02
7.59691000e+00	2022-05-17T19:21:08.429491	184	5.99000000e+02
7.60515870e+00	2022-05-17T19:21:08.435997	185	6.03000000e+02
7.62057130e+00	2022-05-17T19:21:08.451623	186	5.95000000e+02
7.62943520e+00	2022-05-17T19:21:08.451623	187	5.97000000e+02
7.63764240e+00	2022-05-17T19:21:08.467529	188	6.19000000e+02
7.64600310e+00	2022-05-17T19:21:08.467529	189	5.96000000e+02
7.67646660e+00	2022-05-17T19:21:08.499044	190	5.96000000e+02
7.69249840e+00	2022-05-17T19:21:08.514671	191	6.11000000e+02
7.69907650e+00	2022-05-17T19:21:08.530777	192	5.96000000e+02
7.70661450e+00	2022-05-17T19:21:08.536284	193	6.02000000e+02
7.71479100e+00	2022-05-17T19:21:08.536284	194	6.09000000e+02
7.73613920e+00	2022-05-17T19:21:08.567530	195	5.94000000e+02
7.75632610e+00	2022-05-17T19:21:08.583189	196	6.50000000e+02
7.76032080e+00	2022-05-17T19:21:08.583189	197	5.96000000e+02
7.76861350e+00	2022-05-17T19:21:08.599294	198	5.99000000e+02
7.77700780e+00	2022-05-17T19:21:08.599294	199	5.96000000e+02
7.79842680e+00	2022-05-17T19:21:08.630015	200	6.02000000e+02
7.82049890e+00	2022-05-17T19:21:08.652144	201	5.91000000e+02
7.82996960e+00	2022-05-17T19:21:08.652144	202	6.09000000e+02
7.83820700e+00	2022-05-17T19:21:08.668099	203	5.93000000e+02
7.84668170e+00	2022-05-17T19:21:08.668099	204	5.99000000e+02
7.86601610e+00	2022-05-17T19:21:08.699008	205	6.06000000e+02
7.88807650e+00	2022-05-17T19:21:08.714629	206	5.94000000e+02
7.89959500e+00	2022-05-17T19:21:08.730661	207	5.99000000e+02
7.90802080e+00	2022-05-17T19:21:08.737130	208	6.10000000e+02
7.93346020e+00	2022-05-17T19:21:08.768379	209	5.94000000e+02
7.95511890e+00	2022-05-17T19:21:08.783997	210	6.01000000e+02
7.96119550e+00	2022-05-17T19:21:08.783997	211	5.97000000e+02
7.96933910e+00	2022-05-17T19:21:08.799649	212	5.96000000e+02
7.97758680e+00	2022-05-17T19:21:08.799649	213	5.98000000e+02
7.99595090e+00	2022-05-17T19:21:08.830861	214	6.01000000e+02
8.01884680e+00	2022-05-17T19:21:08.852990	215	5.95000000e+02
8.02211150e+00	2022-05-17T19:21:08.852990	216	6.52000000e+02
8.03142970e+00	2022-05-17T19:21:08.852990	217	5.97000000e+02
8.04314370e+00	2022-05-17T19:21:08.868983	218	5.96000000e+02
8.06572130e+00	2022-05-17T19:21:08.899853	219	6.01000000e+02
8.08321520e+00	2022-05-17T19:21:08.915474	220	6.21000000e+02
8.09190790e+00	2022-05-17T19:21:08.915474	221	5.96000000e+02
8.10021640e+00	2022-05-17T19:21:08.931135	222	6.17000000e+02
8.10857150e+00	2022-05-17T19:21:08.938100	223	5.97000000e+02
8.11651800e+00	2022-05-17T19:21:08.938100	224	5.99000000e+02
8.13525690e+00	2022-05-17T19:21:08.969365	225	5.93000000e+02
8.15734660e+00	2022-05-17T19:21:08.985006	226	5.91000000e+02
8.16685500e+00	2022-05-17T19:21:09.000592	227	5.95000000e+02
8.17831490e+00	2022-05-17T19:21:09.000592	228	6.12000000e+02
8.19657450e+00	2022-05-17T19:21:09.016364	229	5.97000000e+02
8.21340450e+00	2022-05-17T19:21:09.038337	230	6.11000000e+02
8.22328680e+00	2022-05-17T19:21:09.053973	231	6.05000000e+02
8.23171930e+00	2022-05-17T19:21:09.053973	232	6.37000000e+02
8.24401580e+00	2022-05-17T19:21:09.070063	233	5.96000000e+02
8.26590020e+00	2022-05-17T19:21:09.100825	234	5.95000000e+02
8.28860550e+00	2022-05-17T19:21:09.116446	235	5.95000000e+02
8.29233420e+00	2022-05-17T19:21:09.116446	236	6.21000000e+02
8.30079170e+00	2022-05-17T19:21:09.132671	237	5.97000000e+02
8.30934330e+00	2022-05-17T19:21:09.139231	238	5.98000000e+02
8.33513910e+00	2022-05-17T19:21:09.155351	239	5.95000000e+02
8.35826210e+00	2022-05-17T19:21:09.186097	240	6.01000000e+02
8.36274930e+00	2022-05-17T19:21:09.186097	241	5.95000000e+02
8.37489060e+00	2022-05-17T19:21:09.201720	242	5.97000000e+02
8.39525530e+00	2022-05-17T19:21:09.217342	243	6.03000000e+02
8.40627450e+00	2022-05-17T19:21:09.239468	244	5.95000000e+02
8.42335990e+00	2022-05-17T19:21:09.255138	245	6.01000000e+02
8.43243510e+00	2022-05-17T19:21:09.255138	246	5.98000000e+02
8.44449610e+00	2022-05-17T19:21:09.271230	247	6.03000000e+02
8.46563250e+00	2022-05-17T19:21:09.286362	248	5.97000000e+02
8.48915810e+00	2022-05-17T19:21:09.318134	249	5.91000000e+02
8.49780390e+00	2022-05-17T19:21:09.318134	250	5.94000000e+02
8.51006100e+00	2022-05-17T19:21:09.339604	251	6.02000000e+02
8.53627850e+00	2022-05-17T19:21:09.370850	252	6.08000000e+02
8.55376330e+00	2022-05-17T19:21:09.386471	253	5.91000000e+02
8.56310570e+00	2022-05-17T19:21:09.386471	254	5.98000000e+02
8.57143600e+00	2022-05-17T19:21:09.402535	255	6.13000000e+02
8.57981340e+00	2022-05-17T19:21:09.402535	256	5.97000000e+02
8.60002090e+00	2022-05-17T19:21:09.433335	257	5.95000000e+02
8.62898650e+00	2022-05-17T19:21:09.455465	258	5.95000000e+02
8.63346840e+00	2022-05-17T19:21:09.455465	259	5.95000000e+02
8.64468310e+00	2022-05-17T19:21:09.471086	260	6.09000000e+02
8.67694570e+00	2022-05-17T19:21:09.502899	261	5.94000000e+02
8.70047390e+00	2022-05-17T19:21:09.534180	262	6.02000000e+02
8.70639560e+00	2022-05-17T19:21:09.540185	263	5.98000000e+02
8.71497310e+00	2022-05-17T19:21:09.540185	264	5.96000000e+02
8.72637500e+00	2022-05-17T19:21:09.555850	265	6.03000000e+02
8.73501530e+00	2022-05-17T19:21:09.555850	266	5.97000000e+02
8.75553390e+00	2022-05-17T19:21:09.587056	267	5.95000000e+02
8.77888710e+00	2022-05-17T19:21:09.602704	268	5.96000000e+02
8.78465810e+00	2022-05-17T19:21:09.618297	269	5.97000000e+02
8.79657110e+00	2022-05-17T19:21:09.618297	270	5.97000000e+02
8.81605340e+00	2022-05-17T19:21:09.640227	271	6.19000000e+02
8.83780520e+00	2022-05-17T19:21:09.671473	272	6.52000000e+02
8.84978570e+00	2022-05-17T19:21:09.671473	273	6.03000000e+02
8.85820040e+00	2022-05-17T19:21:09.687424	274	6.50000000e+02
8.88391610e+00	2022-05-17T19:21:09.718337	275	5.94000000e+02
8.90235150e+00	2022-05-17T19:21:09.733958	276	5.94000000e+02
8.91128140e+00	2022-05-17T19:21:09.740464	277	5.95000000e+02
8.91959800e+00	2022-05-17T19:21:09.740464	278	5.99000000e+02
8.92786910e+00	2022-05-17T19:21:09.756547	279	6.02000000e+02
8.95189920e+00	2022-05-17T19:21:09.772192	280	6.54000000e+02
8.96897360e+00	2022-05-17T19:21:09.802955	281	6.11000000e+02
8.97622630e+00	2022-05-17T19:21:09.802955	282	6.01000000e+02
8.98490650e+00	2022-05-17T19:21:09.818596	283	5.95000000e+02
8.99332970e+00	2022-05-17T19:21:09.818596	284	5.99000000e+02
9.01793940e+00	2022-05-17T19:21:09.840717	285	6.01000000e+02
9.03824160e+00	2022-05-17T19:21:09.871963	286	5.99000000e+02
9.04651470e+00	2022-05-17T19:21:09.871963	287	6.52000000e+02
9.05442770e+00	2022-05-17T19:21:09.888108	288	6.20000000e+02
9.06309490e+00	2022-05-17T19:21:09.888108	289	5.96000000e+02
9.08541060e+00	2022-05-17T19:21:09.918827	290	6.37000000e+02
9.10334700e+00	2022-05-17T19:21:09.934491	291	5.95000000e+02
9.11185050e+00	2022-05-17T19:21:09.941497	292	6.47000000e+02
9.11989660e+00	2022-05-17T19:21:09.941497	293	6.17000000e+02
9.12837580e+00	2022-05-17T19:21:09.957625	294	6.03000000e+02
9.13657610e+00	2022-05-17T19:21:09.957625	295	6.03000000e+02
9.15492460e+00	2022-05-17T19:21:09.988366	296	5.98000000e+02
9.17927030e+00	2022-05-17T19:21:10.004025	297	5.97000000e+02
9.18547540e+00	2022-05-17T19:21:10.019610	298	5.96000000e+02
9.19424640e+00	2022-05-17T19:21:10.019610	299	6.01000000e+02
9.21760760e+00	2022-05-17T19:21:10.041599	300	5.94000000e+02
9.24211810e+00	2022-05-17T19:21:10.072845	301	5.98000000e+02
9.25079710e+00	2022-05-17T19:21:10.072845	302	6.02000000e+02
9.25962530e+00	2022-05-17T19:21:10.088977	303	5.96000000e+02
9.28577860e+00	2022-05-17T19:21:10.119709	304	6.05000000e+02
9.31072800e+00	2022-05-17T19:21:10.141835	305	5.95000000e+02
9.32113370e+00	2022-05-17T19:21:10.141835	306	6.00000000e+02
9.33276900e+00	2022-05-17T19:21:10.157909	307	6.01000000e+02
9.35507290e+00	2022-05-17T19:21:10.188703	308	6.03000000e+02
9.37890350e+00	2022-05-17T19:21:10.204324	309	5.94000000e+02
9.39055140e+00	2022-05-17T19:21:10.220254	310	5.97000000e+02
9.39972790e+00	2022-05-17T19:21:10.220254	311	5.96000000e+02
9.42908980e+00	2022-05-17T19:21:10.257591	312	5.99000000e+02
9.44267560e+00	2022-05-17T19:21:10.273212	313	6.18000000e+02
9.45231310e+00	2022-05-17T19:21:10.273212	314	5.93000000e+02
9.46437520e+00	2022-05-17T19:21:10.289285	315	6.03000000e+02
9.48719650e+00	2022-05-17T19:21:10.321197	316	6.08000000e+02
9.51060700e+00	2022-05-17T19:21:10.341824	317	5.98000000e+02
9.51690740e+00	2022-05-17T19:21:10.341824	318	6.20000000e+02
9.52599260e+00	2022-05-17T19:21:10.358087	319	5.99000000e+02
9.53785090e+00	2022-05-17T19:21:10.358087	320	5.98000000e+02
9.54637170e+00	2022-05-17T19:21:10.373071	321	6.07000000e+02
9.56502800e+00	2022-05-17T19:21:10.389125	322	6.12000000e+02
9.57945880e+00	2022-05-17T19:21:10.404313	323	5.93000000e+02
9.59111790e+00	2022-05-17T19:21:10.419964	324	6.10000000e+02
9.59878750e+00	2022-05-17T19:21:10.419964	325	6.50000000e+02
9.60775320e+00	2022-05-17T19:21:10.442027	326	5.92000000e+02
9.61994670e+00	2022-05-17T19:21:10.442027	327	5.97000000e+02
9.64187440e+00	2022-05-17T19:21:10.473275	328	5.95000000e+02
9.66611330e+00	2022-05-17T19:21:10.489584	329	6.24000000e+02
9.66841330e+00	2022-05-17T19:21:10.489584	330	6.04000000e+02
9.67767730e+00	2022-05-17T19:21:10.505691	331	6.03000000e+02
9.70362660e+00	2022-05-17T19:21:10.536452	332	6.48000000e+02
9.72950290e+00	2022-05-17T19:21:10.557585	333	5.93000000e+02
9.73462680e+00	2022-05-17T19:21:10.557585	334	6.10000000e+02
9.74289430e+00	2022-05-17T19:21:10.573742	335	5.97000000e+02
9.75055160e+00	2022-05-17T19:21:10.573742	336	5.99000000e+02
9.77273430e+00	2022-05-17T19:21:10.604447	337	6.48000000e+02
9.79710690e+00	2022-05-17T19:21:10.620068	338	6.11000000e+02
9.80843320e+00	2022-05-17T19:21:10.642165	339	5.96000000e+02
9.82059440e+00	2022-05-17T19:21:10.642165	340	6.03000000e+02
9.84112860e+00	2022-05-17T19:21:10.673412	341	5.98000000e+02
9.86111220e+00	2022-05-17T19:21:10.689033	342	5.95000000e+02
9.86980530e+00	2022-05-17T19:21:10.704655	343	5.94000000e+02
9.87804320e+00	2022-05-17T19:21:10.704655	344	6.02000000e+02
9.90295280e+00	2022-05-17T19:21:10.735897	345	6.05000000e+02
9.91190260e+00	2022-05-17T19:21:10.742401	346	6.01000000e+02
9.92933040e+00	2022-05-17T19:21:10.758025	347	5.91000000e+02
9.93955040e+00	2022-05-17T19:21:10.773649	348	6.06000000e+02
9.95095780e+00	2022-05-17T19:21:10.773649	349	5.99000000e+02
9.97391240e+00	2022-05-17T19:21:10.804889	350	6.39000000e+02
9.99717540e+00	2022-05-17T19:21:10.820547	351	6.00000000e+02
1.00089962e+01	2022-05-17T19:21:10.842795	352	6.00000000e+02
1.00171068e+01	2022-05-17T19:21:10.842795	353	5.96000000e+02
1.00447892e+01	2022-05-17T19:21:10.874043	354	5.94000000e+02
1.00539304e+01	2022-05-17T19:21:10.874043	355	5.93000000e+02
1.00712711e+01	2022-05-17T19:21:10.905293	356	6.08000000e+02
1.00824775e+01	2022-05-17T19:21:10.905293	357	5.93000000e+02
1.00910435e+01	2022-05-17T19:21:10.921306	358	5.96000000e+02
1.00991540e+01	2022-05-17T19:21:10.921306	359	5.94000000e+02
1.01188694e+01	2022-05-17T19:21:10.943068	360	5.95000000e+02
1.01276631e+01	2022-05-17T19:21:10.958694	361	5.99000000e+02
1.01402027e+01	2022-05-17T19:21:10.974317	362	6.02000000e+02
1.01562696e+01	2022-05-17T19:21:10.989936	363	5.96000000e+02
1.01651026e+01	2022-05-17T19:21:10.989936	364	6.00000000e+02
1.01767151e+01	2022-05-17T19:21:11.006133	365	6.00000000e+02
1.01855960e+01	2022-05-17T19:21:11.006133	366	5.97000000e+02
1.02037438e+01	2022-05-17T19:21:11.036800	367	6.09000000e+02
1.02283827e+01	2022-05-17T19:21:11.058928	368	5.96000000e+02
1.02384310e+01	2022-05-17T19:21:11.058928	369	5.93000000e+02
1.02468362e+01	2022-05-17T19:21:11.074985	370	6.48000000e+02
1.02844126e+01	2022-05-17T19:21:11.105792	371	6.14000000e+02
1.02987863e+01	2022-05-17T19:21:11.121413	372	5.94000000e+02
1.03079549e+01	2022-05-17T19:21:11.137532	373	5.92000000e+02
1.03159517e+01	2022-05-17T19:21:11.143914	374	5.96000000e+02
1.03331703e+01	2022-05-17T19:21:11.159540	375	5.96000000e+02
1.03451874e+01	2022-05-17T19:21:11.175159	376	6.00000000e+02
1.03679540e+01	2022-05-17T19:21:11.190821	377	6.39000000e+02
1.03732237e+01	2022-05-17T19:21:11.206905	378	5.97000000e+02
1.03820028e+01	2022-05-17T19:21:11.206905	379	5.96000000e+02
1.04062429e+01	2022-05-17T19:21:11.237645	380	5.97000000e+02
1.04328665e+01	2022-05-17T19:21:11.259773	381	5.91000000e+02
1.04433774e+01	2022-05-17T19:21:11.275929	382	5.94000000e+02
1.04554406e+01	2022-05-17T19:21:11.275929	383	6.48000000e+02
1.04752903e+01	2022-05-17T19:21:11.307187	384	5.96000000e+02
1.04850955e+01	2022-05-17T19:21:11.307187	385	5.95000000e+02
1.05037753e+01	2022-05-17T19:21:11.338433	386	6.49000000e+02
1.05127471e+01	2022-05-17T19:21:11.344792	387	5.92000000e+02
1.05208676e+01	2022-05-17T19:21:11.344792	388	6.48000000e+02
1.05291810e+01	2022-05-17T19:21:11.360773	389	5.95000000e+02
1.05373067e+01	2022-05-17T19:21:11.360773	390	5.93000000e+02
1.05606864e+01	2022-05-17T19:21:11.391661	391	6.03000000e+02
1.05798456e+01	2022-05-17T19:21:11.407283	392	5.98000000e+02
1.05905500e+01	2022-05-17T19:21:11.423322	393	5.96000000e+02
1.05985743e+01	2022-05-17T19:21:11.423322	394	5.99000000e+02
1.06233004e+01	2022-05-17T19:21:11.445107	395	5.94000000e+02
1.06492190e+01	2022-05-17T19:21:11.476393	396	5.92000000e+02
1.06604698e+01	2022-05-17T19:21:11.493039	397	6.16000000e+02
1.06724937e+01	2022-05-17T19:21:11.493039	398	5.97000000e+02
1.06935058e+01	2022-05-17T19:21:11.524284	399	5.96000000e+02
1.07141874e+01	2022-05-17T19:21:11.545416	400	6.08000000e+02
1.07257920e+01	2022-05-17T19:21:11.545416	401	6.48000000e+02
1.07333895e+01	2022-05-17T19:21:11.561042	402	5.92000000e+02
1.07423502e+01	2022-05-17T19:21:11.576665	403	5.93000000e+02
1.07681375e+01	2022-05-17T19:21:11.592284	404	5.94000000e+02
1.07867109e+01	2022-05-17T19:21:11.607947	405	5.99000000e+02
1.07955601e+01	2022-05-17T19:21:11.624003	406	5.98000000e+02
1.08241887e+01	2022-05-17T19:21:11.645664	407	5.91000000e+02
1.08364188e+01	2022-05-17T19:21:11.661292	408	5.95000000e+02
1.08457687e+01	2022-05-17T19:21:11.676950	409	6.45000000e+02
1.08567850e+01	2022-05-17T19:21:11.676950	410	5.93000000e+02
1.08653056e+01	2022-05-17T19:21:11.692940	411	6.46000000e+02
1.08855555e+01	2022-05-17T19:21:11.708582	412	5.96000000e+02
1.09111229e+01	2022-05-17T19:21:11.745900	413	5.95000000e+02
1.09186318e+01	2022-05-17T19:21:11.745900	414	5.97000000e+02
1.09299439e+01	2022-05-17T19:21:11.761963	415	6.05000000e+02
1.09389244e+01	2022-05-17T19:21:11.761963	416	5.96000000e+02
1.09547091e+01	2022-05-17T19:21:11.777663	417	5.98000000e+02
1.09795776e+01	2022-05-17T19:21:11.808388	418	6.02000000e+02
1.09873151e+01	2022-05-17T19:21:11.808388	419	6.34000000e+02
1.09965143e+01	2022-05-17T19:21:11.824010	420	6.00000000e+02
1.10206918e+01	2022-05-17T19:21:11.846126	421	5.96000000e+02
1.10428094e+01	2022-05-17T19:21:11.877410	422	5.92000000e+02
1.10485976e+01	2022-05-17T19:21:11.877410	423	5.99000000e+02
1.10577508e+01	2022-05-17T19:21:11.877410	424	5.96000000e+02
1.10697934e+01	2022-05-17T19:21:11.892995	425	5.97000000e+02
1.10903217e+01	2022-05-17T19:21:11.924238	426	5.96000000e+02
1.11173770e+01	2022-05-17T19:21:11.946403	427	5.96000000e+02
1.11230251e+01	2022-05-17T19:21:11.946403	428	6.10000000e+02
1.11312857e+01	2022-05-17T19:21:11.962584	429	5.92000000e+02
1.11397337e+01	2022-05-17T19:21:11.962584	430	6.04000000e+02
1.11658577e+01	2022-05-17T19:21:11.993274	431	5.93000000e+02
1.11790134e+01	2022-05-17T19:21:12.008890	432	5.93000000e+02
1.11934322e+01	2022-05-17T19:21:12.024518	433	5.93000000e+02
1.12048176e+01	2022-05-17T19:21:12.024518	434	6.43000000e+02
1.12132434e+01	2022-05-17T19:21:12.046946	435	5.92000000e+02
1.12254024e+01	2022-05-17T19:21:12.046946	436	6.51000000e+02
1.12430034e+01	2022-05-17T19:21:12.063084	437	6.04000000e+02
1.12638576e+01	2022-05-17T19:21:12.093815	438	5.98000000e+02
1.12746301e+01	2022-05-17T19:21:12.109436	439	5.99000000e+02
1.12826117e+01	2022-05-17T19:21:12.109436	440	5.96000000e+02
1.13057544e+01	2022-05-17T19:21:12.140678	441	6.01000000e+02
1.13071903e+01	2022-05-17T19:21:12.140678	442	5.96000000e+02
1.13337443e+01	2022-05-17T19:21:12.162807	443	5.92000000e+02
1.13404860e+01	2022-05-17T19:21:12.162807	444	6.43000000e+02
1.13523903e+01	2022-05-17T19:21:12.178971	445	6.05000000e+02
1.13768524e+01	2022-05-17T19:21:12.209671	446	5.95000000e+02
1.14039882e+01	2022-05-17T19:21:12.225291	447	5.91000000e+02
1.14096945e+01	2022-05-17T19:21:12.241286	448	5.92000000e+02
1.14178833e+01	2022-05-17T19:21:12.247783	449	6.00000000e+02
1.14262329e+01	2022-05-17T19:21:12.247783	450	5.97000000e+02
1.14517849e+01	2022-05-17T19:21:12.279029	451	6.23000000e+02
1.14713229e+01	2022-05-17T19:21:12.294689	452	6.05000000e+02
1.14831565e+01	2022-05-17T19:21:12.310962	453	5.91000000e+02
1.14917226e+01	2022-05-17T19:21:12.326588	454	6.49000000e+02
1.15069193e+01	2022-05-17T19:21:12.326588	455	5.94000000e+02
1.15286283e+01	2022-05-17T19:21:12.363377	456	5.92000000e+02
1.15301226e+01	2022-05-17T19:21:12.363377	457	5.98000000e+02
1.15401793e+01	2022-05-17T19:21:12.363377	458	5.94000000e+02
1.15493818e+01	2022-05-17T19:21:12.379494	459	5.98000000e+02
1.15747719e+01	2022-05-17T19:21:12.395034	460	5.92000000e+02
1.15771528e+01	2022-05-17T19:21:12.410204	461	6.11000000e+02
1.15975961e+01	2022-05-17T19:21:12.425864	462	6.08000000e+02
1.16057406e+01	2022-05-17T19:21:12.425864	463	5.93000000e+02
1.16150152e+01	2022-05-17T19:21:12.448248	464	6.04000000e+02
1.16267587e+01	2022-05-17T19:21:12.448248	465	5.97000000e+02
1.16668776e+01	2022-05-17T19:21:12.495803	466	5.91000000e+02
1.16744496e+01	2022-05-17T19:21:12.495803	467	5.97000000e+02
1.16843666e+01	2022-05-17T19:21:12.511931	468	5.96000000e+02
1.17077692e+01	2022-05-17T19:21:12.542670	469	6.07000000e+02
1.17166226e+01	2022-05-17T19:21:12.548254	470	5.92000000e+02
1.17357962e+01	2022-05-17T19:21:12.563939	471	6.10000000e+02
1.17457382e+01	2022-05-17T19:21:12.579501	472	5.98000000e+02
1.17578909e+01	2022-05-17T19:21:12.579501	473	5.93000000e+02
1.17754853e+01	2022-05-17T19:21:12.595636	474	6.08000000e+02
1.17962748e+01	2022-05-17T19:21:12.626363	475	5.97000000e+02
1.18038155e+01	2022-05-17T19:21:12.626363	476	5.97000000e+02
1.18148874e+01	2022-05-17T19:21:12.648528	477	6.50000000e+02
1.18235844e+01	2022-05-17T19:21:12.648528	478	6.20000000e+02
1.18457358e+01	2022-05-17T19:21:12.679774	479	5.96000000e+02
1.18720823e+01	2022-05-17T19:21:12.695395	480	5.99000000e+02
1.18761564e+01	2022-05-17T19:21:12.711016	481	5.96000000e+02
1.18849378e+01	2022-05-17T19:21:12.711016	482	6.45000000e+02
1.19016766e+01	2022-05-17T19:21:12.726982	483	5.97000000e+02
1.19105704e+01	2022-05-17T19:21:12.742259	484	5.99000000e+02
1.19311165e+01	2022-05-17T19:21:12.764397	485	6.04000000e+02
1.19424778e+01	2022-05-17T19:21:12.764397	486	6.28000000e+02
1.19545805e+01	2022-05-17T19:21:12.780518	487	5.93000000e+02
1.19775301e+01	2022-05-17T19:21:12.811253	488	5.96000000e+02
1.19987049e+01	2022-05-17T19:21:12.826911	489	5.93000000e+02
1.20071830e+01	2022-05-17T19:21:12.826911	490	6.06000000e+02
1.20158330e+01	2022-05-17T19:21:12.849286	491	6.18000000e+02
1.20243730e+01	2022-05-17T19:21:12.849286	492	5.92000000e+02
1.20470570e+01	2022-05-17T19:21:12.880533	493	6.08000000e+02
1.20748222e+01	2022-05-17T19:21:12.896192	494	5.91000000e+02
1.20810307e+01	2022-05-17T19:21:12.912172	495	6.43000000e+02
1.20897701e+01	2022-05-17T19:21:12.912172	496	5.99000000e+02
1.21089731e+01	2022-05-17T19:21:12.943018	497	5.91000000e+02
1.21299997e+01	2022-05-17T19:21:12.949522	498	5.96000000e+02
1.21380372e+01	2022-05-17T19:21:12.965182	499	5.95000000e+02
1.21472879e+01	2022-05-17T19:21:12.980917	500	5.94000000e+02
1.21597183e+01	2022-05-17T19:21:12.980917	501	5.94000000e+02
1.21849903e+01	2022-05-17T19:21:13.012011	502	5.92000000e+02
1.22010606e+01	2022-05-17T19:21:13.027680	503	6.48000000e+02
1.22161699e+01	2022-05-17T19:21:13.049621	504	5.94000000e+02
1.22248952e+01	2022-05-17T19:21:13.049621	505	5.93000000e+02
1.22370100e+01	2022-05-17T19:21:13.065248	506	5.93000000e+02
1.22453974e+01	2022-05-17T19:21:13.065248	507	5.97000000e+02
1.22705198e+01	2022-05-17T19:21:13.096489	508	6.12000000e+02
1.22907004e+01	2022-05-17T19:21:13.112111	509	5.92000000e+02
1.23025791e+01	2022-05-17T19:21:13.128221	510	5.92000000e+02
1.23243902e+01	2022-05-17T19:21:13.149512	511	5.97000000e+02
1.23525026e+01	2022-05-17T19:21:13.180758	512	5.92000000e+02
1.23556631e+01	2022-05-17T19:21:13.180758	513	5.97000000e+02
1.23641145e+01	2022-05-17T19:21:13.197011	514	6.48000000e+02
1.23722886e+01	2022-05-17T19:21:13.197011	515	5.96000000e+02
1.23946045e+01	2022-05-17T19:21:13.227621	516	5.98000000e+02
1.24163930e+01	2022-05-17T19:21:13.249747	517	5.91000000e+02
1.24257676e+01	2022-05-17T19:21:13.249747	518	6.04000000e+02
1.24378515e+01	2022-05-17T19:21:13.265661	519	5.94000000e+02
1.24471182e+01	2022-05-17T19:21:13.280994	520	5.96000000e+02
1.24639215e+01	2022-05-17T19:21:13.296615	521	5.91000000e+02
1.24914800e+01	2022-05-17T19:21:13.312911	522	5.94000000e+02
1.25032968e+01	2022-05-17T19:21:13.329017	523	5.93000000e+02
1.25255575e+01	2022-05-17T19:21:13.349767	524	6.44000000e+02
1.25489513e+01	2022-05-17T19:21:13.381052	525	5.92000000e+02
1.25568752e+01	2022-05-17T19:21:13.381052	526	6.05000000e+02
1.25656518e+01	2022-05-17T19:21:13.397086	527	6.09000000e+02
1.25770940e+01	2022-05-17T19:21:13.397086	528	5.92000000e+02
1.25936441e+01	2022-05-17T19:21:13.427878	529	5.95000000e+02
1.26156307e+01	2022-05-17T19:21:13.450002	530	5.99000000e+02
1.26231334e+01	2022-05-17T19:21:13.450002	531	5.92000000e+02
1.26255266e+01	2022-05-17T19:21:13.450002	532	6.48000000e+02
1.26347912e+01	2022-05-17T19:21:13.465917	533	5.95000000e+02
1.26474346e+01	2022-05-17T19:21:13.481251	534	6.09000000e+02
1.26704512e+01	2022-05-17T19:21:13.499010	535	6.37000000e+02
1.26910464e+01	2022-05-17T19:21:13.514673	536	5.92000000e+02
1.26960801e+01	2022-05-17T19:21:13.530257	537	5.93000000e+02
1.27081739e+01	2022-05-17T19:21:13.530257	538	5.92000000e+02
1.27281665e+01	2022-05-17T19:21:13.549931	539	5.91000000e+02
1.27568855e+01	2022-05-17T19:21:13.581177	540	5.98000000e+02
1.27615051e+01	2022-05-17T19:21:13.581177	541	5.97000000e+02
1.27735214e+01	2022-05-17T19:21:13.596799	542	5.93000000e+02
1.27948053e+01	2022-05-17T19:21:13.628041	543	6.08000000e+02
1.28165191e+01	2022-05-17T19:21:13.650166	544	5.92000000e+02
1.28269195e+01	2022-05-17T19:21:13.650166	545	5.97000000e+02
1.28350855e+01	2022-05-17T19:21:13.666088	546	5.92000000e+02
1.28434676e+01	2022-05-17T19:21:13.666088	547	5.98000000e+02
1.28636409e+01	2022-05-17T19:21:13.697033	548	6.14000000e+02
1.28718873e+01	2022-05-17T19:21:13.697033	549	5.97000000e+02
1.28875935e+01	2022-05-17T19:21:13.712654	550	5.91000000e+02
1.28961507e+01	2022-05-17T19:21:13.728276	551	6.01000000e+02
1.29048502e+01	2022-05-17T19:21:13.728276	552	6.01000000e+02
1.29177222e+01	2022-05-17T19:21:13.750577	553	5.95000000e+02
1.29292467e+01	2022-05-17T19:21:13.750577	554	5.92000000e+02
1.29474364e+01	2022-05-17T19:21:13.781834	555	5.98000000e+02
1.29742310e+01	2022-05-17T19:21:13.797454	556	5.91000000e+02
1.29784962e+01	2022-05-17T19:21:13.813078	557	5.93000000e+02
1.29907462e+01	2022-05-17T19:21:13.813078	558	6.02000000e+02
1.30131118e+01	2022-05-17T19:21:13.844319	559	5.98000000e+02
1.30402468e+01	2022-05-17T19:21:13.866487	560	6.14000000e+02
1.30521098e+01	2022-05-17T19:21:13.882360	561	6.06000000e+02
1.30605379e+01	2022-05-17T19:21:13.882360	562	5.92000000e+02
1.30994564e+01	2022-05-17T19:21:13.928971	563	5.91000000e+02
1.31069674e+01	2022-05-17T19:21:13.928971	564	5.98000000e+02
1.31180654e+01	2022-05-17T19:21:13.951409	565	5.93000000e+02
1.31308085e+01	2022-05-17T19:21:13.951409	566	5.95000000e+02
1.31469215e+01	2022-05-17T19:21:13.967075	567	5.95000000e+02
1.31760325e+01	2022-05-17T19:21:13.998279	568	6.35000000e+02
1.31785572e+01	2022-05-17T19:21:13.998279	569	5.93000000e+02
1.31876542e+01	2022-05-17T19:21:14.013899	570	6.16000000e+02
1.32102438e+01	2022-05-17T19:21:14.045141	571	6.02000000e+02
1.32331831e+01	2022-05-17T19:21:14.067271	572	5.91000000e+02
1.32470401e+01	2022-05-17T19:21:14.067271	573	5.95000000e+02
1.32568972e+01	2022-05-17T19:21:14.082891	574	6.50000000e+02
1.32792414e+01	2022-05-17T19:21:14.114144	575	5.98000000e+02
1.32915963e+01	2022-05-17T19:21:14.114144	576	5.92000000e+02
1.33114143e+01	2022-05-17T19:21:14.145419	577	6.01000000e+02
1.33184065e+01	2022-05-17T19:21:14.152130	578	5.93000000e+02
1.33267703e+01	2022-05-17T19:21:14.152130	579	5.94000000e+02
1.33388147e+01	2022-05-17T19:21:14.168232	580	6.48000000e+02
1.33477965e+01	2022-05-17T19:21:14.168232	581	5.98000000e+02
1.33656044e+01	2022-05-17T19:21:14.199020	582	5.96000000e+02
1.33871015e+01	2022-05-17T19:21:14.214620	583	5.92000000e+02
1.33961225e+01	2022-05-17T19:21:14.230244	584	5.94000000e+02
1.34045640e+01	2022-05-17T19:21:14.230244	585	5.97000000e+02
1.34282448e+01	2022-05-17T19:21:14.252442	586	5.92000000e+02
1.34582538e+01	2022-05-17T19:21:14.283730	587	6.03000000e+02
1.34613330e+01	2022-05-17T19:21:14.283730	588	5.93000000e+02
1.34700108e+01	2022-05-17T19:21:14.299398	589	5.94000000e+02
1.34964565e+01	2022-05-17T19:21:14.331356	590	6.13000000e+02
1.34986855e+01	2022-05-17T19:21:14.331356	591	5.95000000e+02
1.35214797e+01	2022-05-17T19:21:14.352559	592	5.94000000e+02
1.35310659e+01	2022-05-17T19:21:14.352559	593	5.97000000e+02
1.35396401e+01	2022-05-17T19:21:14.368679	594	5.93000000e+02
1.35663479e+01	2022-05-17T19:21:14.399430	595	5.90000000e+02
1.35950967e+01	2022-05-17T19:21:14.415046	596	5.91000000e+02
1.36013994e+01	2022-05-17T19:21:14.430668	597	6.17000000e+02
1.36131662e+01	2022-05-17T19:21:14.446852	598	6.04000000e+02
1.36215145e+01	2022-05-17T19:21:14.453438	599	5.93000000e+02
1.36304428e+01	2022-05-17T19:21:14.453438	600	5.92000000e+02
1.36509262e+01	2022-05-17T19:21:14.484684	601	6.35000000e+02
1.36750293e+01	2022-05-17T19:21:14.501438	602	6.29000000e+02
1.36828300e+01	2022-05-17T19:21:14.517064	603	5.94000000e+02
1.36909778e+01	2022-05-17T19:21:14.517064	604	5.98000000e+02
1.37137830e+01	2022-05-17T19:21:14.548311	605	5.92000000e+02
1.37167951e+01	2022-05-17T19:21:14.548311	606	5.93000000e+02
1.37466742e+01	2022-05-17T19:21:14.568950	607	5.92000000e+02
1.37527768e+01	2022-05-17T19:21:14.585051	608	6.03000000e+02
1.37645703e+01	2022-05-17T19:21:14.585051	609	6.05000000e+02
1.37847648e+01	2022-05-17T19:21:14.615814	610	5.92000000e+02
1.37930817e+01	2022-05-17T19:21:14.615814	611	5.94000000e+02
1.38149744e+01	2022-05-17T19:21:14.647088	612	6.44000000e+02
1.38262942e+01	2022-05-17T19:21:14.654128	613	5.92000000e+02
1.38345296e+01	2022-05-17T19:21:14.654128	614	6.26000000e+02
1.38530240e+01	2022-05-17T19:21:14.685374	615	5.95000000e+02
1.38820520e+01	2022-05-17T19:21:14.716623	616	5.92000000e+02
1.38920357e+01	2022-05-17T19:21:14.716623	617	6.46000000e+02
1.39043062e+01	2022-05-17T19:21:14.732531	618	5.92000000e+02
1.39306399e+01	2022-05-17T19:21:14.754394	619	6.01000000e+02
1.39392683e+01	2022-05-17T19:21:14.770035	620	5.94000000e+02
1.39608845e+01	2022-05-17T19:21:14.785640	621	6.01000000e+02
1.39654211e+01	2022-05-17T19:21:14.785640	622	6.09000000e+02
1.39738826e+01	2022-05-17T19:21:14.801675	623	5.98000000e+02
1.39981211e+01	2022-05-17T19:21:14.832505	624	6.39000000e+02
1.40106561e+01	2022-05-17T19:21:14.832505	625	5.93000000e+02
1.40283099e+01	2022-05-17T19:21:14.854710	626	5.91000000e+02
1.40351695e+01	2022-05-17T19:21:14.854710	627	5.93000000e+02
1.40434102e+01	2022-05-17T19:21:14.870335	628	6.12000000e+02
1.40516861e+01	2022-05-17T19:21:14.885957	629	5.93000000e+02
1.40707078e+01	2022-05-17T19:21:14.901576	630	5.91000000e+02
1.40932884e+01	2022-05-17T19:21:14.917198	631	5.92000000e+02
1.41051468e+01	2022-05-17T19:21:14.932819	632	5.99000000e+02
1.41168624e+01	2022-05-17T19:21:14.948776	633	5.96000000e+02
1.41252190e+01	2022-05-17T19:21:14.955309	634	6.45000000e+02
1.41332808e+01	2022-05-17T19:21:14.955309	635	6.00000000e+02
1.41530676e+01	2022-05-17T19:21:14.986588	636	5.94000000e+02
1.41775101e+01	2022-05-17T19:21:15.002177	637	5.92000000e+02
1.41861039e+01	2022-05-17T19:21:15.017799	638	6.00000000e+02
1.41950215e+01	2022-05-17T19:21:15.017799	639	5.93000000e+02
1.42075014e+01	2022-05-17T19:21:15.033914	640	5.99000000e+02
1.42297716e+01	2022-05-17T19:21:15.055561	641	5.93000000e+02
1.42316535e+01	2022-05-17T19:21:15.055561	642	6.14000000e+02
1.42536664e+01	2022-05-17T19:21:15.086807	643	5.94000000e+02
1.42556553e+01	2022-05-17T19:21:15.086807	644	5.91000000e+02
1.42704662e+01	2022-05-17T19:21:15.102466	645	5.91000000e+02
1.42808702e+01	2022-05-17T19:21:15.102466	646	6.01000000e+02
1.42891224e+01	2022-05-17T19:21:15.118345	647	5.98000000e+02
1.42970514e+01	2022-05-17T19:21:15.118345	648	5.93000000e+02
1.43162014e+01	2022-05-17T19:21:15.149292	649	6.03000000e+02
1.43409195e+01	2022-05-17T19:21:15.171420	650	6.08000000e+02
1.43498924e+01	2022-05-17T19:21:15.171420	651	6.05000000e+02
1.43587048e+01	2022-05-17T19:21:15.187538	652	6.03000000e+02
1.43668869e+01	2022-05-17T19:21:15.187538	653	5.93000000e+02
1.43852337e+01	2022-05-17T19:21:15.218284	654	5.94000000e+02
1.44143155e+01	2022-05-17T19:21:15.233905	655	5.91000000e+02
1.44202931e+01	2022-05-17T19:21:15.249527	656	5.97000000e+02
1.44320814e+01	2022-05-17T19:21:15.256437	657	5.95000000e+02
1.44406306e+01	2022-05-17T19:21:15.272682	658	6.03000000e+02
1.44491823e+01	2022-05-17T19:21:15.272682	659	5.92000000e+02
1.44698449e+01	2022-05-17T19:21:15.303306	660	5.92000000e+02
1.44982343e+01	2022-05-17T19:21:15.319141	661	5.90000000e+02
1.45017979e+01	2022-05-17T19:21:15.334765	662	5.98000000e+02
1.45104630e+01	2022-05-17T19:21:15.334765	663	5.94000000e+02
1.45330479e+01	2022-05-17T19:21:15.356363	664	5.91000000e+02
1.45428163e+01	2022-05-17T19:21:15.371993	665	5.92000000e+02
1.45644748e+01	2022-05-17T19:21:15.387609	666	5.91000000e+02
1.45757181e+01	2022-05-17T19:21:15.403785	667	5.93000000e+02
1.45838912e+01	2022-05-17T19:21:15.418852	668	6.09000000e+02
1.45923323e+01	2022-05-17T19:21:15.418852	669	5.94000000e+02
1.46177610e+01	2022-05-17T19:21:15.450094	670	6.00000000e+02
1.46415675e+01	2022-05-17T19:21:15.472266	671	5.93000000e+02
1.46493537e+01	2022-05-17T19:21:15.472266	672	5.92000000e+02
1.46578365e+01	2022-05-17T19:21:15.489367	673	5.93000000e+02
1.46654618e+01	2022-05-17T19:21:15.489367	674	5.95000000e+02
1.46896502e+01	2022-05-17T19:21:15.520612	675	6.34000000e+02
1.46981760e+01	2022-05-17T19:21:15.520612	676	6.01000000e+02
1.47196831e+01	2022-05-17T19:21:15.551856	677	5.99000000e+02
1.47311599e+01	2022-05-17T19:21:15.557358	678	6.39000000e+02
1.47399958e+01	2022-05-17T19:21:15.573378	679	6.43000000e+02
1.47518573e+01	2022-05-17T19:21:15.573378	680	6.04000000e+02
1.47723255e+01	2022-05-17T19:21:15.604226	681	5.91000000e+02
1.47953533e+01	2022-05-17T19:21:15.619847	682	5.99000000e+02
1.48020014e+01	2022-05-17T19:21:15.635468	683	6.35000000e+02
1.48091840e+01	2022-05-17T19:21:15.635468	684	5.99000000e+02
1.48174768e+01	2022-05-17T19:21:15.651171	685	5.97000000e+02
1.48258703e+01	2022-05-17T19:21:15.658261	686	6.16000000e+02
1.48378964e+01	2022-05-17T19:21:15.658261	687	5.92000000e+02
1.48565984e+01	2022-05-17T19:21:15.689509	688	5.91000000e+02
1.48861522e+01	2022-05-17T19:21:15.720793	689	5.91000000e+02
1.48905059e+01	2022-05-17T19:21:15.720793	690	6.06000000e+02
1.49005526e+01	2022-05-17T19:21:15.720793	691	5.93000000e+02
1.49116416e+01	2022-05-17T19:21:15.736773	692	6.16000000e+02
1.49349730e+01	2022-05-17T19:21:15.758518	693	5.96000000e+02
1.49584762e+01	2022-05-17T19:21:15.789801	694	6.46000000e+02
1.49607099e+01	2022-05-17T19:21:15.789801	695	5.92000000e+02
1.49687992e+01	2022-05-17T19:21:15.789801	696	5.96000000e+02
1.49771643e+01	2022-05-17T19:21:15.805857	697	6.24000000e+02
1.49855394e+01	2022-05-17T19:21:15.805857	698	5.94000000e+02
1.50049466e+01	2022-05-17T19:21:15.836629	699	6.44000000e+02
1.50273533e+01	2022-05-17T19:21:15.858832	700	6.05000000e+02
1.50350205e+01	2022-05-17T19:21:15.858832	701	5.91000000e+02
1.50466163e+01	2022-05-17T19:21:15.875014	702	6.02000000e+02
1.50552030e+01	2022-05-17T19:21:15.890079	703	6.49000000e+02
1.50676967e+01	2022-05-17T19:21:15.890079	704	5.99000000e+02
1.50894200e+01	2022-05-17T19:21:15.921320	705	6.38000000e+02
1.51135451e+01	2022-05-17T19:21:15.936979	706	5.92000000e+02
1.51246183e+01	2022-05-17T19:21:15.959112	707	6.06000000e+02
1.51325707e+01	2022-05-17T19:21:15.959112	708	5.98000000e+02
1.51414126e+01	2022-05-17T19:21:15.974905	709	5.96000000e+02
1.51532689e+01	2022-05-17T19:21:15.974905	710	5.93000000e+02
1.51942164e+01	2022-05-17T19:21:16.021642	711	5.92000000e+02
1.52019952e+01	2022-05-17T19:21:16.021642	712	6.01000000e+02
1.52063693e+01	2022-05-17T19:21:16.037229	713	5.97000000e+02
1.52145811e+01	2022-05-17T19:21:16.037229	714	5.98000000e+02
1.52229724e+01	2022-05-17T19:21:16.053376	715	6.46000000e+02
1.52311101e+01	2022-05-17T19:21:16.059820	716	5.92000000e+02
1.52394180e+01	2022-05-17T19:21:16.059820	717	5.92000000e+02
1.52587664e+01	2022-05-17T19:21:16.091066	718	5.92000000e+02
1.52840862e+01	2022-05-17T19:21:16.106721	719	5.92000000e+02
1.52922277e+01	2022-05-17T19:21:16.122381	720	6.44000000e+02
1.53007708e+01	2022-05-17T19:21:16.122381	721	5.93000000e+02
1.53137122e+01	2022-05-17T19:21:16.138411	722	5.92000000e+02
1.53352646e+01	2022-05-17T19:21:16.160058	723	5.91000000e+02
1.53594583e+01	2022-05-17T19:21:16.191304	724	5.93000000e+02
1.53670299e+01	2022-05-17T19:21:16.191304	725	5.91000000e+02
1.53787409e+01	2022-05-17T19:21:16.207511	726	5.94000000e+02
1.54063249e+01	2022-05-17T19:21:16.238168	727	5.95000000e+02
1.54362605e+01	2022-05-17T19:21:16.260296	728	5.99000000e+02
1.54403275e+01	2022-05-17T19:21:16.260296	729	5.93000000e+02
1.54522730e+01	2022-05-17T19:21:16.276289	730	6.48000000e+02
1.54762169e+01	2022-05-17T19:21:16.307163	731	6.44000000e+02
1.54884929e+01	2022-05-17T19:21:16.323486	732	5.97000000e+02
1.55076918e+01	2022-05-17T19:21:16.339110	733	5.91000000e+02
1.55177539e+01	2022-05-17T19:21:16.339110	734	6.24000000e+02
1.55471562e+01	2022-05-17T19:21:16.375777	735	5.91000000e+02
1.55669695e+01	2022-05-17T19:21:16.391424	736	5.92000000e+02
1.55747137e+01	2022-05-17T19:21:16.407063	737	5.94000000e+02
1.55833792e+01	2022-05-17T19:21:16.407063	738	5.93000000e+02
1.55914820e+01	2022-05-17T19:21:16.423193	739	5.93000000e+02
1.56010452e+01	2022-05-17T19:21:16.423193	740	5.96000000e+02
1.56212332e+01	2022-05-17T19:21:16.453885	741	5.91000000e+02
1.56514761e+01	2022-05-17T19:21:16.476084	742	6.04000000e+02
1.56611534e+01	2022-05-17T19:21:16.493056	743	5.92000000e+02
1.56695020e+01	2022-05-17T19:21:16.493056	744	5.93000000e+02
1.56900310e+01	2022-05-17T19:21:16.524302	745	6.08000000e+02
1.57013613e+01	2022-05-17T19:21:16.524302	746	5.92000000e+02
1.57254064e+01	2022-05-17T19:21:16.555545	747	6.42000000e+02
1.57349524e+01	2022-05-17T19:21:16.560552	748	5.94000000e+02
1.57434568e+01	2022-05-17T19:21:16.576788	749	5.97000000e+02
1.57553512e+01	2022-05-17T19:21:16.576788	750	5.94000000e+02
1.57744715e+01	2022-05-17T19:21:16.607419	751	5.92000000e+02
1.58049559e+01	2022-05-17T19:21:16.638669	752	5.94000000e+02
1.58167197e+01	2022-05-17T19:21:16.638669	753	5.93000000e+02
1.58250793e+01	2022-05-17T19:21:16.654793	754	6.50000000e+02
1.58372686e+01	2022-05-17T19:21:16.661154	755	5.94000000e+02
1.58617595e+01	2022-05-17T19:21:16.692400	756	5.92000000e+02
1.58888993e+01	2022-05-17T19:21:16.723644	757	6.37000000e+02
1.58945721e+01	2022-05-17T19:21:16.723644	758	5.93000000e+02
1.59031137e+01	2022-05-17T19:21:16.723644	759	6.46000000e+02
1.59147066e+01	2022-05-17T19:21:16.739710	760	5.99000000e+02
1.59375487e+01	2022-05-17T19:21:16.761504	761	5.91000000e+02
1.59680692e+01	2022-05-17T19:21:16.792828	762	5.98000000e+02
1.59724267e+01	2022-05-17T19:21:16.792828	763	5.92000000e+02
1.59803694e+01	2022-05-17T19:21:16.808800	764	6.03000000e+02
1.59890847e+01	2022-05-17T19:21:16.824001	765	6.10000000e+02
1.60098315e+01	2022-05-17T19:21:16.839618	766	5.92000000e+02
1.60354297e+01	2022-05-17T19:21:16.861748	767	5.92000000e+02
1.60470610e+01	2022-05-17T19:21:16.877375	768	5.94000000e+02
1.60585500e+01	2022-05-17T19:21:16.892998	769	5.95000000e+02
1.60708329e+01	2022-05-17T19:21:16.892998	770	5.92000000e+02
1.60920646e+01	2022-05-17T19:21:16.924240	771	5.91000000e+02
1.61215065e+01	2022-05-17T19:21:16.955524	772	5.93000000e+02
1.61236874e+01	2022-05-17T19:21:16.955524	773	6.03000000e+02
1.61321168e+01	2022-05-17T19:21:16.962552	774	5.93000000e+02
1.61405128e+01	2022-05-17T19:21:16.962552	775	5.98000000e+02
1.61530125e+01	2022-05-17T19:21:16.978684	776	6.04000000e+02
1.61780853e+01	2022-05-17T19:21:17.009420	777	6.04000000e+02
1.62097424e+01	2022-05-17T19:21:17.040701	778	5.91000000e+02
1.62182692e+01	2022-05-17T19:21:17.040701	779	6.45000000e+02
1.62304940e+01	2022-05-17T19:21:17.063134	780	6.02000000e+02
1.62389023e+01	2022-05-17T19:21:17.063134	781	6.01000000e+02
1.62642838e+01	2022-05-17T19:21:17.094381	782	5.93000000e+02
1.62887427e+01	2022-05-17T19:21:17.110002	783	5.92000000e+02
1.63045014e+01	2022-05-17T19:21:17.125866	784	5.94000000e+02
1.63166575e+01	2022-05-17T19:21:17.141699	785	5.95000000e+02
1.63428394e+01	2022-05-17T19:21:17.163489	786	5.96000000e+02
1.63732864e+01	2022-05-17T19:21:17.194734	787	6.39000000e+02
1.63814120e+01	2022-05-17T19:21:17.210847	788	6.04000000e+02
1.63903701e+01	2022-05-17T19:21:17.210847	789	5.95000000e+02
1.64099428e+01	2022-05-17T19:21:17.241599	790	5.92000000e+02
1.64183937e+01	2022-05-17T19:21:17.241599	791	6.06000000e+02
1.64410830e+01	2022-05-17T19:21:17.263724	792	5.93000000e+02
1.64514571e+01	2022-05-17T19:21:17.279527	793	6.50000000e+02
1.64596356e+01	2022-05-17T19:21:17.279527	794	5.95000000e+02
1.64785222e+01	2022-05-17T19:21:17.311163	795	5.91000000e+02
1.65084928e+01	2022-05-17T19:21:17.342446	796	6.08000000e+02
1.65129662e+01	2022-05-17T19:21:17.342446	797	5.94000000e+02
1.65213625e+01	2022-05-17T19:21:17.342446	798	5.93000000e+02
1.65296491e+01	2022-05-17T19:21:17.363999	799	6.46000000e+02
1.65417901e+01	2022-05-17T19:21:17.363999	800	5.94000000e+02
1.65604640e+01	2022-05-17T19:21:17.395245	801	5.91000000e+02
1.65678222e+01	2022-05-17T19:21:17.395245	802	5.95000000e+02
1.65991556e+01	2022-05-17T19:21:17.426487	803	6.02000000e+02
1.66033513e+01	2022-05-17T19:21:17.426487	804	5.94000000e+02
1.66149738e+01	2022-05-17T19:21:17.442430	805	5.93000000e+02
1.66408493e+01	2022-05-17T19:21:17.464305	806	5.93000000e+02
1.66430530e+01	2022-05-17T19:21:17.464305	807	5.91000000e+02
1.66750957e+01	2022-05-17T19:21:17.496172	808	5.92000000e+02
1.66851829e+01	2022-05-17T19:21:17.512286	809	5.93000000e+02
1.67115734e+01	2022-05-17T19:21:17.543040	810	5.92000000e+02
1.67427710e+01	2022-05-17T19:21:17.564726	811	5.92000000e+02
1.67547420e+01	2022-05-17T19:21:17.580638	812	5.93000000e+02
1.67809131e+01	2022-05-17T19:21:17.611593	813	6.01000000e+02
1.68061844e+01	2022-05-17T19:21:17.627252	814	6.46000000e+02
1.68154507e+01	2022-05-17T19:21:17.642891	815	6.50000000e+02
1.68246020e+01	2022-05-17T19:21:17.658458	816	5.94000000e+02
1.68366507e+01	2022-05-17T19:21:17.665445	817	5.93000000e+02
1.68453569e+01	2022-05-17T19:21:17.665445	818	5.94000000e+02
1.68658560e+01	2022-05-17T19:21:17.696691	819	5.97000000e+02
1.68754186e+01	2022-05-17T19:21:17.696691	820	5.95000000e+02
1.68930556e+01	2022-05-17T19:21:17.727934	821	5.93000000e+02
1.69040192e+01	2022-05-17T19:21:17.727934	822	5.98000000e+02
1.69143855e+01	2022-05-17T19:21:17.744129	823	5.96000000e+02
1.69225050e+01	2022-05-17T19:21:17.744129	824	5.92000000e+02
1.69415727e+01	2022-05-17T19:21:17.765540	825	6.43000000e+02
1.69516798e+01	2022-05-17T19:21:17.781164	826	5.92000000e+02
1.69710701e+01	2022-05-17T19:21:17.796785	827	5.93000000e+02
1.69796542e+01	2022-05-17T19:21:17.812408	828	5.95000000e+02
1.69883759e+01	2022-05-17T19:21:17.812408	829	5.92000000e+02
1.70004711e+01	2022-05-17T19:21:17.828604	830	5.93000000e+02
1.70088582e+01	2022-05-17T19:21:17.843652	831	5.99000000e+02
1.70213486e+01	2022-05-17T19:21:17.843652	832	6.20000000e+02
1.70408064e+01	2022-05-17T19:21:17.865857	833	5.92000000e+02
1.70724097e+01	2022-05-17T19:21:17.897176	834	5.92000000e+02
1.70785188e+01	2022-05-17T19:21:17.912738	835	5.96000000e+02
1.70905851e+01	2022-05-17T19:21:17.912738	836	6.51000000e+02
1.71111251e+01	2022-05-17T19:21:17.943968	837	6.12000000e+02
1.71420545e+01	2022-05-17T19:21:17.966092	838	5.92000000e+02
1.71524015e+01	2022-05-17T19:21:17.981717	839	5.95000000e+02
1.71726282e+01	2022-05-17T19:21:17.997668	840	5.95000000e+02
1.71793754e+01	2022-05-17T19:21:18.012960	841	5.92000000e+02
1.72051909e+01	2022-05-17T19:21:18.028580	842	5.91000000e+02
1.72130794e+01	2022-05-17T19:21:18.044244	843	5.93000000e+02
1.72218386e+01	2022-05-17T19:21:18.044244	844	5.92000000e+02
1.72332174e+01	2022-05-17T19:21:18.066897	845	6.01000000e+02
1.72424035e+01	2022-05-17T19:21:18.066897	846	5.93000000e+02
1.72627582e+01	2022-05-17T19:21:18.083009	847	5.91000000e+02
1.72952497e+01	2022-05-17T19:21:18.129439	848	5.92000000e+02
1.72994137e+01	2022-05-17T19:21:18.129439	849	5.93000000e+02
1.73077428e+01	2022-05-17T19:21:18.129439	850	5.93000000e+02
1.73197942e+01	2022-05-17T19:21:18.145495	851	6.39000000e+02
1.73414519e+01	2022-05-17T19:21:18.166751	852	5.91000000e+02
1.73505244e+01	2022-05-17T19:21:18.182376	853	5.98000000e+02
1.73695362e+01	2022-05-17T19:21:18.198036	854	6.43000000e+02
1.73809324e+01	2022-05-17T19:21:18.213917	855	5.92000000e+02
1.73896154e+01	2022-05-17T19:21:18.213917	856	5.95000000e+02
1.74117736e+01	2022-05-17T19:21:18.244861	857	5.94000000e+02
1.74356967e+01	2022-05-17T19:21:18.266986	858	5.92000000e+02
1.74449433e+01	2022-05-17T19:21:18.266986	859	5.97000000e+02
1.74552419e+01	2022-05-17T19:21:18.283118	860	5.93000000e+02
1.74789904e+01	2022-05-17T19:21:18.313912	861	5.97000000e+02
1.74819367e+01	2022-05-17T19:21:18.314417	862	5.96000000e+02
1.75137956e+01	2022-05-17T19:21:18.345662	863	5.92000000e+02
1.75251098e+01	2022-05-17T19:21:18.345662	864	5.97000000e+02
1.75369747e+01	2022-05-17T19:21:18.367598	865	5.92000000e+02
1.75462097e+01	2022-05-17T19:21:18.367598	866	5.93000000e+02
1.75765761e+01	2022-05-17T19:21:18.398844	867	5.91000000e+02
1.75962507e+01	2022-05-17T19:21:18.430088	868	5.96000000e+02
1.76065462e+01	2022-05-17T19:21:18.430088	869	5.99000000e+02
1.76142566e+01	2022-05-17T19:21:18.445972	870	5.93000000e+02
1.76232070e+01	2022-05-17T19:21:18.445972	871	5.99000000e+02
1.76428545e+01	2022-05-17T19:21:18.467897	872	5.95000000e+02
1.76691642e+01	2022-05-17T19:21:18.499732	873	6.03000000e+02
1.76804337e+01	2022-05-17T19:21:18.515357	874	5.93000000e+02
1.76926508e+01	2022-05-17T19:21:18.515357	875	5.93000000e+02
1.77116759e+01	2022-05-17T19:21:18.546599	876	5.98000000e+02
1.77436637e+01	2022-05-17T19:21:18.567802	877	5.94000000e+02
1.77539525e+01	2022-05-17T19:21:18.583427	878	5.99000000e+02
1.77627267e+01	2022-05-17T19:21:18.583427	879	5.93000000e+02
1.77797526e+01	2022-05-17T19:21:18.614669	880	6.02000000e+02
1.78122050e+01	2022-05-17T19:21:18.645955	881	5.92000000e+02
1.78152336e+01	2022-05-17T19:21:18.645955	882	5.97000000e+02
1.78239609e+01	2022-05-17T19:21:18.645955	883	5.93000000e+02
1.78358358e+01	2022-05-17T19:21:18.668545	884	5.92000000e+02
1.78446825e+01	2022-05-17T19:21:18.668545	885	5.93000000e+02
1.78661448e+01	2022-05-17T19:21:18.699790	886	5.98000000e+02
1.78968705e+01	2022-05-17T19:21:18.731033	887	5.90000000e+02
1.79009792e+01	2022-05-17T19:21:18.731033	888	5.89000000e+02
1.79102166e+01	2022-05-17T19:21:18.731033	889	6.10000000e+02
1.79219862e+01	2022-05-17T19:21:18.746985	890	5.88000000e+02
1.79449008e+01	2022-05-17T19:21:18.768594	891	5.87000000e+02
1.79692319e+01	2022-05-17T19:21:18.799918	892	5.87000000e+02
1.79791014e+01	2022-05-17T19:21:18.799918	893	5.92000000e+02
1.79876695e+01	2022-05-17T19:21:18.815947	894	5.91000000e+02
1.80119378e+01	2022-05-17T19:21:18.846704	895	6.09000000e+02
1.80369032e+01	2022-05-17T19:21:18.868829	896	5.91000000e+02
1.80457418e+01	2022-05-17T19:21:18.868829	897	6.46000000e+02
1.80574740e+01	2022-05-17T19:21:18.885006	898	6.46000000e+02
1.80807794e+01	2022-05-17T19:21:18.915696	899	5.91000000e+02
1.81053194e+01	2022-05-17T19:21:18.931317	900	5.93000000e+02
1.81147748e+01	2022-05-17T19:21:18.946939	901	5.92000000e+02
1.81268734e+01	2022-05-17T19:21:18.946939	902	6.12000000e+02
1.81350253e+01	2022-05-17T19:21:18.968896	903	5.90000000e+02
1.81484565e+01	2022-05-17T19:21:18.968896	904	5.95000000e+02
1.81653008e+01	2022-05-17T19:21:19.000142	905	6.08000000e+02
1.81906197e+01	2022-05-17T19:21:19.015763	906	5.94000000e+02
1.81999811e+01	2022-05-17T19:21:19.031387	907	5.88000000e+02
1.82090625e+01	2022-05-17T19:21:19.031387	908	5.94000000e+02
1.82209876e+01	2022-05-17T19:21:19.047306	909	5.89000000e+02
1.82318724e+01	2022-05-17T19:21:19.062639	910	5.91000000e+02
1.82448843e+01	2022-05-17T19:21:19.069184	911	5.88000000e+02
1.82693012e+01	2022-05-17T19:21:19.100468	912	5.95000000e+02
1.82781486e+01	2022-05-17T19:21:19.100468	913	5.88000000e+02
1.82866157e+01	2022-05-17T19:21:19.116571	914	5.89000000e+02
1.83198348e+01	2022-05-17T19:21:19.147310	915	5.93000000e+02
1.83389712e+01	2022-05-17T19:21:19.169419	916	5.89000000e+02
1.83475321e+01	2022-05-17T19:21:19.169419	917	5.94000000e+02
1.83557575e+01	2022-05-17T19:21:19.185077	918	5.89000000e+02
1.83639375e+01	2022-05-17T19:21:19.185077	919	6.40000000e+02
1.83725543e+01	2022-05-17T19:21:19.201130	920	5.94000000e+02
1.83803771e+01	2022-05-17T19:21:19.201130	921	6.35000000e+02
1.83957151e+01	2022-05-17T19:21:19.216673	922	6.12000000e+02
1.83977529e+01	2022-05-17T19:21:19.231907	923	5.88000000e+02
1.84285833e+01	2022-05-17T19:21:19.263149	924	5.88000000e+02
1.84339216e+01	2022-05-17T19:21:19.263149	925	5.88000000e+02
1.84423708e+01	2022-05-17T19:21:19.270067	926	5.91000000e+02
1.84539532e+01	2022-05-17T19:21:19.286180	927	5.93000000e+02
1.84626999e+01	2022-05-17T19:21:19.286180	928	6.04000000e+02
1.84892719e+01	2022-05-17T19:21:19.318114	929	5.96000000e+02
1.85152315e+01	2022-05-17T19:21:19.349358	930	6.00000000e+02
1.85242928e+01	2022-05-17T19:21:19.349358	931	5.92000000e+02
1.85368003e+01	2022-05-17T19:21:19.370406	932	5.99000000e+02
1.85485177e+01	2022-05-17T19:21:19.370406	933	5.89000000e+02
1.85693745e+01	2022-05-17T19:21:19.401656	934	5.90000000e+02
1.85942332e+01	2022-05-17T19:21:19.417273	935	5.92000000e+02
1.85981225e+01	2022-05-17T19:21:19.432896	936	5.87000000e+02
1.86056043e+01	2022-05-17T19:21:19.432896	937	5.89000000e+02
1.86142532e+01	2022-05-17T19:21:19.448518	938	5.88000000e+02
1.86264543e+01	2022-05-17T19:21:19.448518	939	5.89000000e+02
1.86438328e+01	2022-05-17T19:21:19.470643	940	5.89000000e+02
1.86700925e+01	2022-05-17T19:21:19.502499	941	5.87000000e+02
1.86800703e+01	2022-05-17T19:21:19.502499	942	6.45000000e+02
1.86919506e+01	2022-05-17T19:21:19.518638	943	6.00000000e+02
1.87144739e+01	2022-05-17T19:21:19.549363	944	6.04000000e+02
1.87397078e+01	2022-05-17T19:21:19.570568	945	6.12000000e+02
1.87484185e+01	2022-05-17T19:21:19.570568	946	6.03000000e+02
1.87576204e+01	2022-05-17T19:21:19.586708	947	5.89000000e+02
1.87838036e+01	2022-05-17T19:21:19.617440	948	5.87000000e+02
1.88177324e+01	2022-05-17T19:21:19.648717	949	5.98000000e+02
1.88274137e+01	2022-05-17T19:21:19.648717	950	6.44000000e+02
1.88393243e+01	2022-05-17T19:21:19.671141	951	5.96000000e+02
1.88472575e+01	2022-05-17T19:21:19.671141	952	5.92000000e+02
1.88685289e+01	2022-05-17T19:21:19.702390	953	5.88000000e+02
1.88999606e+01	2022-05-17T19:21:19.733631	954	5.87000000e+02
1.89092221e+01	2022-05-17T19:21:19.733631	955	5.89000000e+02
1.89217025e+01	2022-05-17T19:21:19.749777	956	5.88000000e+02
1.89466584e+01	2022-05-17T19:21:19.771243	957	6.29000000e+02
1.89791465e+01	2022-05-17T19:21:19.802489	958	5.87000000e+02
1.89821081e+01	2022-05-17T19:21:19.802489	959	5.89000000e+02
1.89911649e+01	2022-05-17T19:21:19.818565	960	5.93000000e+02
1.90149988e+01	2022-05-17T19:21:19.849355	961	5.87000000e+02
1.90472275e+01	2022-05-17T19:21:19.871478	962	5.96000000e+02
1.90528855e+01	2022-05-17T19:21:19.887105	963	5.88000000e+02
1.90652656e+01	2022-05-17T19:21:19.887105	964	5.91000000e+02
1.90837471e+01	2022-05-17T19:21:19.918346	965	5.87000000e+02
1.91154312e+01	2022-05-17T19:21:19.949632	966	6.01000000e+02
1.91219972e+01	2022-05-17T19:21:19.949632	967	6.19000000e+02
1.91299484e+01	2022-05-17T19:21:19.949632	968	6.03000000e+02
1.91386073e+01	2022-05-17T19:21:19.972272	969	6.40000000e+02
1.91506947e+01	2022-05-17T19:21:19.972272	970	5.93000000e+02
1.91686102e+01	2022-05-17T19:21:20.003519	971	5.96000000e+02
1.91783162e+01	2022-05-17T19:21:20.003519	972	5.89000000e+02
1.91973780e+01	2022-05-17T19:21:20.019178	973	5.96000000e+02
1.92080007e+01	2022-05-17T19:21:20.034810	974	5.99000000e+02
1.92170247e+01	2022-05-17T19:21:20.050385	975	5.92000000e+02
1.92290049e+01	2022-05-17T19:21:20.050385	976	5.92000000e+02
1.92532234e+01	2022-05-17T19:21:20.088105	977	5.87000000e+02
1.92819361e+01	2022-05-17T19:21:20.103726	978	6.27000000e+02
1.92941997e+01	2022-05-17T19:21:20.119848	979	5.89000000e+02
1.93171066e+01	2022-05-17T19:21:20.150592	980	5.89000000e+02
1.93499999e+01	2022-05-17T19:21:20.172789	981	5.89000000e+02
1.93598435e+01	2022-05-17T19:21:20.188948	982	5.88000000e+02
1.93866400e+01	2022-05-17T19:21:20.219657	983	5.87000000e+02
1.94165043e+01	2022-05-17T19:21:20.250937	984	5.99000000e+02
1.94255357e+01	2022-05-17T19:21:20.250937	985	6.44000000e+02
1.94372810e+01	2022-05-17T19:21:20.266831	986	6.44000000e+02
1.94454600e+01	2022-05-17T19:21:20.273165	987	5.88000000e+02
1.94704362e+01	2022-05-17T19:21:20.304971	988	6.33000000e+02
1.94784998e+01	2022-05-17T19:21:20.304971	989	6.16000000e+02
1.95042037e+01	2022-05-17T19:21:20.336216	990	6.00000000e+02
1.95113221e+01	2022-05-17T19:21:20.336216	991	6.31000000e+02
1.95234461e+01	2022-05-17T19:21:20.352470	992	5.89000000e+02
1.95316107e+01	2022-05-17T19:21:20.352470	993	5.89000000e+02
1.95479445e+01	2022-05-17T19:21:20.373378	994	5.91000000e+02
1.95824617e+01	2022-05-17T19:21:20.404625	995	6.31000000e+02
1.95932155e+01	2022-05-17T19:21:20.420757	996	6.30000000e+02
1.96191996e+01	2022-05-17T19:21:20.451490	997	5.89000000e+02
1.96506099e+01	2022-05-17T19:21:20.473615	998	5.89000000e+02
1.96624956e+01	2022-05-17T19:21:20.491113	999	5.93000000e+02
1.96713288e+01	2022-05-17T19:21:20.491113	1000	6.38000000e+02