Time elapsed	Time stamp	Loop Index	GP2Y ADC
s			Cts

5.01495160e+00	2022-05-17T19:21:39.901912	1	6.02000000e+02
5.02372940e+00	2022-05-17T19:21:39.901912	2	6.03000000e+02
5.03511990e+00	2022-05-17T19:21:39.917450	3	6.10000000e+02
5.04747440e+00	2022-05-17T19:21:39.932478	4	6.27000000e+02
5.07242230e+00	2022-05-17T19:21:39.954608	5	6.04000000e+02
5.09275780e+00	2022-05-17T19:21:39.970229	6	6.05000000e+02
5.10052510e+00	2022-05-17T19:21:39.986412	7	6.02000000e+02
5.10935700e+00	2022-05-17T19:21:39.986412	8	6.05000000e+02
5.12668080e+00	2022-05-17T19:21:40.002005	9	6.14000000e+02
5.14009330e+00	2022-05-17T19:21:40.017125	10	6.03000000e+02
5.15277180e+00	2022-05-17T19:21:40.039221	11	6.10000000e+02
5.16252890e+00	2022-05-17T19:21:40.039221	12	6.11000000e+02
5.17064790e+00	2022-05-17T19:21:40.055132	13	6.08000000e+02
5.19762420e+00	2022-05-17T19:21:40.070473	14	6.05000000e+02
5.21534390e+00	2022-05-17T19:21:40.101713	15	6.21000000e+02
5.22400830e+00	2022-05-17T19:21:40.101713	16	6.47000000e+02
5.23565660e+00	2022-05-17T19:21:40.117893	17	6.10000000e+02
5.24448730e+00	2022-05-17T19:21:40.117893	18	6.10000000e+02
5.26767270e+00	2022-05-17T19:21:40.155087	19	6.02000000e+02
5.28673330e+00	2022-05-17T19:21:40.170744	20	6.02000000e+02
5.29761050e+00	2022-05-17T19:21:40.170744	21	6.02000000e+02
5.30578730e+00	2022-05-17T19:21:40.186328	22	6.04000000e+02
5.31421870e+00	2022-05-17T19:21:40.201952	23	6.07000000e+02
5.33182700e+00	2022-05-17T19:21:40.217572	24	6.03000000e+02
5.34766800e+00	2022-05-17T19:21:40.233238	25	6.02000000e+02
5.35896820e+00	2022-05-17T19:21:40.240176	26	6.10000000e+02
5.36774020e+00	2022-05-17T19:21:40.255809	27	6.29000000e+02
5.37945160e+00	2022-05-17T19:21:40.255809	28	6.03000000e+02
5.39965530e+00	2022-05-17T19:21:40.287044	29	6.03000000e+02
5.41598310e+00	2022-05-17T19:21:40.303294	30	6.03000000e+02
5.42469520e+00	2022-05-17T19:21:40.303294	31	6.04000000e+02
5.43674750e+00	2022-05-17T19:21:40.319515	32	6.53000000e+02
5.44517600e+00	2022-05-17T19:21:40.319515	33	6.06000000e+02
5.46429350e+00	2022-05-17T19:21:40.340498	34	6.08000000e+02
5.48257460e+00	2022-05-17T19:21:40.356145	35	6.56000000e+02
5.49420030e+00	2022-05-17T19:21:40.371782	36	6.03000000e+02
5.51810530e+00	2022-05-17T19:21:40.402986	37	6.06000000e+02
5.53571510e+00	2022-05-17T19:21:40.418649	38	6.02000000e+02
5.54739090e+00	2022-05-17T19:21:40.434400	39	6.09000000e+02
5.55555970e+00	2022-05-17T19:21:40.440876	40	6.03000000e+02
5.56432410e+00	2022-05-17T19:21:40.440876	41	6.03000000e+02
5.58735220e+00	2022-05-17T19:21:40.472123	42	6.08000000e+02
5.59578770e+00	2022-05-17T19:21:40.472123	43	6.32000000e+02
5.60829410e+00	2022-05-17T19:21:40.488436	44	6.06000000e+02
5.61792370e+00	2022-05-17T19:21:40.504098	45	6.08000000e+02
5.62934080e+00	2022-05-17T19:21:40.504098	46	6.07000000e+02
5.64641060e+00	2022-05-17T19:21:40.520185	47	6.02000000e+02
5.66409070e+00	2022-05-17T19:21:40.540812	48	6.08000000e+02
5.66991640e+00	2022-05-17T19:21:40.556956	49	6.07000000e+02
5.67882840e+00	2022-05-17T19:21:40.556956	50	6.23000000e+02
5.70153270e+00	2022-05-17T19:21:40.587700	51	6.14000000e+02
5.71221940e+00	2022-05-17T19:21:40.587700	52	6.36000000e+02
5.72344800e+00	2022-05-17T19:21:40.603301	53	6.06000000e+02
5.73178560e+00	2022-05-17T19:21:40.618935	54	6.08000000e+02
5.73999880e+00	2022-05-17T19:21:40.618935	55	6.03000000e+02
5.76365610e+00	2022-05-17T19:21:40.641193	56	6.02000000e+02
5.78314250e+00	2022-05-17T19:21:40.656819	57	6.56000000e+02
5.79311160e+00	2022-05-17T19:21:40.672832	58	6.14000000e+02
5.81549200e+00	2022-05-17T19:21:40.703682	59	6.04000000e+02
5.82387210e+00	2022-05-17T19:21:40.703682	60	6.05000000e+02
5.83671740e+00	2022-05-17T19:21:40.719344	61	6.54000000e+02
5.84641980e+00	2022-05-17T19:21:40.719344	62	6.03000000e+02
5.85463220e+00	2022-05-17T19:21:40.741694	63	6.08000000e+02
5.86717090e+00	2022-05-17T19:21:40.741694	64	6.49000000e+02
5.88601430e+00	2022-05-17T19:21:40.772942	65	6.02000000e+02
5.89987050e+00	2022-05-17T19:21:40.772942	66	6.03000000e+02
5.91199030e+00	2022-05-17T19:21:40.788599	67	6.56000000e+02
5.91964380e+00	2022-05-17T19:21:40.804469	68	6.02000000e+02
5.92863850e+00	2022-05-17T19:21:40.804469	69	6.20000000e+02
5.95370010e+00	2022-05-17T19:21:40.841931	70	6.07000000e+02
5.97031190e+00	2022-05-17T19:21:40.857595	71	6.08000000e+02
5.97735650e+00	2022-05-17T19:21:40.857595	72	6.64000000e+02
5.98533820e+00	2022-05-17T19:21:40.873179	73	6.12000000e+02
5.99404380e+00	2022-05-17T19:21:40.873179	74	6.22000000e+02
6.01310310e+00	2022-05-17T19:21:40.888844	75	6.06000000e+02
6.02675590e+00	2022-05-17T19:21:40.904455	76	6.05000000e+02
6.04026440e+00	2022-05-17T19:21:40.920080	77	6.03000000e+02
6.05082130e+00	2022-05-17T19:21:40.935788	78	6.11000000e+02
6.05943380e+00	2022-05-17T19:21:40.942287	79	6.24000000e+02
6.06750270e+00	2022-05-17T19:21:40.942287	80	6.14000000e+02
6.08864120e+00	2022-05-17T19:21:40.973534	81	6.18000000e+02
6.10811650e+00	2022-05-17T19:21:40.989197	82	6.56000000e+02
6.11281090e+00	2022-05-17T19:21:40.989197	83	6.07000000e+02
6.12488300e+00	2022-05-17T19:21:41.005072	84	6.13000000e+02
6.14711120e+00	2022-05-17T19:21:41.020398	85	6.05000000e+02
6.15844950e+00	2022-05-17T19:21:41.042525	86	6.05000000e+02
6.17310290e+00	2022-05-17T19:21:41.058188	87	6.07000000e+02
6.18243760e+00	2022-05-17T19:21:41.058188	88	6.20000000e+02
6.19455400e+00	2022-05-17T19:21:41.074262	89	6.07000000e+02
6.21532470e+00	2022-05-17T19:21:41.089394	90	6.03000000e+02
6.22966200e+00	2022-05-17T19:21:41.105014	91	6.16000000e+02
6.23664080e+00	2022-05-17T19:21:41.120673	92	6.03000000e+02
6.24802550e+00	2022-05-17T19:21:41.136257	93	6.13000000e+02
6.25590390e+00	2022-05-17T19:21:41.142847	94	6.06000000e+02
6.26432210e+00	2022-05-17T19:21:41.142847	95	6.26000000e+02
6.28569280e+00	2022-05-17T19:21:41.174095	96	6.26000000e+02
6.30169090e+00	2022-05-17T19:21:41.189754	97	6.09000000e+02
6.30908460e+00	2022-05-17T19:21:41.189754	98	6.03000000e+02
6.31731040e+00	2022-05-17T19:21:41.205339	99	6.09000000e+02
6.32601800e+00	2022-05-17T19:21:41.205339	100	6.10000000e+02
6.34920610e+00	2022-05-17T19:21:41.236579	101	6.06000000e+02
6.36427030e+00	2022-05-17T19:21:41.243085	102	6.04000000e+02
6.37190010e+00	2022-05-17T19:21:41.258716	103	6.21000000e+02
6.38299850e+00	2022-05-17T19:21:41.258716	104	6.03000000e+02
6.39122970e+00	2022-05-17T19:21:41.274831	105	6.07000000e+02
6.41719030e+00	2022-05-17T19:21:41.305629	106	6.18000000e+02
6.43468260e+00	2022-05-17T19:21:41.321830	107	6.06000000e+02
6.44448820e+00	2022-05-17T19:21:41.321830	108	6.07000000e+02
6.45209710e+00	2022-05-17T19:21:41.337706	109	6.08000000e+02
6.46090970e+00	2022-05-17T19:21:41.343592	110	6.07000000e+02
6.47834740e+00	2022-05-17T19:21:41.359793	111	6.20000000e+02
6.48971920e+00	2022-05-17T19:21:41.374839	112	6.04000000e+02
6.50879100e+00	2022-05-17T19:21:41.390501	113	6.01000000e+02
6.51785930e+00	2022-05-17T19:21:41.406083	114	6.56000000e+02
6.52651220e+00	2022-05-17T19:21:41.406083	115	6.07000000e+02
6.54887690e+00	2022-05-17T19:21:41.421987	116	6.02000000e+02
6.56511740e+00	2022-05-17T19:21:41.443873	117	6.14000000e+02
6.57199690e+00	2022-05-17T19:21:41.459538	118	6.20000000e+02
6.57502780e+00	2022-05-17T19:21:41.459538	119	6.07000000e+02
6.58433670e+00	2022-05-17T19:21:41.459538	120	6.07000000e+02
6.59588930e+00	2022-05-17T19:21:41.475505	121	6.15000000e+02
6.61920070e+00	2022-05-17T19:21:41.507411	122	6.11000000e+02
6.63449610e+00	2022-05-17T19:21:41.507411	123	6.02000000e+02
6.64202590e+00	2022-05-17T19:21:41.523034	124	6.11000000e+02
6.65354840e+00	2022-05-17T19:21:41.538654	125	6.28000000e+02
6.66623590e+00	2022-05-17T19:21:41.544644	126	6.03000000e+02
6.68856070e+00	2022-05-17T19:21:41.575892	127	6.06000000e+02
6.70342390e+00	2022-05-17T19:21:41.591513	128	6.02000000e+02
6.71469170e+00	2022-05-17T19:21:41.591513	129	6.03000000e+02
6.72290190e+00	2022-05-17T19:21:41.607630	130	6.16000000e+02
6.73134830e+00	2022-05-17T19:21:41.607630	131	6.03000000e+02
6.76473780e+00	2022-05-17T19:21:41.644882	132	6.17000000e+02
6.77198050e+00	2022-05-17T19:21:41.644882	133	6.07000000e+02
6.78043460e+00	2022-05-17T19:21:41.660506	134	6.03000000e+02
6.80650430e+00	2022-05-17T19:21:41.691750	135	6.05000000e+02
6.82733430e+00	2022-05-17T19:21:41.707409	136	6.14000000e+02
6.83748500e+00	2022-05-17T19:21:41.723442	137	6.04000000e+02
6.84597500e+00	2022-05-17T19:21:41.723442	138	6.11000000e+02
6.87791250e+00	2022-05-17T19:21:41.760836	139	6.04000000e+02
6.89282020e+00	2022-05-17T19:21:41.776495	140	6.06000000e+02
6.90312330e+00	2022-05-17T19:21:41.776495	141	6.03000000e+02
6.91151800e+00	2022-05-17T19:21:41.792444	142	6.08000000e+02
6.93597260e+00	2022-05-17T19:21:41.823322	143	6.01000000e+02
6.95768500e+00	2022-05-17T19:21:41.845490	144	6.02000000e+02
6.96820540e+00	2022-05-17T19:21:41.845490	145	6.04000000e+02
6.97692660e+00	2022-05-17T19:21:41.861724	146	6.03000000e+02
6.98512720e+00	2022-05-17T19:21:41.861724	147	6.03000000e+02
7.01366670e+00	2022-05-17T19:21:41.892360	148	6.17000000e+02
7.02237180e+00	2022-05-17T19:21:41.908020	149	6.58000000e+02
7.03399200e+00	2022-05-17T19:21:41.908020	150	6.07000000e+02
7.04260590e+00	2022-05-17T19:21:41.924059	151	6.03000000e+02
7.06290900e+00	2022-05-17T19:21:41.945731	152	6.35000000e+02
7.06870400e+00	2022-05-17T19:21:41.945731	153	6.56000000e+02
7.08422360e+00	2022-05-17T19:21:41.961400	154	6.04000000e+02
7.09970640e+00	2022-05-17T19:21:41.977345	155	6.08000000e+02
7.10780430e+00	2022-05-17T19:21:41.993135	156	6.04000000e+02
7.11656800e+00	2022-05-17T19:21:41.993135	157	6.07000000e+02
7.13917610e+00	2022-05-17T19:21:42.023843	158	6.18000000e+02
7.15528050e+00	2022-05-17T19:21:42.039499	159	6.53000000e+02
7.16488020e+00	2022-05-17T19:21:42.046046	160	6.16000000e+02
7.17297150e+00	2022-05-17T19:21:42.046046	161	6.03000000e+02
7.18200430e+00	2022-05-17T19:21:42.061672	162	6.03000000e+02
7.20687660e+00	2022-05-17T19:21:42.092914	163	6.03000000e+02
7.22769770e+00	2022-05-17T19:21:42.108576	164	6.04000000e+02
7.23033540e+00	2022-05-17T19:21:42.108576	165	6.11000000e+02
7.23895590e+00	2022-05-17T19:21:42.124679	166	6.56000000e+02
7.24737260e+00	2022-05-17T19:21:42.124679	167	6.03000000e+02
7.26322480e+00	2022-05-17T19:21:42.146070	168	6.04000000e+02
7.27675440e+00	2022-05-17T19:21:42.161695	169	6.35000000e+02
7.29245460e+00	2022-05-17T19:21:42.177362	170	6.03000000e+02
7.30020790e+00	2022-05-17T19:21:42.177362	171	6.04000000e+02
7.30860680e+00	2022-05-17T19:21:42.193504	172	6.07000000e+02
7.31686820e+00	2022-05-17T19:21:42.193504	173	6.05000000e+02
7.33885760e+00	2022-05-17T19:21:42.224179	174	6.47000000e+02
7.36025060e+00	2022-05-17T19:21:42.246388	175	6.02000000e+02
7.36627370e+00	2022-05-17T19:21:42.246388	176	6.03000000e+02
7.37817080e+00	2022-05-17T19:21:42.262368	177	6.03000000e+02
7.38641720e+00	2022-05-17T19:21:42.262368	178	6.20000000e+02
7.40840540e+00	2022-05-17T19:21:42.293257	179	6.03000000e+02
7.42248100e+00	2022-05-17T19:21:42.309485	180	6.07000000e+02
7.42992170e+00	2022-05-17T19:21:42.309485	181	6.04000000e+02
7.43991710e+00	2022-05-17T19:21:42.325618	182	6.58000000e+02
7.45114230e+00	2022-05-17T19:21:42.325618	183	6.05000000e+02
7.46965690e+00	2022-05-17T19:21:42.346677	184	6.04000000e+02
7.48550960e+00	2022-05-17T19:21:42.362341	185	6.01000000e+02
7.49695350e+00	2022-05-17T19:21:42.377973	186	6.06000000e+02
7.50528810e+00	2022-05-17T19:21:42.393545	187	6.53000000e+02
7.51359780e+00	2022-05-17T19:21:42.393545	188	6.06000000e+02
7.53660680e+00	2022-05-17T19:21:42.424787	189	6.07000000e+02
7.54065330e+00	2022-05-17T19:21:42.424787	190	6.27000000e+02
7.55672260e+00	2022-05-17T19:21:42.440448	191	6.02000000e+02
7.56631530e+00	2022-05-17T19:21:42.446993	192	6.06000000e+02
7.57517290e+00	2022-05-17T19:21:42.462620	193	6.05000000e+02
7.58682660e+00	2022-05-17T19:21:42.462620	194	6.06000000e+02
7.60972740e+00	2022-05-17T19:21:42.493861	195	6.06000000e+02
7.63227770e+00	2022-05-17T19:21:42.510549	196	6.03000000e+02
7.63597950e+00	2022-05-17T19:21:42.510549	197	6.03000000e+02
7.64464210e+00	2022-05-17T19:21:42.526640	198	6.04000000e+02
7.67195120e+00	2022-05-17T19:21:42.547318	199	6.02000000e+02
7.68920190e+00	2022-05-17T19:21:42.562943	200	6.03000000e+02
7.69657500e+00	2022-05-17T19:21:42.578566	201	6.20000000e+02
7.70141280e+00	2022-05-17T19:21:42.578566	202	6.60000000e+02
7.71003600e+00	2022-05-17T19:21:42.594675	203	6.03000000e+02
7.71789760e+00	2022-05-17T19:21:42.594675	204	6.03000000e+02
7.74020790e+00	2022-05-17T19:21:42.625429	205	6.10000000e+02
7.76276860e+00	2022-05-17T19:21:42.647631	206	6.02000000e+02
7.77149520e+00	2022-05-17T19:21:42.647631	207	6.03000000e+02
7.77963020e+00	2022-05-17T19:21:42.663788	208	6.18000000e+02
7.78824970e+00	2022-05-17T19:21:42.663788	209	6.11000000e+02
7.80720020e+00	2022-05-17T19:21:42.694500	210	6.26000000e+02
7.82362270e+00	2022-05-17T19:21:42.710160	211	6.07000000e+02
7.83111010e+00	2022-05-17T19:21:42.710160	212	6.02000000e+02
7.84105980e+00	2022-05-17T19:21:42.726214	213	6.26000000e+02
7.84972250e+00	2022-05-17T19:21:42.726214	214	6.03000000e+02
7.86897030e+00	2022-05-17T19:21:42.747902	215	6.01000000e+02
7.89125090e+00	2022-05-17T19:21:42.779192	216	6.45000000e+02
7.89440080e+00	2022-05-17T19:21:42.779192	217	6.04000000e+02
7.90280190e+00	2022-05-17T19:21:42.779192	218	6.07000000e+02
7.91505470e+00	2022-05-17T19:21:42.795303	219	6.03000000e+02
7.92704420e+00	2022-05-17T19:21:42.810395	220	6.16000000e+02
7.93517230e+00	2022-05-17T19:21:42.810395	221	6.04000000e+02
7.95293870e+00	2022-05-17T19:21:42.826501	222	6.02000000e+02
7.97050590e+00	2022-05-17T19:21:42.848142	223	6.02000000e+02
7.98026930e+00	2022-05-17T19:21:42.863769	224	6.03000000e+02
7.98857340e+00	2022-05-17T19:21:42.863769	225	6.03000000e+02
7.99676100e+00	2022-05-17T19:21:42.879886	226	6.05000000e+02
8.00490540e+00	2022-05-17T19:21:42.879886	227	6.62000000e+02
8.02216620e+00	2022-05-17T19:21:42.895478	228	6.02000000e+02
8.04498460e+00	2022-05-17T19:21:42.926254	229	6.16000000e+02
8.05415060e+00	2022-05-17T19:21:42.941876	230	6.04000000e+02
8.06634810e+00	2022-05-17T19:21:42.948978	231	6.02000000e+02
8.07462530e+00	2022-05-17T19:21:42.948978	232	6.07000000e+02
8.09204940e+00	2022-05-17T19:21:42.980229	233	6.13000000e+02
8.10850900e+00	2022-05-17T19:21:42.995848	234	6.02000000e+02
8.12493520e+00	2022-05-17T19:21:43.011473	235	6.02000000e+02
8.13575540e+00	2022-05-17T19:21:43.011473	236	6.20000000e+02
8.14402430e+00	2022-05-17T19:21:43.027593	237	6.03000000e+02
8.15214770e+00	2022-05-17T19:21:43.027593	238	6.59000000e+02
8.17674990e+00	2022-05-17T19:21:43.064841	239	6.62000000e+02
8.19753530e+00	2022-05-17T19:21:43.080506	240	6.56000000e+02
8.20553540e+00	2022-05-17T19:21:43.080506	241	6.04000000e+02
8.21352050e+00	2022-05-17T19:21:43.096572	242	6.03000000e+02
8.22213130e+00	2022-05-17T19:21:43.096572	243	6.03000000e+02
8.23969180e+00	2022-05-17T19:21:43.127330	244	6.02000000e+02
8.25717100e+00	2022-05-17T19:21:43.142987	245	6.03000000e+02
8.26678210e+00	2022-05-17T19:21:43.149494	246	6.04000000e+02
8.27540960e+00	2022-05-17T19:21:43.149494	247	6.12000000e+02
8.28741380e+00	2022-05-17T19:21:43.165568	248	6.04000000e+02
8.30959700e+00	2022-05-17T19:21:43.196363	249	6.16000000e+02
8.33274450e+00	2022-05-17T19:21:43.212021	250	6.56000000e+02
8.34515240e+00	2022-05-17T19:21:43.227927	251	6.03000000e+02
8.36362010e+00	2022-05-17T19:21:43.249781	252	6.58000000e+02
8.37344260e+00	2022-05-17T19:21:43.249781	253	6.07000000e+02
8.39142720e+00	2022-05-17T19:21:43.265456	254	6.13000000e+02
8.40223510e+00	2022-05-17T19:21:43.281073	255	6.13000000e+02
8.41030750e+00	2022-05-17T19:21:43.297258	256	6.04000000e+02
8.41825170e+00	2022-05-17T19:21:43.297258	257	6.03000000e+02
8.44189120e+00	2022-05-17T19:21:43.329132	258	6.03000000e+02
8.45981760e+00	2022-05-17T19:21:43.344791	259	6.02000000e+02
8.47184650e+00	2022-05-17T19:21:43.349837	260	6.04000000e+02
8.47999870e+00	2022-05-17T19:21:43.366042	261	6.07000000e+02
8.48828710e+00	2022-05-17T19:21:43.366042	262	6.06000000e+02
8.51030750e+00	2022-05-17T19:21:43.396707	263	6.27000000e+02
8.53394050e+00	2022-05-17T19:21:43.412365	264	6.02000000e+02
8.54554050e+00	2022-05-17T19:21:43.428430	265	6.61000000e+02
8.55318510e+00	2022-05-17T19:21:43.428430	266	6.10000000e+02
8.57133410e+00	2022-05-17T19:21:43.450053	267	6.02000000e+02
8.59336260e+00	2022-05-17T19:21:43.481336	268	6.12000000e+02
8.59884500e+00	2022-05-17T19:21:43.481336	269	6.04000000e+02
8.60709560e+00	2022-05-17T19:21:43.481336	270	6.13000000e+02
8.61923820e+00	2022-05-17T19:21:43.497704	271	6.03000000e+02
8.64075720e+00	2022-05-17T19:21:43.528951	272	6.05000000e+02
8.65869960e+00	2022-05-17T19:21:43.544609	273	6.02000000e+02
8.66836110e+00	2022-05-17T19:21:43.550156	274	6.58000000e+02
8.67705620e+00	2022-05-17T19:21:43.550156	275	6.07000000e+02
8.68888040e+00	2022-05-17T19:21:43.565781	276	6.28000000e+02
8.71080140e+00	2022-05-17T19:21:43.597024	277	6.03000000e+02
8.72879090e+00	2022-05-17T19:21:43.612646	278	6.02000000e+02
8.73772500e+00	2022-05-17T19:21:43.612646	279	6.27000000e+02
8.74625150e+00	2022-05-17T19:21:43.628762	280	6.07000000e+02
8.75447700e+00	2022-05-17T19:21:43.628762	281	6.15000000e+02
8.78008740e+00	2022-05-17T19:21:43.665938	282	6.02000000e+02
8.79875180e+00	2022-05-17T19:21:43.681596	283	6.02000000e+02
8.80789420e+00	2022-05-17T19:21:43.681596	284	6.03000000e+02
8.82000930e+00	2022-05-17T19:21:43.697569	285	6.06000000e+02
8.84285320e+00	2022-05-17T19:21:43.728423	286	6.07000000e+02
8.86103920e+00	2022-05-17T19:21:43.744082	287	6.08000000e+02
8.87287920e+00	2022-05-17T19:21:43.750626	288	6.09000000e+02
8.88213220e+00	2022-05-17T19:21:43.766836	289	6.07000000e+02
8.89369900e+00	2022-05-17T19:21:43.781876	290	6.11000000e+02
8.90199720e+00	2022-05-17T19:21:43.781876	291	6.05000000e+02
8.92488000e+00	2022-05-17T19:21:43.813119	292	6.02000000e+02
8.94315660e+00	2022-05-17T19:21:43.828776	293	6.18000000e+02
8.95137800e+00	2022-05-17T19:21:43.828776	294	6.32000000e+02
8.96330350e+00	2022-05-17T19:21:43.850921	295	6.07000000e+02
8.97165170e+00	2022-05-17T19:21:43.850921	296	6.04000000e+02
8.99527470e+00	2022-05-17T19:21:43.882169	297	6.56000000e+02
9.01891570e+00	2022-05-17T19:21:43.897827	298	6.10000000e+02
9.02911490e+00	2022-05-17T19:21:43.913868	299	6.04000000e+02
9.04812780e+00	2022-05-17T19:21:43.929034	300	6.03000000e+02
9.05644660e+00	2022-05-17T19:21:43.944654	301	6.04000000e+02
9.06978470e+00	2022-05-17T19:21:43.951158	302	6.03000000e+02
9.08693950e+00	2022-05-17T19:21:43.966819	303	6.02000000e+02
9.09848180e+00	2022-05-17T19:21:43.982774	304	6.04000000e+02
9.10677630e+00	2022-05-17T19:21:43.982774	305	6.08000000e+02
9.12687330e+00	2022-05-17T19:21:44.013647	306	6.02000000e+02
9.14541410e+00	2022-05-17T19:21:44.029313	307	6.51000000e+02
9.15852330e+00	2022-05-17T19:21:44.044888	308	6.04000000e+02
9.16475500e+00	2022-05-17T19:21:44.051405	309	6.03000000e+02
9.17608470e+00	2022-05-17T19:21:44.051405	310	6.10000000e+02
9.18433720e+00	2022-05-17T19:21:44.067529	311	6.03000000e+02
9.19273690e+00	2022-05-17T19:21:44.067529	312	6.08000000e+02
9.21420030e+00	2022-05-17T19:21:44.098279	313	6.01000000e+02
9.23771830e+00	2022-05-17T19:21:44.113951	314	6.57000000e+02
9.24105840e+00	2022-05-17T19:21:44.113951	315	6.03000000e+02
9.25002940e+00	2022-05-17T19:21:44.129519	316	6.21000000e+02
9.26649030e+00	2022-05-17T19:21:44.151435	317	6.05000000e+02
9.27622960e+00	2022-05-17T19:21:44.151435	318	6.08000000e+02
9.28566010e+00	2022-05-17T19:21:44.167068	319	6.60000000e+02
9.30340100e+00	2022-05-17T19:21:44.182726	320	6.07000000e+02
9.31524110e+00	2022-05-17T19:21:44.198580	321	6.03000000e+02
9.32388440e+00	2022-05-17T19:21:44.198580	322	6.04000000e+02
9.34378370e+00	2022-05-17T19:21:44.229547	323	6.02000000e+02
9.36891230e+00	2022-05-17T19:21:44.251773	324	6.02000000e+02
9.37709610e+00	2022-05-17T19:21:44.251773	325	6.07000000e+02
9.38921990e+00	2022-05-17T19:21:44.267880	326	6.04000000e+02
9.41238160e+00	2022-05-17T19:21:44.298642	327	6.03000000e+02
9.43696500e+00	2022-05-17T19:21:44.314942	328	6.01000000e+02
9.44252410e+00	2022-05-17T19:21:44.330568	329	6.07000000e+02
9.45037080e+00	2022-05-17T19:21:44.330568	330	6.06000000e+02
9.47440900e+00	2022-05-17T19:21:44.351725	331	6.05000000e+02
9.47621150e+00	2022-05-17T19:21:44.351725	332	6.02000000e+02
9.50129530e+00	2022-05-17T19:21:44.382973	333	6.02000000e+02
9.51204400e+00	2022-05-17T19:21:44.399130	334	6.04000000e+02
9.52017430e+00	2022-05-17T19:21:44.399130	335	6.39000000e+02
9.54387040e+00	2022-05-17T19:21:44.429836	336	6.01000000e+02
9.56889400e+00	2022-05-17T19:21:44.452038	337	6.02000000e+02
9.57354450e+00	2022-05-17T19:21:44.452038	338	6.03000000e+02
9.58140730e+00	2022-05-17T19:21:44.468262	339	6.03000000e+02
9.59042380e+00	2022-05-17T19:21:44.468262	340	6.03000000e+02
9.61329120e+00	2022-05-17T19:21:44.498907	341	6.55000000e+02
9.63303520e+00	2022-05-17T19:21:44.515136	342	6.03000000e+02
9.64327270e+00	2022-05-17T19:21:44.530762	343	6.19000000e+02
9.65544410e+00	2022-05-17T19:21:44.530762	344	6.04000000e+02
9.67765190e+00	2022-05-17T19:21:44.551917	345	6.06000000e+02
9.70289630e+00	2022-05-17T19:21:44.583172	346	6.08000000e+02
9.71263520e+00	2022-05-17T19:21:44.599291	347	6.12000000e+02
9.72112070e+00	2022-05-17T19:21:44.599291	348	6.35000000e+02
9.74528810e+00	2022-05-17T19:21:44.630027	349	6.01000000e+02
9.76990100e+00	2022-05-17T19:21:44.652197	350	6.08000000e+02
9.77420590e+00	2022-05-17T19:21:44.652197	351	6.09000000e+02
9.78212710e+00	2022-05-17T19:21:44.668407	352	6.04000000e+02
9.79089610e+00	2022-05-17T19:21:44.668407	353	6.05000000e+02
9.81563720e+00	2022-05-17T19:21:44.699067	354	6.55000000e+02
9.83912660e+00	2022-05-17T19:21:44.714733	355	6.05000000e+02
9.84859300e+00	2022-05-17T19:21:44.730577	356	6.09000000e+02
9.87552860e+00	2022-05-17T19:21:44.752467	357	6.02000000e+02
9.88405820e+00	2022-05-17T19:21:44.768092	358	6.11000000e+02
9.89704060e+00	2022-05-17T19:21:44.783714	359	6.06000000e+02
9.90472640e+00	2022-05-17T19:21:44.783714	360	6.03000000e+02
9.91342410e+00	2022-05-17T19:21:44.799979	361	6.47000000e+02
9.92183050e+00	2022-05-17T19:21:44.799979	362	6.04000000e+02
9.94479150e+00	2022-05-17T19:21:44.830578	363	6.03000000e+02
9.97012780e+00	2022-05-17T19:21:44.852740	364	6.02000000e+02
9.97494270e+00	2022-05-17T19:21:44.852740	365	6.26000000e+02
9.98285690e+00	2022-05-17T19:21:44.868681	366	6.03000000e+02
9.99155890e+00	2022-05-17T19:21:44.868681	367	6.61000000e+02
1.00144151e+01	2022-05-17T19:21:44.899607	368	6.08000000e+02
1.00402632e+01	2022-05-17T19:21:44.915281	369	6.02000000e+02
1.00442707e+01	2022-05-17T19:21:44.931307	370	6.20000000e+02
1.00528070e+01	2022-05-17T19:21:44.931307	371	6.03000000e+02
1.00765887e+01	2022-05-17T19:21:44.953061	372	6.09000000e+02
1.01018618e+01	2022-05-17T19:21:44.984355	373	6.03000000e+02
1.01101936e+01	2022-05-17T19:21:44.984355	374	6.04000000e+02
1.01224078e+01	2022-05-17T19:21:44.999938	375	6.11000000e+02
1.01479041e+01	2022-05-17T19:21:45.031180	376	6.03000000e+02
1.01683452e+01	2022-05-17T19:21:45.053337	377	6.03000000e+02
1.01833266e+01	2022-05-17T19:21:45.068997	378	6.26000000e+02
1.01919527e+01	2022-05-17T19:21:45.068997	379	6.06000000e+02
1.02015569e+01	2022-05-17T19:21:45.085120	380	6.10000000e+02
1.02124753e+01	2022-05-17T19:21:45.100206	381	6.03000000e+02
1.02207340e+01	2022-05-17T19:21:45.100206	382	6.11000000e+02
1.02473489e+01	2022-05-17T19:21:45.131446	383	6.60000000e+02
1.02558641e+01	2022-05-17T19:21:45.131446	384	6.03000000e+02
1.02740383e+01	2022-05-17T19:21:45.153613	385	6.02000000e+02
1.02861259e+01	2022-05-17T19:21:45.169525	386	6.61000000e+02
1.02946006e+01	2022-05-17T19:21:45.169525	387	6.03000000e+02
1.03171460e+01	2022-05-17T19:21:45.200481	388	6.12000000e+02
1.03419640e+01	2022-05-17T19:21:45.216184	389	6.02000000e+02
1.03475182e+01	2022-05-17T19:21:45.232050	390	6.09000000e+02
1.03559660e+01	2022-05-17T19:21:45.232050	391	6.04000000e+02
1.03780059e+01	2022-05-17T19:21:45.253902	392	6.14000000e+02
1.03990875e+01	2022-05-17T19:21:45.285188	393	6.03000000e+02
1.04090606e+01	2022-05-17T19:21:45.285188	394	6.03000000e+02
1.04167844e+01	2022-05-17T19:21:45.302166	395	6.11000000e+02
1.04255818e+01	2022-05-17T19:21:45.302166	396	6.11000000e+02
1.04494245e+01	2022-05-17T19:21:45.333412	397	6.02000000e+02
1.04746338e+01	2022-05-17T19:21:45.354119	398	6.09000000e+02
1.04870472e+01	2022-05-17T19:21:45.369744	399	6.03000000e+02
1.05101683e+01	2022-05-17T19:21:45.385402	400	6.03000000e+02
1.05164167e+01	2022-05-17T19:21:45.400986	401	6.05000000e+02
1.05365671e+01	2022-05-17T19:21:45.416645	402	6.11000000e+02
1.05481767e+01	2022-05-17T19:21:45.432265	403	6.04000000e+02
1.05567731e+01	2022-05-17T19:21:45.432265	404	6.12000000e+02
1.05687013e+01	2022-05-17T19:21:45.454678	405	6.03000000e+02
1.05773076e+01	2022-05-17T19:21:45.454678	406	6.06000000e+02
1.06009076e+01	2022-05-17T19:21:45.485927	407	6.39000000e+02
1.06090687e+01	2022-05-17T19:21:45.485927	408	6.04000000e+02
1.06282631e+01	2022-05-17T19:21:45.502196	409	6.02000000e+02
1.06385088e+01	2022-05-17T19:21:45.518276	410	6.17000000e+02
1.06608900e+01	2022-05-17T19:21:45.549064	411	6.03000000e+02
1.06670889e+01	2022-05-17T19:21:45.555069	412	6.04000000e+02
1.06854789e+01	2022-05-17T19:21:45.570734	413	6.02000000e+02
1.06957684e+01	2022-05-17T19:21:45.570734	414	6.03000000e+02
1.07041181e+01	2022-05-17T19:21:45.586607	415	6.08000000e+02
1.07313812e+01	2022-05-17T19:21:45.617559	416	6.56000000e+02
1.07507809e+01	2022-05-17T19:21:45.633216	417	6.12000000e+02
1.07618564e+01	2022-05-17T19:21:45.648803	418	6.03000000e+02
1.07735878e+01	2022-05-17T19:21:45.655792	419	6.04000000e+02
1.07819815e+01	2022-05-17T19:21:45.655792	420	6.11000000e+02
1.07981838e+01	2022-05-17T19:21:45.671844	421	6.05000000e+02
1.08234410e+01	2022-05-17T19:21:45.702697	422	6.09000000e+02
1.08262093e+01	2022-05-17T19:21:45.702697	423	6.05000000e+02
1.08345158e+01	2022-05-17T19:21:45.718321	424	6.56000000e+02
1.08435770e+01	2022-05-17T19:21:45.718321	425	6.04000000e+02
1.08634614e+01	2022-05-17T19:21:45.749524	426	6.10000000e+02
1.08830969e+01	2022-05-17T19:21:45.756069	427	6.03000000e+02
1.08903812e+01	2022-05-17T19:21:45.771695	428	6.08000000e+02
1.09000492e+01	2022-05-17T19:21:45.787316	429	6.18000000e+02
1.09089728e+01	2022-05-17T19:21:45.787316	430	6.06000000e+02
1.09297781e+01	2022-05-17T19:21:45.803238	431	6.03000000e+02
1.09565092e+01	2022-05-17T19:21:45.834217	432	6.03000000e+02
1.09658902e+01	2022-05-17T19:21:45.850187	433	6.03000000e+02
1.09747174e+01	2022-05-17T19:21:45.856685	434	6.04000000e+02
1.09984757e+01	2022-05-17T19:21:45.872760	435	6.01000000e+02
1.10191714e+01	2022-05-17T19:21:45.903589	436	6.04000000e+02
1.10267567e+01	2022-05-17T19:21:45.903589	437	6.57000000e+02
1.10361161e+01	2022-05-17T19:21:45.919461	438	6.04000000e+02
1.10611264e+01	2022-05-17T19:21:45.934890	439	6.03000000e+02
1.10829637e+01	2022-05-17T19:21:45.956922	440	6.12000000e+02
1.10901611e+01	2022-05-17T19:21:45.972585	441	6.56000000e+02
1.11012204e+01	2022-05-17T19:21:45.988298	442	6.08000000e+02
1.11096169e+01	2022-05-17T19:21:45.988298	443	6.03000000e+02
1.11301772e+01	2022-05-17T19:21:46.003789	444	6.09000000e+02
1.11391754e+01	2022-05-17T19:21:46.019411	445	6.02000000e+02
1.11582989e+01	2022-05-17T19:21:46.035069	446	6.04000000e+02
1.11621047e+01	2022-05-17T19:21:46.035069	447	6.04000000e+02
1.11704821e+01	2022-05-17T19:21:46.057197	448	6.07000000e+02
1.11788982e+01	2022-05-17T19:21:46.057197	449	6.47000000e+02
1.11872097e+01	2022-05-17T19:21:46.073135	450	6.04000000e+02
1.12216475e+01	2022-05-17T19:21:46.104101	451	6.04000000e+02
1.12235957e+01	2022-05-17T19:21:46.104101	452	6.03000000e+02
1.12320459e+01	2022-05-17T19:21:46.119687	453	6.05000000e+02
1.12409916e+01	2022-05-17T19:21:46.119687	454	6.05000000e+02
1.12626925e+01	2022-05-17T19:21:46.150930	455	6.06000000e+02
1.12853816e+01	2022-05-17T19:21:46.173060	456	6.08000000e+02
1.12932074e+01	2022-05-17T19:21:46.173060	457	6.16000000e+02
1.13018669e+01	2022-05-17T19:21:46.188934	458	6.27000000e+02
1.13101907e+01	2022-05-17T19:21:46.188934	459	6.03000000e+02
1.13330453e+01	2022-05-17T19:21:46.219925	460	6.09000000e+02
1.13580326e+01	2022-05-17T19:21:46.235585	461	6.56000000e+02
1.13641984e+01	2022-05-17T19:21:46.251169	462	6.03000000e+02
1.13757904e+01	2022-05-17T19:21:46.258252	463	6.03000000e+02
1.13965248e+01	2022-05-17T19:21:46.274402	464	6.02000000e+02
1.14025715e+01	2022-05-17T19:21:46.289499	465	6.13000000e+02
1.14232266e+01	2022-05-17T19:21:46.305773	466	6.28000000e+02
1.14307976e+01	2022-05-17T19:21:46.305773	467	6.18000000e+02
1.14412318e+01	2022-05-17T19:21:46.321902	468	6.04000000e+02
1.14492414e+01	2022-05-17T19:21:46.337020	469	6.58000000e+02
1.14577891e+01	2022-05-17T19:21:46.337020	470	6.03000000e+02
1.14855393e+01	2022-05-17T19:21:46.373780	471	6.21000000e+02
1.15221815e+01	2022-05-17T19:21:46.405035	472	6.03000000e+02
1.15270018e+01	2022-05-17T19:21:46.405035	473	6.03000000e+02
1.15351373e+01	2022-05-17T19:21:46.420949	474	6.60000000e+02
1.15437008e+01	2022-05-17T19:21:46.420949	475	6.04000000e+02
1.15631023e+01	2022-05-17T19:21:46.436706	476	6.03000000e+02
1.15847757e+01	2022-05-17T19:21:46.458391	477	6.02000000e+02
1.15963540e+01	2022-05-17T19:21:46.474055	478	6.05000000e+02
1.16045198e+01	2022-05-17T19:21:46.491481	479	6.16000000e+02
1.16139550e+01	2022-05-17T19:21:46.491481	480	6.03000000e+02
1.16358469e+01	2022-05-17T19:21:46.522728	481	6.07000000e+02
1.16621292e+01	2022-05-17T19:21:46.538385	482	6.01000000e+02
1.16665129e+01	2022-05-17T19:21:46.553972	483	6.03000000e+02
1.16747871e+01	2022-05-17T19:21:46.559021	484	6.15000000e+02
1.17020729e+01	2022-05-17T19:21:46.590269	485	6.01000000e+02
1.17113074e+01	2022-05-17T19:21:46.590269	486	6.24000000e+02
1.17317259e+01	2022-05-17T19:21:46.605915	487	6.02000000e+02
1.17360217e+01	2022-05-17T19:21:46.621804	488	6.03000000e+02
1.17445082e+01	2022-05-17T19:21:46.621804	489	6.04000000e+02
1.17718620e+01	2022-05-17T19:21:46.659280	490	6.02000000e+02
1.17927153e+01	2022-05-17T19:21:46.674943	491	6.21000000e+02
1.18011910e+01	2022-05-17T19:21:46.674943	492	6.03000000e+02
1.18099607e+01	2022-05-17T19:21:46.690930	493	6.03000000e+02
1.18336292e+01	2022-05-17T19:21:46.721768	494	6.06000000e+02
1.18381906e+01	2022-05-17T19:21:46.721768	495	6.03000000e+02
1.18637034e+01	2022-05-17T19:21:46.737428	496	6.07000000e+02
1.18754200e+01	2022-05-17T19:21:46.759933	497	6.03000000e+02
1.18829335e+01	2022-05-17T19:21:46.759933	498	6.05000000e+02
1.19110543e+01	2022-05-17T19:21:46.791179	499	6.07000000e+02
1.19331081e+01	2022-05-17T19:21:46.806841	500	6.03000000e+02
1.19451271e+01	2022-05-17T19:21:46.822422	501	6.10000000e+02
1.19732573e+01	2022-05-17T19:21:46.860169	502	6.02000000e+02
1.19941624e+01	2022-05-17T19:21:46.875797	503	6.56000000e+02
1.19979243e+01	2022-05-17T19:21:46.875797	504	6.10000000e+02
1.20066282e+01	2022-05-17T19:21:46.891738	505	6.06000000e+02
1.20184951e+01	2022-05-17T19:21:46.891738	506	6.06000000e+02
1.20361265e+01	2022-05-17T19:21:46.922659	507	6.03000000e+02
1.20622534e+01	2022-05-17T19:21:46.938314	508	6.07000000e+02
1.20675596e+01	2022-05-17T19:21:46.954404	509	6.02000000e+02
1.20760927e+01	2022-05-17T19:21:46.960968	510	6.06000000e+02
1.20841175e+01	2022-05-17T19:21:46.960968	511	6.03000000e+02
1.21073168e+01	2022-05-17T19:21:46.992846	512	6.03000000e+02
1.21283961e+01	2022-05-17T19:21:47.008476	513	6.02000000e+02
1.21384474e+01	2022-05-17T19:21:47.024060	514	6.03000000e+02
1.21493672e+01	2022-05-17T19:21:47.024060	515	6.04000000e+02
1.21756685e+01	2022-05-17T19:21:47.060850	516	6.05000000e+02
1.21779987e+01	2022-05-17T19:21:47.060850	517	6.57000000e+02
1.21927031e+01	2022-05-17T19:21:47.076512	518	6.22000000e+02
1.22078869e+01	2022-05-17T19:21:47.092133	519	6.02000000e+02
1.22191789e+01	2022-05-17T19:21:47.092133	520	6.23000000e+02
1.22276782e+01	2022-05-17T19:21:47.107737	521	6.07000000e+02
1.22403841e+01	2022-05-17T19:21:47.123731	522	6.03000000e+02
1.22623586e+01	2022-05-17T19:21:47.139184	523	6.32000000e+02
1.22689057e+01	2022-05-17T19:21:47.154619	524	6.20000000e+02
1.22903437e+01	2022-05-17T19:21:47.176832	525	6.26000000e+02
1.23013144e+01	2022-05-17T19:21:47.176832	526	6.09000000e+02
1.23096038e+01	2022-05-17T19:21:47.192920	527	6.03000000e+02
1.23363783e+01	2022-05-17T19:21:47.223681	528	6.03000000e+02
1.23387572e+01	2022-05-17T19:21:47.223681	529	6.02000000e+02
1.23604713e+01	2022-05-17T19:21:47.239315	530	6.02000000e+02
1.23709072e+01	2022-05-17T19:21:47.254935	531	6.04000000e+02
1.23792330e+01	2022-05-17T19:21:47.261932	532	6.12000000e+02
1.23914471e+01	2022-05-17T19:21:47.278075	533	6.03000000e+02
1.24037418e+01	2022-05-17T19:21:47.278075	534	6.03000000e+02
1.24206106e+01	2022-05-17T19:21:47.308860	535	6.07000000e+02
1.24481446e+01	2022-05-17T19:21:47.325055	536	6.02000000e+02
1.24529850e+01	2022-05-17T19:21:47.340669	537	6.04000000e+02
1.24653374e+01	2022-05-17T19:21:47.340669	538	6.05000000e+02
1.24855614e+01	2022-05-17T19:21:47.362266	539	6.02000000e+02
1.25130756e+01	2022-05-17T19:21:47.393549	540	6.03000000e+02
1.25178863e+01	2022-05-17T19:21:47.393549	541	6.03000000e+02
1.25263934e+01	2022-05-17T19:21:47.409648	542	6.55000000e+02
1.25345537e+01	2022-05-17T19:21:47.409648	543	6.09000000e+02
1.25521392e+01	2022-05-17T19:21:47.440402	544	6.56000000e+02
1.25806244e+01	2022-05-17T19:21:47.462538	545	6.03000000e+02
1.25917792e+01	2022-05-17T19:21:47.478680	546	6.45000000e+02
1.26002569e+01	2022-05-17T19:21:47.478680	547	6.02000000e+02
1.26322203e+01	2022-05-17T19:21:47.510566	548	6.01000000e+02
1.26528837e+01	2022-05-17T19:21:47.526201	549	6.02000000e+02
1.26619619e+01	2022-05-17T19:21:47.542065	550	6.45000000e+02
1.26859812e+01	2022-05-17T19:21:47.562451	551	6.07000000e+02
1.26944699e+01	2022-05-17T19:21:47.578114	552	6.09000000e+02
1.27156717e+01	2022-05-17T19:21:47.593734	553	6.02000000e+02
1.27272987e+01	2022-05-17T19:21:47.609489	554	6.07000000e+02
1.27355776e+01	2022-05-17T19:21:47.609489	555	6.07000000e+02
1.27537499e+01	2022-05-17T19:21:47.640589	556	6.01000000e+02
1.27838541e+01	2022-05-17T19:21:47.662724	557	6.56000000e+02
1.27921998e+01	2022-05-17T19:21:47.678958	558	6.04000000e+02
1.28009537e+01	2022-05-17T19:21:47.678958	559	6.09000000e+02
1.28238880e+01	2022-05-17T19:21:47.709616	560	6.59000000e+02
1.28527042e+01	2022-05-17T19:21:47.740883	561	6.03000000e+02
1.28626583e+01	2022-05-17T19:21:47.740883	562	6.04000000e+02
1.28747997e+01	2022-05-17T19:21:47.763015	563	6.57000000e+02
1.28825811e+01	2022-05-17T19:21:47.763015	564	6.58000000e+02
1.29060831e+01	2022-05-17T19:21:47.794297	565	6.53000000e+02
1.29092905e+01	2022-05-17T19:21:47.794297	566	6.03000000e+02
1.29301378e+01	2022-05-17T19:21:47.809922	567	6.02000000e+02
1.29394833e+01	2022-05-17T19:21:47.825541	568	6.05000000e+02
1.29483503e+01	2022-05-17T19:21:47.825541	569	6.04000000e+02
1.29566399e+01	2022-05-17T19:21:47.841688	570	6.10000000e+02
1.29646758e+01	2022-05-17T19:21:47.841688	571	6.60000000e+02
1.29858873e+01	2022-05-17T19:21:47.863321	572	6.01000000e+02
1.29929075e+01	2022-05-17T19:21:47.878977	573	6.17000000e+02
1.30149038e+01	2022-05-17T19:21:47.894606	574	6.03000000e+02
1.30262342e+01	2022-05-17T19:21:47.910571	575	6.03000000e+02
1.30347194e+01	2022-05-17T19:21:47.910571	576	6.31000000e+02
1.30557493e+01	2022-05-17T19:21:47.941456	577	6.24000000e+02
1.30840028e+01	2022-05-17T19:21:47.963633	578	6.10000000e+02
1.30876301e+01	2022-05-17T19:21:47.963633	579	6.10000000e+02
1.30964386e+01	2022-05-17T19:21:47.979766	580	6.13000000e+02
1.31243428e+01	2022-05-17T19:21:48.010525	581	6.03000000e+02
1.31532684e+01	2022-05-17T19:21:48.026161	582	6.56000000e+02
1.31566477e+01	2022-05-17T19:21:48.041769	583	6.09000000e+02
1.31669194e+01	2022-05-17T19:21:48.041769	584	6.07000000e+02
1.31771992e+01	2022-05-17T19:21:48.063859	585	6.26000000e+02
1.31858668e+01	2022-05-17T19:21:48.063859	586	6.03000000e+02
1.32085148e+01	2022-05-17T19:21:48.095144	587	6.18000000e+02
1.32313625e+01	2022-05-17T19:21:48.110763	588	6.04000000e+02
1.32465241e+01	2022-05-17T19:21:48.126372	589	6.55000000e+02
1.32559488e+01	2022-05-17T19:21:48.142490	590	6.04000000e+02
1.32677725e+01	2022-05-17T19:21:48.142490	591	6.03000000e+02
1.32877960e+01	2022-05-17T19:21:48.164070	592	6.56000000e+02
1.33130163e+01	2022-05-17T19:21:48.195315	593	6.03000000e+02
1.33208557e+01	2022-05-17T19:21:48.195315	594	6.19000000e+02
1.33296711e+01	2022-05-17T19:21:48.210937	595	6.14000000e+02
1.33572262e+01	2022-05-17T19:21:48.242205	596	6.56000000e+02
1.33802864e+01	2022-05-17T19:21:48.264387	597	6.02000000e+02
1.33906669e+01	2022-05-17T19:21:48.264387	598	6.03000000e+02
1.33987181e+01	2022-05-17T19:21:48.280424	599	6.60000000e+02
1.34074167e+01	2022-05-17T19:21:48.295633	600	6.11000000e+02
1.34465253e+01	2022-05-17T19:21:48.327458	601	6.14000000e+02
1.34537747e+01	2022-05-17T19:21:48.327458	602	6.15000000e+02
1.34600861e+01	2022-05-17T19:21:48.343039	603	6.07000000e+02
1.34684676e+01	2022-05-17T19:21:48.343039	604	6.05000000e+02
1.34770085e+01	2022-05-17T19:21:48.364668	605	6.11000000e+02
1.34891345e+01	2022-05-17T19:21:48.364668	606	6.04000000e+02
1.35108031e+01	2022-05-17T19:21:48.395940	607	6.22000000e+02
1.35334822e+01	2022-05-17T19:21:48.411573	608	6.02000000e+02
1.35416210e+01	2022-05-17T19:21:48.427194	609	6.04000000e+02
1.35505384e+01	2022-05-17T19:21:48.427194	610	6.04000000e+02
1.35588585e+01	2022-05-17T19:21:48.443314	611	6.16000000e+02
1.35709936e+01	2022-05-17T19:21:48.458436	612	6.03000000e+02
1.35926729e+01	2022-05-17T19:21:48.465528	613	6.04000000e+02
1.36015936e+01	2022-05-17T19:21:48.481212	614	6.05000000e+02
1.36237172e+01	2022-05-17T19:21:48.497421	615	6.02000000e+02
1.36320791e+01	2022-05-17T19:21:48.513451	616	6.14000000e+02
1.36560938e+01	2022-05-17T19:21:48.544313	617	6.04000000e+02
1.36584080e+01	2022-05-17T19:21:48.544313	618	6.02000000e+02
1.36885328e+01	2022-05-17T19:21:48.565490	619	6.02000000e+02
1.36938961e+01	2022-05-17T19:21:48.581115	620	6.05000000e+02
1.37021641e+01	2022-05-17T19:21:48.581115	621	6.57000000e+02
1.37279585e+01	2022-05-17T19:21:48.612383	622	6.02000000e+02
1.37507266e+01	2022-05-17T19:21:48.628020	623	6.01000000e+02
1.37590393e+01	2022-05-17T19:21:48.643638	624	6.09000000e+02
1.37676240e+01	2022-05-17T19:21:48.643638	625	6.03000000e+02
1.37803409e+01	2022-05-17T19:21:48.666264	626	6.03000000e+02
1.37883510e+01	2022-05-17T19:21:48.666264	627	6.08000000e+02
1.38124253e+01	2022-05-17T19:21:48.697536	628	6.10000000e+02
1.38414612e+01	2022-05-17T19:21:48.728789	629	6.56000000e+02
1.38445945e+01	2022-05-17T19:21:48.728789	630	6.03000000e+02
1.38541577e+01	2022-05-17T19:21:48.728789	631	6.03000000e+02
1.38654452e+01	2022-05-17T19:21:48.744413	632	6.08000000e+02
1.38883303e+01	2022-05-17T19:21:48.766158	633	6.43000000e+02
1.39124395e+01	2022-05-17T19:21:48.797441	634	6.04000000e+02
1.39232118e+01	2022-05-17T19:21:48.797441	635	6.03000000e+02
1.39312757e+01	2022-05-17T19:21:48.813025	636	6.03000000e+02
1.39397000e+01	2022-05-17T19:21:48.813025	637	6.05000000e+02
1.39599168e+01	2022-05-17T19:21:48.844293	638	6.02000000e+02
1.39885112e+01	2022-05-17T19:21:48.866473	639	6.02000000e+02
1.39928847e+01	2022-05-17T19:21:48.866473	640	6.56000000e+02
1.40010969e+01	2022-05-17T19:21:48.882493	641	6.03000000e+02
1.40094766e+01	2022-05-17T19:21:48.897719	642	6.45000000e+02
1.40280121e+01	2022-05-17T19:21:48.913370	643	6.02000000e+02
1.40507373e+01	2022-05-17T19:21:48.928999	644	6.02000000e+02
1.40589585e+01	2022-05-17T19:21:48.944626	645	6.04000000e+02
1.40710091e+01	2022-05-17T19:21:48.944626	646	6.60000000e+02
1.40827814e+01	2022-05-17T19:21:48.966888	647	6.03000000e+02
1.40913797e+01	2022-05-17T19:21:48.966888	648	6.10000000e+02
1.41127498e+01	2022-05-17T19:21:48.998196	649	6.02000000e+02
1.41426400e+01	2022-05-17T19:21:49.029418	650	6.60000000e+02
1.41461643e+01	2022-05-17T19:21:49.029418	651	6.06000000e+02
1.41561975e+01	2022-05-17T19:21:49.029418	652	6.03000000e+02
1.41670378e+01	2022-05-17T19:21:49.045441	653	6.05000000e+02
1.41848119e+01	2022-05-17T19:21:49.067162	654	6.20000000e+02
1.41974720e+01	2022-05-17T19:21:49.082817	655	6.03000000e+02
1.42212218e+01	2022-05-17T19:21:49.098447	656	6.03000000e+02
1.42263542e+01	2022-05-17T19:21:49.114072	657	6.14000000e+02
1.42345623e+01	2022-05-17T19:21:49.114072	658	6.03000000e+02
1.42570808e+01	2022-05-17T19:21:49.145297	659	6.02000000e+02
1.42827499e+01	2022-05-17T19:21:49.167476	660	6.03000000e+02
1.42847800e+01	2022-05-17T19:21:49.167476	661	6.12000000e+02
1.43000438e+01	2022-05-17T19:21:49.183101	662	6.06000000e+02
1.43084292e+01	2022-05-17T19:21:49.183101	663	6.08000000e+02
1.43203919e+01	2022-05-17T19:21:49.199185	664	6.05000000e+02
1.43375059e+01	2022-05-17T19:21:49.214922	665	6.03000000e+02
1.43455146e+01	2022-05-17T19:21:49.229990	666	6.10000000e+02
1.43752466e+01	2022-05-17T19:21:49.261245	667	6.08000000e+02
1.43812775e+01	2022-05-17T19:21:49.268051	668	6.62000000e+02
1.43903636e+01	2022-05-17T19:21:49.268051	669	6.02000000e+02
1.44024651e+01	2022-05-17T19:21:49.283689	670	6.04000000e+02
1.44108074e+01	2022-05-17T19:21:49.283689	671	6.09000000e+02
1.44286313e+01	2022-05-17T19:21:49.315049	672	6.02000000e+02
1.44582121e+01	2022-05-17T19:21:49.346295	673	6.57000000e+02
1.44636781e+01	2022-05-17T19:21:49.346295	674	6.05000000e+02
1.44722641e+01	2022-05-17T19:21:49.346295	675	6.03000000e+02
1.44841684e+01	2022-05-17T19:21:49.368641	676	6.06000000e+02
1.44927721e+01	2022-05-17T19:21:49.368641	677	6.10000000e+02
1.45148387e+01	2022-05-17T19:21:49.399916	678	6.15000000e+02
1.45394404e+01	2022-05-17T19:21:49.415550	679	6.60000000e+02
1.45498167e+01	2022-05-17T19:21:49.431176	680	6.03000000e+02
1.45582747e+01	2022-05-17T19:21:49.431176	681	6.06000000e+02
1.45704290e+01	2022-05-17T19:21:49.446837	682	6.07000000e+02
1.45918400e+01	2022-05-17T19:21:49.468951	683	6.07000000e+02
1.46224326e+01	2022-05-17T19:21:49.500841	684	6.02000000e+02
1.46276496e+01	2022-05-17T19:21:49.500841	685	6.03000000e+02
1.46359984e+01	2022-05-17T19:21:49.516480	686	6.21000000e+02
1.46616470e+01	2022-05-17T19:21:49.547733	687	6.02000000e+02
1.46863609e+01	2022-05-17T19:21:49.568916	688	6.61000000e+02
1.46974087e+01	2022-05-17T19:21:49.584569	689	6.59000000e+02
1.47056117e+01	2022-05-17T19:21:49.584569	690	6.03000000e+02
1.47292053e+01	2022-05-17T19:21:49.615809	691	6.05000000e+02
1.47542019e+01	2022-05-17T19:21:49.631437	692	6.05000000e+02
1.47620474e+01	2022-05-17T19:21:49.647071	693	6.02000000e+02
1.47704760e+01	2022-05-17T19:21:49.647071	694	6.45000000e+02
1.47788627e+01	2022-05-17T19:21:49.663198	695	6.03000000e+02
1.47875763e+01	2022-05-17T19:21:49.669690	696	6.07000000e+02
1.48077995e+01	2022-05-17T19:21:49.685630	697	6.47000000e+02
1.48174197e+01	2022-05-17T19:21:49.700962	698	6.05000000e+02
1.48292788e+01	2022-05-17T19:21:49.716601	699	6.08000000e+02
1.48517958e+01	2022-05-17T19:21:49.732223	700	6.10000000e+02
1.48612869e+01	2022-05-17T19:21:49.748240	701	6.04000000e+02
1.48695262e+01	2022-05-17T19:21:49.748240	702	6.07000000e+02
1.48894261e+01	2022-05-17T19:21:49.769996	703	6.03000000e+02
1.48950191e+01	2022-05-17T19:21:49.769996	704	6.58000000e+02
1.49197507e+01	2022-05-17T19:21:49.801278	705	6.16000000e+02
1.49307967e+01	2022-05-17T19:21:49.816863	706	6.15000000e+02
1.49391717e+01	2022-05-17T19:21:49.816863	707	6.04000000e+02
1.49633764e+01	2022-05-17T19:21:49.848135	708	6.26000000e+02
1.49882269e+01	2022-05-17T19:21:49.870305	709	6.59000000e+02
1.49969201e+01	2022-05-17T19:21:49.870305	710	6.55000000e+02
1.50085847e+01	2022-05-17T19:21:49.886302	711	6.50000000e+02
1.50332212e+01	2022-05-17T19:21:49.917210	712	6.06000000e+02
1.50621818e+01	2022-05-17T19:21:49.948415	713	6.09000000e+02
1.50741489e+01	2022-05-17T19:21:49.948415	714	6.17000000e+02
1.50939928e+01	2022-05-17T19:21:49.970526	715	6.02000000e+02
1.51265732e+01	2022-05-17T19:21:50.001809	716	6.04000000e+02
1.51311697e+01	2022-05-17T19:21:50.017394	717	6.03000000e+02
1.51395674e+01	2022-05-17T19:21:50.017394	718	6.16000000e+02
1.51641543e+01	2022-05-17T19:21:50.048637	719	6.12000000e+02
1.51723889e+01	2022-05-17T19:21:50.048637	720	6.03000000e+02
1.51975420e+01	2022-05-17T19:21:50.070855	721	6.02000000e+02
1.52086792e+01	2022-05-17T19:21:50.086839	722	6.03000000e+02
1.52312170e+01	2022-05-17T19:21:50.117761	723	6.24000000e+02
1.52616876e+01	2022-05-17T19:21:50.148971	724	6.03000000e+02
1.52664315e+01	2022-05-17T19:21:50.148971	725	6.11000000e+02
1.52752134e+01	2022-05-17T19:21:50.148971	726	6.12000000e+02
1.52870870e+01	2022-05-17T19:21:50.171578	727	6.03000000e+02
1.52961199e+01	2022-05-17T19:21:50.171578	728	6.07000000e+02
1.53216933e+01	2022-05-17T19:21:50.202824	729	6.55000000e+02
1.53541101e+01	2022-05-17T19:21:50.234112	730	6.07000000e+02
1.53561450e+01	2022-05-17T19:21:50.234112	731	6.17000000e+02
1.53644563e+01	2022-05-17T19:21:50.249852	732	6.03000000e+02
1.53733470e+01	2022-05-17T19:21:50.249852	733	6.03000000e+02
1.53966261e+01	2022-05-17T19:21:50.271840	734	6.20000000e+02
1.54280074e+01	2022-05-17T19:21:50.303793	735	6.07000000e+02
1.54297995e+01	2022-05-17T19:21:50.303793	736	6.04000000e+02
1.54386809e+01	2022-05-17T19:21:50.319859	737	6.03000000e+02
1.54470846e+01	2022-05-17T19:21:50.335043	738	6.03000000e+02
1.54664516e+01	2022-05-17T19:21:50.350685	739	6.18000000e+02
1.54986956e+01	2022-05-17T19:21:50.371875	740	6.10000000e+02
1.55082274e+01	2022-05-17T19:21:50.387791	741	6.60000000e+02
1.55305674e+01	2022-05-17T19:21:50.418768	742	6.02000000e+02
1.55410919e+01	2022-05-17T19:21:50.418768	743	6.10000000e+02
1.55666725e+01	2022-05-17T19:21:50.450036	744	6.01000000e+02
1.55738989e+01	2022-05-17T19:21:50.450036	745	6.08000000e+02
1.55816241e+01	2022-05-17T19:21:50.466140	746	6.11000000e+02
1.55899118e+01	2022-05-17T19:21:50.472640	747	6.03000000e+02
1.55981123e+01	2022-05-17T19:21:50.472640	748	6.03000000e+02
1.56176381e+01	2022-05-17T19:21:50.505000	749	6.01000000e+02
1.56483987e+01	2022-05-17T19:21:50.536286	750	6.02000000e+02
1.56515853e+01	2022-05-17T19:21:50.536286	751	6.03000000e+02
1.56600553e+01	2022-05-17T19:21:50.536286	752	6.03000000e+02
1.56720786e+01	2022-05-17T19:21:50.552123	753	6.30000000e+02
1.56956584e+01	2022-05-17T19:21:50.572572	754	6.03000000e+02
1.56977551e+01	2022-05-17T19:21:50.572572	755	6.01000000e+02
1.57235188e+01	2022-05-17T19:21:50.603857	756	6.03000000e+02
1.57332373e+01	2022-05-17T19:21:50.619910	757	6.03000000e+02
1.57419675e+01	2022-05-17T19:21:50.619910	758	6.04000000e+02
1.57651384e+01	2022-05-17T19:21:50.650728	759	6.07000000e+02
1.57963851e+01	2022-05-17T19:21:50.672957	760	6.07000000e+02
1.57984820e+01	2022-05-17T19:21:50.672957	761	6.03000000e+02
1.58071704e+01	2022-05-17T19:21:50.688944	762	6.07000000e+02
1.58150534e+01	2022-05-17T19:21:50.688944	763	6.05000000e+02
1.58316973e+01	2022-05-17T19:21:50.719863	764	6.03000000e+02
1.58382738e+01	2022-05-17T19:21:50.719863	765	6.01000000e+02
1.58649229e+01	2022-05-17T19:21:50.751125	766	6.03000000e+02
1.58769128e+01	2022-05-17T19:21:50.751125	767	6.03000000e+02
1.58852670e+01	2022-05-17T19:21:50.773002	768	6.06000000e+02
1.58975643e+01	2022-05-17T19:21:50.773002	769	6.21000000e+02
1.59111562e+01	2022-05-17T19:21:50.789111	770	6.03000000e+02
1.59213318e+01	2022-05-17T19:21:50.804288	771	6.09000000e+02
1.59481177e+01	2022-05-17T19:21:50.835564	772	6.60000000e+02
1.59539636e+01	2022-05-17T19:21:50.835564	773	6.03000000e+02
1.59628929e+01	2022-05-17T19:21:50.851113	774	6.07000000e+02
1.59713409e+01	2022-05-17T19:21:50.851113	775	6.03000000e+02
1.59895821e+01	2022-05-17T19:21:50.873315	776	6.02000000e+02
1.59996921e+01	2022-05-17T19:21:50.873315	777	6.09000000e+02
1.60311168e+01	2022-05-17T19:21:50.904636	778	6.02000000e+02
1.60408391e+01	2022-05-17T19:21:50.920576	779	6.10000000e+02
1.60599730e+01	2022-05-17T19:21:50.935806	780	6.56000000e+02
1.60743679e+01	2022-05-17T19:21:50.951451	781	6.03000000e+02
1.61006284e+01	2022-05-17T19:21:50.973630	782	6.10000000e+02
1.61106338e+01	2022-05-17T19:21:50.989279	783	6.03000000e+02
1.61338285e+01	2022-05-17T19:21:51.020525	784	6.03000000e+02
1.61430501e+01	2022-05-17T19:21:51.020525	785	6.21000000e+02
1.61692894e+01	2022-05-17T19:21:51.051760	786	6.03000000e+02
1.61803490e+01	2022-05-17T19:21:51.067401	787	6.51000000e+02
1.61916293e+01	2022-05-17T19:21:51.074506	788	6.06000000e+02
1.62000042e+01	2022-05-17T19:21:51.074506	789	6.30000000e+02
1.62220315e+01	2022-05-17T19:21:51.105778	790	6.02000000e+02
1.62530237e+01	2022-05-17T19:21:51.137033	791	6.06000000e+02
1.62621919e+01	2022-05-17T19:21:51.137033	792	6.03000000e+02
1.62746217e+01	2022-05-17T19:21:51.153094	793	6.06000000e+02
1.63000052e+01	2022-05-17T19:21:51.174561	794	6.04000000e+02
1.63255777e+01	2022-05-17T19:21:51.205848	795	6.07000000e+02
1.63408075e+01	2022-05-17T19:21:51.221429	796	6.05000000e+02
1.63430397e+01	2022-05-17T19:21:51.221429	797	6.04000000e+02
1.63518733e+01	2022-05-17T19:21:51.237546	798	6.03000000e+02
1.63602765e+01	2022-05-17T19:21:51.237546	799	6.09000000e+02
1.63844761e+01	2022-05-17T19:21:51.268319	800	6.01000000e+02
1.64160205e+01	2022-05-17T19:21:51.290531	801	6.03000000e+02
1.64258374e+01	2022-05-17T19:21:51.307157	802	6.06000000e+02
1.64340186e+01	2022-05-17T19:21:51.307157	803	6.03000000e+02
1.64502190e+01	2022-05-17T19:21:51.338429	804	6.56000000e+02
1.64558667e+01	2022-05-17T19:21:51.338429	805	6.03000000e+02
1.64815244e+01	2022-05-17T19:21:51.369678	806	6.04000000e+02
1.64832751e+01	2022-05-17T19:21:51.369678	807	6.06000000e+02
1.64953882e+01	2022-05-17T19:21:51.375228	808	6.03000000e+02
1.65038572e+01	2022-05-17T19:21:51.390854	809	6.07000000e+02
1.65157816e+01	2022-05-17T19:21:51.390854	810	6.06000000e+02
1.65303315e+01	2022-05-17T19:21:51.406980	811	6.04000000e+02
1.65398674e+01	2022-05-17T19:21:51.422134	812	6.04000000e+02
1.65724020e+01	2022-05-17T19:21:51.453384	813	6.03000000e+02
1.65814372e+01	2022-05-17T19:21:51.469000	814	6.11000000e+02
1.65891332e+01	2022-05-17T19:21:51.476123	815	6.04000000e+02
1.65978219e+01	2022-05-17T19:21:51.476123	816	6.04000000e+02
1.66215655e+01	2022-05-17T19:21:51.508564	817	6.02000000e+02
1.66305809e+01	2022-05-17T19:21:51.508564	818	6.04000000e+02
1.66564933e+01	2022-05-17T19:21:51.539818	819	6.01000000e+02
1.66675046e+01	2022-05-17T19:21:51.555473	820	6.13000000e+02
1.66794751e+01	2022-05-17T19:21:51.555473	821	6.10000000e+02
1.67016238e+01	2022-05-17T19:21:51.576161	822	6.60000000e+02
1.67321496e+01	2022-05-17T19:21:51.607480	823	6.16000000e+02
1.67366664e+01	2022-05-17T19:21:51.623073	824	6.03000000e+02
1.67456965e+01	2022-05-17T19:21:51.623073	825	6.20000000e+02
1.67660503e+01	2022-05-17T19:21:51.654271	826	6.18000000e+02
1.67935380e+01	2022-05-17T19:21:51.676479	827	6.04000000e+02
1.68021649e+01	2022-05-17T19:21:51.676479	828	6.11000000e+02
1.68106127e+01	2022-05-17T19:21:51.692462	829	6.03000000e+02
1.68185856e+01	2022-05-17T19:21:51.692462	830	6.56000000e+02
1.68374106e+01	2022-05-17T19:21:51.723372	831	6.56000000e+02
1.68678686e+01	2022-05-17T19:21:51.754587	832	6.06000000e+02
1.68714225e+01	2022-05-17T19:21:51.754587	833	6.12000000e+02
1.68802552e+01	2022-05-17T19:21:51.754587	834	6.15000000e+02
1.68887196e+01	2022-05-17T19:21:51.776725	835	6.03000000e+02
1.69008198e+01	2022-05-17T19:21:51.776725	836	6.11000000e+02
1.69198623e+01	2022-05-17T19:21:51.807971	837	6.03000000e+02
1.69287760e+01	2022-05-17T19:21:51.807971	838	6.03000000e+02
1.69545603e+01	2022-05-17T19:21:51.839254	839	6.06000000e+02
1.69664976e+01	2022-05-17T19:21:51.854835	840	6.03000000e+02
1.69746654e+01	2022-05-17T19:21:51.854835	841	6.58000000e+02
1.69975029e+01	2022-05-17T19:21:51.876858	842	6.03000000e+02
1.70303844e+01	2022-05-17T19:21:51.908144	843	6.02000000e+02
1.70359610e+01	2022-05-17T19:21:51.923761	844	6.10000000e+02
1.70445342e+01	2022-05-17T19:21:51.923761	845	6.02000000e+02
1.70668108e+01	2022-05-17T19:21:51.954993	846	6.02000000e+02
1.70764315e+01	2022-05-17T19:21:51.954993	847	6.08000000e+02
1.71023966e+01	2022-05-17T19:21:51.977174	848	6.07000000e+02
1.71135000e+01	2022-05-17T19:21:51.993290	849	6.09000000e+02
1.71396495e+01	2022-05-17T19:21:52.024066	850	6.05000000e+02
1.71634702e+01	2022-05-17T19:21:52.039701	851	6.09000000e+02
1.71722669e+01	2022-05-17T19:21:52.055321	852	6.03000000e+02
1.71840794e+01	2022-05-17T19:21:52.070945	853	6.03000000e+02
1.71961785e+01	2022-05-17T19:21:52.077980	854	6.03000000e+02
1.72201088e+01	2022-05-17T19:21:52.094112	855	6.24000000e+02
1.72240766e+01	2022-05-17T19:21:52.109261	856	6.02000000e+02
1.72497169e+01	2022-05-17T19:21:52.124888	857	6.10000000e+02
1.72614246e+01	2022-05-17T19:21:52.140506	858	6.47000000e+02
1.72735745e+01	2022-05-17T19:21:52.156604	859	6.08000000e+02
1.72812480e+01	2022-05-17T19:21:52.156604	860	6.03000000e+02
1.73001568e+01	2022-05-17T19:21:52.178243	861	6.02000000e+02
1.73327353e+01	2022-05-17T19:21:52.209528	862	6.02000000e+02
1.73343767e+01	2022-05-17T19:21:52.209528	863	6.03000000e+02
1.73432656e+01	2022-05-17T19:21:52.225593	864	6.04000000e+02
1.73514198e+01	2022-05-17T19:21:52.225593	865	6.22000000e+02
1.73947371e+01	2022-05-17T19:21:52.278556	866	6.04000000e+02
1.74046891e+01	2022-05-17T19:21:52.278556	867	6.09000000e+02
1.74130191e+01	2022-05-17T19:21:52.294218	868	6.07000000e+02
1.74211232e+01	2022-05-17T19:21:52.294218	869	6.04000000e+02
1.74443335e+01	2022-05-17T19:21:52.326010	870	6.01000000e+02
1.74694506e+01	2022-05-17T19:21:52.357266	871	6.05000000e+02
1.74734829e+01	2022-05-17T19:21:52.357266	872	6.04000000e+02
1.74825137e+01	2022-05-17T19:21:52.357266	873	6.06000000e+02
1.74910867e+01	2022-05-17T19:21:52.378910	874	6.12000000e+02
1.75029828e+01	2022-05-17T19:21:52.378910	875	6.06000000e+02
1.75221881e+01	2022-05-17T19:21:52.410156	876	6.01000000e+02
1.75555365e+01	2022-05-17T19:21:52.441445	877	6.02000000e+02
1.75640059e+01	2022-05-17T19:21:52.441445	878	6.56000000e+02
1.75726095e+01	2022-05-17T19:21:52.457639	879	6.03000000e+02
1.75807262e+01	2022-05-17T19:21:52.457639	880	6.18000000e+02
1.76270871e+01	2022-05-17T19:21:52.511165	881	6.02000000e+02
1.76376023e+01	2022-05-17T19:21:52.511165	882	6.05000000e+02
1.76459915e+01	2022-05-17T19:21:52.527121	883	6.53000000e+02
1.76694176e+01	2022-05-17T19:21:52.542411	884	6.23000000e+02
1.76710719e+01	2022-05-17T19:21:52.558018	885	6.03000000e+02
1.76982706e+01	2022-05-17T19:21:52.579199	886	6.02000000e+02
1.77073819e+01	2022-05-17T19:21:52.594879	887	6.04000000e+02
1.77157883e+01	2022-05-17T19:21:52.594879	888	6.05000000e+02
1.77320851e+01	2022-05-17T19:21:52.610769	889	6.03000000e+02
1.77405822e+01	2022-05-17T19:21:52.626096	890	6.56000000e+02
1.77705554e+01	2022-05-17T19:21:52.657356	891	6.03000000e+02
1.77767687e+01	2022-05-17T19:21:52.657356	892	6.47000000e+02
1.77859688e+01	2022-05-17T19:21:52.672934	893	6.03000000e+02
1.77972911e+01	2022-05-17T19:21:52.680022	894	6.60000000e+02
1.78062179e+01	2022-05-17T19:21:52.680022	895	6.14000000e+02
1.78235842e+01	2022-05-17T19:21:52.711268	896	6.02000000e+02
1.78514560e+01	2022-05-17T19:21:52.726915	897	6.02000000e+02
1.78593495e+01	2022-05-17T19:21:52.742547	898	6.04000000e+02
1.78675425e+01	2022-05-17T19:21:52.742547	899	6.03000000e+02
1.78801013e+01	2022-05-17T19:21:52.758626	900	6.55000000e+02
1.79012754e+01	2022-05-17T19:21:52.779948	901	6.01000000e+02
1.79348766e+01	2022-05-17T19:21:52.811269	902	6.18000000e+02
1.79452152e+01	2022-05-17T19:21:52.827377	903	6.03000000e+02
1.79536065e+01	2022-05-17T19:21:52.827377	904	6.12000000e+02
1.79796137e+01	2022-05-17T19:21:52.858097	905	6.02000000e+02
1.80073234e+01	2022-05-17T19:21:52.880337	906	6.09000000e+02
1.80107431e+01	2022-05-17T19:21:52.895998	907	6.03000000e+02
1.80191996e+01	2022-05-17T19:21:52.895998	908	6.03000000e+02
1.80311495e+01	2022-05-17T19:21:52.912173	909	6.03000000e+02
1.80397369e+01	2022-05-17T19:21:52.927243	910	6.04000000e+02
1.80518240e+01	2022-05-17T19:21:52.927243	911	6.07000000e+02
1.80719517e+01	2022-05-17T19:21:52.958497	912	6.10000000e+02
1.81037651e+01	2022-05-17T19:21:52.980722	913	6.13000000e+02
1.81129680e+01	2022-05-17T19:21:52.996346	914	6.04000000e+02
1.81216200e+01	2022-05-17T19:21:52.996346	915	6.06000000e+02
1.81406541e+01	2022-05-17T19:21:53.027626	916	6.02000000e+02
1.81760632e+01	2022-05-17T19:21:53.058871	917	6.07000000e+02
1.81828907e+01	2022-05-17T19:21:53.058871	918	6.13000000e+02
1.81910522e+01	2022-05-17T19:21:53.074981	919	6.04000000e+02
1.81992759e+01	2022-05-17T19:21:53.081444	920	6.60000000e+02
1.82076140e+01	2022-05-17T19:21:53.081444	921	6.04000000e+02
1.82266521e+01	2022-05-17T19:21:53.112733	922	6.20000000e+02
1.82562731e+01	2022-05-17T19:21:53.143970	923	6.03000000e+02
1.82647434e+01	2022-05-17T19:21:53.143970	924	6.20000000e+02
1.82732646e+01	2022-05-17T19:21:53.160110	925	6.51000000e+02
1.82851952e+01	2022-05-17T19:21:53.160110	926	6.22000000e+02
1.83044666e+01	2022-05-17T19:21:53.181647	927	6.05000000e+02
1.83387540e+01	2022-05-17T19:21:53.212932	928	6.36000000e+02
1.83508137e+01	2022-05-17T19:21:53.228977	929	6.09000000e+02
1.83587778e+01	2022-05-17T19:21:53.244636	930	6.03000000e+02
1.83775670e+01	2022-05-17T19:21:53.259784	931	6.57000000e+02
1.84095598e+01	2022-05-17T19:21:53.297634	932	6.10000000e+02
1.84162497e+01	2022-05-17T19:21:53.297634	933	6.06000000e+02
1.84246850e+01	2022-05-17T19:21:53.297634	934	6.62000000e+02
1.84367867e+01	2022-05-17T19:21:53.313346	935	6.06000000e+02
1.84572952e+01	2022-05-17T19:21:53.344668	936	6.05000000e+02
1.84858114e+01	2022-05-17T19:21:53.360254	937	6.07000000e+02
1.84938893e+01	2022-05-17T19:21:53.381920	938	6.55000000e+02
1.85024703e+01	2022-05-17T19:21:53.381920	939	6.03000000e+02
1.85144626e+01	2022-05-17T19:21:53.397655	940	6.23000000e+02
1.85229616e+01	2022-05-17T19:21:53.397655	941	6.03000000e+02
1.85435105e+01	2022-05-17T19:21:53.428824	942	6.07000000e+02
1.85775010e+01	2022-05-17T19:21:53.460066	943	6.03000000e+02
1.85890398e+01	2022-05-17T19:21:53.475690	944	6.05000000e+02
1.86005757e+01	2022-05-17T19:21:53.482195	945	6.08000000e+02
1.86089705e+01	2022-05-17T19:21:53.482195	946	6.04000000e+02
1.86253312e+01	2022-05-17T19:21:53.498887	947	6.03000000e+02
1.86585407e+01	2022-05-17T19:21:53.545804	948	6.16000000e+02
1.86661152e+01	2022-05-17T19:21:53.545804	949	6.06000000e+02
1.86747524e+01	2022-05-17T19:21:53.561489	950	6.07000000e+02
1.86865855e+01	2022-05-17T19:21:53.561489	951	6.03000000e+02
1.87055861e+01	2022-05-17T19:21:53.582539	952	6.32000000e+02
1.87395959e+01	2022-05-17T19:21:53.613828	953	6.02000000e+02
1.87479913e+01	2022-05-17T19:21:53.629870	954	6.06000000e+02
1.87563947e+01	2022-05-17T19:21:53.629870	955	6.60000000e+02
1.87734047e+01	2022-05-17T19:21:53.660692	956	6.25000000e+02
1.88082373e+01	2022-05-17T19:21:53.682854	957	6.12000000e+02
1.88177454e+01	2022-05-17T19:21:53.698478	958	6.11000000e+02
1.88495270e+01	2022-05-17T19:21:53.729757	959	6.02000000e+02
1.88709258e+01	2022-05-17T19:21:53.745380	960	6.03000000e+02
1.88794739e+01	2022-05-17T19:21:53.761011	961	6.02000000e+02
1.88913784e+01	2022-05-17T19:21:53.777072	962	6.08000000e+02
1.88997562e+01	2022-05-17T19:21:53.783391	963	6.58000000e+02
1.89211570e+01	2022-05-17T19:21:53.799019	964	6.07000000e+02
1.89275181e+01	2022-05-17T19:21:53.814642	965	6.08000000e+02
1.89629727e+01	2022-05-17T19:21:53.845929	966	6.02000000e+02
1.89689201e+01	2022-05-17T19:21:53.845929	967	6.03000000e+02
1.89769638e+01	2022-05-17T19:21:53.862069	968	6.60000000e+02
1.89857526e+01	2022-05-17T19:21:53.862069	969	6.23000000e+02
1.90081822e+01	2022-05-17T19:21:53.883718	970	6.02000000e+02
1.90425894e+01	2022-05-17T19:21:53.930596	971	6.05000000e+02
1.90512293e+01	2022-05-17T19:21:53.930596	972	6.16000000e+02
1.90632310e+01	2022-05-17T19:21:53.946474	973	6.05000000e+02
1.90714613e+01	2022-05-17T19:21:53.946474	974	6.03000000e+02
1.90972607e+01	2022-05-17T19:21:53.984057	975	6.02000000e+02
1.91257002e+01	2022-05-17T19:21:53.999720	976	6.04000000e+02
1.91371400e+01	2022-05-17T19:21:54.015628	977	6.12000000e+02
1.91603876e+01	2022-05-17T19:21:54.046560	978	6.03000000e+02
1.91901341e+01	2022-05-17T19:21:54.077832	979	6.01000000e+02
1.91978984e+01	2022-05-17T19:21:54.084381	980	6.05000000e+02
1.92071567e+01	2022-05-17T19:21:54.084381	981	6.58000000e+02
1.92190552e+01	2022-05-17T19:21:54.100007	982	6.13000000e+02
1.92282727e+01	2022-05-17T19:21:54.115630	983	6.02000000e+02
1.92519405e+01	2022-05-17T19:21:54.131249	984	6.11000000e+02
1.92751547e+01	2022-05-17T19:21:54.162671	985	6.02000000e+02
1.92841195e+01	2022-05-17T19:21:54.162671	986	6.53000000e+02
1.92921235e+01	2022-05-17T19:21:54.178114	987	6.23000000e+02
1.93010256e+01	2022-05-17T19:21:54.185091	988	6.13000000e+02
1.93095523e+01	2022-05-17T19:21:54.185091	989	6.03000000e+02
1.93287940e+01	2022-05-17T19:21:54.216378	990	6.01000000e+02
1.93631624e+01	2022-05-17T19:21:54.247622	991	6.09000000e+02
1.93706081e+01	2022-05-17T19:21:54.247622	992	6.04000000e+02
1.93827009e+01	2022-05-17T19:21:54.263652	993	6.43000000e+02
1.94064605e+01	2022-05-17T19:21:54.285404	994	6.08000000e+02
1.94082491e+01	2022-05-17T19:21:54.285404	995	6.05000000e+02
1.94436414e+01	2022-05-17T19:21:54.316818	996	6.05000000e+02
1.94527462e+01	2022-05-17T19:21:54.332442	997	6.03000000e+02
1.94837839e+01	2022-05-17T19:21:54.363757	998	6.04000000e+02
1.95119655e+01	2022-05-17T19:21:54.385478	999	6.05000000e+02
1.95222829e+01	2022-05-17T19:21:54.401429	1000	6.61000000e+02