Time elapsed	Time stamp	Loop Index	GP2Y ADC
s			Cts

5.00733220e+00	2022-05-17T19:22:12.156561	1	6.08000000e+02
5.01901470e+00	2022-05-17T19:22:12.156561	2	6.11000000e+02
5.02748930e+00	2022-05-17T19:22:12.171986	3	6.47000000e+02
5.04820240e+00	2022-05-17T19:22:12.187645	4	6.56000000e+02
5.07483240e+00	2022-05-17T19:22:12.224877	5	6.22000000e+02
5.07608740e+00	2022-05-17T19:22:12.224877	6	6.02000000e+02
5.09698660e+00	2022-05-17T19:22:12.240502	7	6.01000000e+02
5.10090930e+00	2022-05-17T19:22:12.240502	8	6.17000000e+02
5.10880030e+00	2022-05-17T19:22:12.256682	9	6.20000000e+02
5.11768640e+00	2022-05-17T19:22:12.256682	10	6.02000000e+02
5.14419630e+00	2022-05-17T19:22:12.287364	11	6.56000000e+02
5.16196850e+00	2022-05-17T19:22:12.309636	12	6.03000000e+02
5.17074660e+00	2022-05-17T19:22:12.309636	13	6.03000000e+02
5.18283920e+00	2022-05-17T19:22:12.325549	14	6.17000000e+02
5.20726000e+00	2022-05-17T19:22:12.356506	15	6.01000000e+02
5.22739180e+00	2022-05-17T19:22:12.372132	16	6.07000000e+02
5.23655030e+00	2022-05-17T19:22:12.372132	17	6.04000000e+02
5.24836290e+00	2022-05-17T19:22:12.387748	18	6.09000000e+02
5.27350530e+00	2022-05-17T19:22:12.409973	19	6.02000000e+02
5.29044770e+00	2022-05-17T19:22:12.425611	20	6.07000000e+02
5.29269450e+00	2022-05-17T19:22:12.441234	21	6.02000000e+02
5.30197840e+00	2022-05-17T19:22:12.441234	22	6.11000000e+02
5.31393970e+00	2022-05-17T19:22:12.457427	23	6.03000000e+02
5.32233570e+00	2022-05-17T19:22:12.472474	24	6.28000000e+02
5.33439040e+00	2022-05-17T19:22:12.472474	25	6.07000000e+02
5.36213870e+00	2022-05-17T19:22:12.510367	26	6.04000000e+02
5.37516970e+00	2022-05-17T19:22:12.510367	27	6.08000000e+02
5.38370640e+00	2022-05-17T19:22:12.525993	28	6.60000000e+02
5.39571640e+00	2022-05-17T19:22:12.541904	29	6.08000000e+02
5.40417740e+00	2022-05-17T19:22:12.541904	30	6.56000000e+02
5.42454700e+00	2022-05-17T19:22:12.572857	31	6.03000000e+02
5.44293740e+00	2022-05-17T19:22:12.588481	32	6.03000000e+02
5.45319300e+00	2022-05-17T19:22:12.588481	33	6.12000000e+02
5.46131470e+00	2022-05-17T19:22:12.610629	34	6.04000000e+02
5.46980550e+00	2022-05-17T19:22:12.610629	35	6.02000000e+02
5.48589950e+00	2022-05-17T19:22:12.626290	36	6.04000000e+02
5.49425890e+00	2022-05-17T19:22:12.641877	37	6.03000000e+02
5.50813430e+00	2022-05-17T19:22:12.657511	38	6.02000000e+02
5.51860930e+00	2022-05-17T19:22:12.657511	39	6.12000000e+02
5.52645280e+00	2022-05-17T19:22:12.673655	40	6.10000000e+02
5.53525250e+00	2022-05-17T19:22:12.673655	41	6.08000000e+02
5.55757760e+00	2022-05-17T19:22:12.704363	42	6.22000000e+02
5.57683250e+00	2022-05-17T19:22:12.726498	43	6.03000000e+02
5.57949570e+00	2022-05-17T19:22:12.726498	44	6.03000000e+02
5.58845990e+00	2022-05-17T19:22:12.726498	45	6.03000000e+02
5.60064410e+00	2022-05-17T19:22:12.742448	46	6.08000000e+02
5.62077230e+00	2022-05-17T19:22:12.757808	47	6.03000000e+02
5.63535950e+00	2022-05-17T19:22:12.773358	48	6.05000000e+02
5.64306370e+00	2022-05-17T19:22:12.788983	49	6.01000000e+02
5.65425170e+00	2022-05-17T19:22:12.804603	50	6.09000000e+02
5.66613400e+00	2022-05-17T19:22:12.811302	51	6.03000000e+02
5.67495790e+00	2022-05-17T19:22:12.811302	52	6.08000000e+02
5.69319330e+00	2022-05-17T19:22:12.842550	53	6.03000000e+02
5.70826580e+00	2022-05-17T19:22:12.858173	54	6.02000000e+02
5.71520640e+00	2022-05-17T19:22:12.858173	55	6.04000000e+02
5.72406570e+00	2022-05-17T19:22:12.873793	56	6.07000000e+02
5.73574440e+00	2022-05-17T19:22:12.873793	57	6.02000000e+02
5.75538940e+00	2022-05-17T19:22:12.905035	58	6.56000000e+02
5.76994490e+00	2022-05-17T19:22:12.911540	59	6.13000000e+02
5.77715960e+00	2022-05-17T19:22:12.927170	60	6.03000000e+02
5.78904450e+00	2022-05-17T19:22:12.927170	61	6.07000000e+02
5.79729230e+00	2022-05-17T19:22:12.942787	62	6.10000000e+02
5.82445570e+00	2022-05-17T19:22:12.974066	63	6.03000000e+02
5.84374990e+00	2022-05-17T19:22:12.989652	64	6.27000000e+02
5.85044580e+00	2022-05-17T19:22:12.989652	65	6.07000000e+02
5.85839870e+00	2022-05-17T19:22:13.005706	66	6.03000000e+02
5.86721240e+00	2022-05-17T19:22:13.012245	67	6.04000000e+02
5.89419050e+00	2022-05-17T19:22:13.043528	68	6.55000000e+02
5.89559510e+00	2022-05-17T19:22:13.043528	69	6.02000000e+02
5.91076490e+00	2022-05-17T19:22:13.059116	70	6.06000000e+02
5.91946470e+00	2022-05-17T19:22:13.059116	71	6.38000000e+02
5.92851390e+00	2022-05-17T19:22:13.074947	72	6.07000000e+02
5.95531180e+00	2022-05-17T19:22:13.105977	73	6.09000000e+02
5.97557090e+00	2022-05-17T19:22:13.112483	74	6.01000000e+02
5.98567990e+00	2022-05-17T19:22:13.128593	75	6.46000000e+02
5.99340800e+00	2022-05-17T19:22:13.143730	76	6.07000000e+02
6.02354530e+00	2022-05-17T19:22:13.159353	77	6.54000000e+02
6.03480180e+00	2022-05-17T19:22:13.174973	78	6.07000000e+02
6.04825190e+00	2022-05-17T19:22:13.190633	79	6.16000000e+02
6.05953100e+00	2022-05-17T19:22:13.206664	80	6.05000000e+02
6.07147520e+00	2022-05-17T19:22:13.213155	81	6.11000000e+02
6.09555670e+00	2022-05-17T19:22:13.244400	82	6.02000000e+02
6.10482600e+00	2022-05-17T19:22:13.244400	83	6.04000000e+02
6.11759610e+00	2022-05-17T19:22:13.260024	84	6.51000000e+02
6.12031580e+00	2022-05-17T19:22:13.260024	85	6.60000000e+02
6.12894900e+00	2022-05-17T19:22:13.275824	86	6.04000000e+02
6.13732850e+00	2022-05-17T19:22:13.275824	87	6.08000000e+02
6.15807860e+00	2022-05-17T19:22:13.307468	88	6.07000000e+02
6.17086150e+00	2022-05-17T19:22:13.313471	89	6.02000000e+02
6.18210350e+00	2022-05-17T19:22:13.329512	90	6.11000000e+02
6.19066940e+00	2022-05-17T19:22:13.329512	91	6.59000000e+02
6.21167690e+00	2022-05-17T19:22:13.360339	92	6.01000000e+02
6.22596410e+00	2022-05-17T19:22:13.375965	93	6.13000000e+02
6.23482970e+00	2022-05-17T19:22:13.375965	94	6.09000000e+02
6.24489720e+00	2022-05-17T19:22:13.391581	95	6.05000000e+02
6.25605520e+00	2022-05-17T19:22:13.391581	96	6.56000000e+02
6.27212100e+00	2022-05-17T19:22:13.413897	97	6.04000000e+02
6.28088520e+00	2022-05-17T19:22:13.429523	98	6.03000000e+02
6.29473430e+00	2022-05-17T19:22:13.445143	99	6.04000000e+02
6.30547470e+00	2022-05-17T19:22:13.445143	100	6.03000000e+02
6.31748340e+00	2022-05-17T19:22:13.461286	101	6.47000000e+02
6.32619240e+00	2022-05-17T19:22:13.476424	102	6.04000000e+02
6.34233040e+00	2022-05-17T19:22:13.492640	103	6.07000000e+02
6.35835880e+00	2022-05-17T19:22:13.508267	104	6.10000000e+02
6.36653250e+00	2022-05-17T19:22:13.514034	105	6.04000000e+02
6.37471760e+00	2022-05-17T19:22:13.514034	106	6.04000000e+02
6.38289470e+00	2022-05-17T19:22:13.530200	107	6.28000000e+02
6.39173650e+00	2022-05-17T19:22:13.530200	108	6.60000000e+02
6.41234550e+00	2022-05-17T19:22:13.560902	109	6.06000000e+02
6.42310690e+00	2022-05-17T19:22:13.560902	110	6.11000000e+02
6.43394900e+00	2022-05-17T19:22:13.576525	111	6.05000000e+02
6.44428400e+00	2022-05-17T19:22:13.592146	112	6.04000000e+02
6.45270890e+00	2022-05-17T19:22:13.592146	113	6.04000000e+02
6.47252650e+00	2022-05-17T19:22:13.614313	114	6.07000000e+02
6.49334040e+00	2022-05-17T19:22:13.629939	115	6.11000000e+02
6.50178930e+00	2022-05-17T19:22:13.646026	116	6.11000000e+02
6.52798670e+00	2022-05-17T19:22:13.676804	117	6.02000000e+02
6.53139940e+00	2022-05-17T19:22:13.676804	118	6.07000000e+02
6.55200860e+00	2022-05-17T19:22:13.692426	119	6.04000000e+02
6.56316620e+00	2022-05-17T19:22:13.708285	120	6.04000000e+02
6.57152750e+00	2022-05-17T19:22:13.714745	121	6.08000000e+02
6.59680780e+00	2022-05-17T19:22:13.745992	122	6.07000000e+02
6.61117500e+00	2022-05-17T19:22:13.761614	123	6.01000000e+02
6.62043840e+00	2022-05-17T19:22:13.761614	124	6.04000000e+02
6.62847970e+00	2022-05-17T19:22:13.777716	125	6.03000000e+02
6.63700100e+00	2022-05-17T19:22:13.777716	126	6.03000000e+02
6.65941450e+00	2022-05-17T19:22:13.808483	127	6.03000000e+02
6.68129220e+00	2022-05-17T19:22:13.830627	128	6.02000000e+02
6.68991130e+00	2022-05-17T19:22:13.830627	129	6.05000000e+02
6.69766030e+00	2022-05-17T19:22:13.846793	130	6.04000000e+02
6.70678410e+00	2022-05-17T19:22:13.846793	131	6.56000000e+02
6.72896690e+00	2022-05-17T19:22:13.877484	132	6.02000000e+02
6.74845660e+00	2022-05-17T19:22:13.893107	133	6.11000000e+02
6.75557560e+00	2022-05-17T19:22:13.893107	134	6.04000000e+02
6.76387560e+00	2022-05-17T19:22:13.908726	135	6.05000000e+02
6.77617650e+00	2022-05-17T19:22:13.915610	136	6.24000000e+02
6.79931720e+00	2022-05-17T19:22:13.946886	137	6.02000000e+02
6.82089660e+00	2022-05-17T19:22:13.962481	138	6.28000000e+02
6.82945070e+00	2022-05-17T19:22:13.978609	139	6.03000000e+02
6.84159210e+00	2022-05-17T19:22:13.978609	140	6.57000000e+02
6.86263190e+00	2022-05-17T19:22:14.009343	141	6.09000000e+02
6.87710990e+00	2022-05-17T19:22:14.015849	142	6.03000000e+02
6.88508480e+00	2022-05-17T19:22:14.031479	143	6.02000000e+02
6.89495910e+00	2022-05-17T19:22:14.031479	144	6.11000000e+02
6.90761890e+00	2022-05-17T19:22:14.047583	145	6.04000000e+02
6.93118610e+00	2022-05-17T19:22:14.078339	146	6.03000000e+02
6.95165620e+00	2022-05-17T19:22:14.093961	147	6.08000000e+02
6.95641190e+00	2022-05-17T19:22:14.093961	148	6.03000000e+02
6.96844280e+00	2022-05-17T19:22:14.116513	149	6.13000000e+02
6.97643630e+00	2022-05-17T19:22:14.116513	150	6.06000000e+02
7.00150490e+00	2022-05-17T19:22:14.147762	151	6.02000000e+02
7.02217690e+00	2022-05-17T19:22:14.163383	152	6.07000000e+02
7.03416140e+00	2022-05-17T19:22:14.179331	153	6.05000000e+02
7.04248390e+00	2022-05-17T19:22:14.179331	154	6.60000000e+02
7.07018780e+00	2022-05-17T19:22:14.216754	155	6.03000000e+02
7.07213720e+00	2022-05-17T19:22:14.216754	156	6.03000000e+02
7.09680900e+00	2022-05-17T19:22:14.232379	157	6.02000000e+02
7.10762130e+00	2022-05-17T19:22:14.248000	158	6.04000000e+02
7.13301560e+00	2022-05-17T19:22:14.279244	159	6.03000000e+02
7.15370180e+00	2022-05-17T19:22:14.294865	160	6.03000000e+02
7.15677340e+00	2022-05-17T19:22:14.294865	161	6.13000000e+02
7.16566050e+00	2022-05-17T19:22:14.311127	162	6.09000000e+02
7.17732320e+00	2022-05-17T19:22:14.317045	163	6.08000000e+02
7.20087180e+00	2022-05-17T19:22:14.348292	164	6.02000000e+02
7.21359400e+00	2022-05-17T19:22:14.363916	165	6.08000000e+02
7.22507580e+00	2022-05-17T19:22:14.363916	166	6.03000000e+02
7.23488710e+00	2022-05-17T19:22:14.379690	167	6.12000000e+02
7.24427860e+00	2022-05-17T19:22:14.379690	168	6.03000000e+02
7.26046410e+00	2022-05-17T19:22:14.410781	169	6.52000000e+02
7.27059550e+00	2022-05-17T19:22:14.417291	170	6.03000000e+02
7.28552720e+00	2022-05-17T19:22:14.432920	171	6.09000000e+02
7.29624550e+00	2022-05-17T19:22:14.432920	172	6.16000000e+02
7.30452430e+00	2022-05-17T19:22:14.449010	173	6.03000000e+02
7.33185370e+00	2022-05-17T19:22:14.479820	174	6.01000000e+02
7.34013800e+00	2022-05-17T19:22:14.479820	175	6.03000000e+02
7.35573200e+00	2022-05-17T19:22:14.496110	176	6.04000000e+02
7.36181350e+00	2022-05-17T19:22:14.511735	177	6.06000000e+02
7.36999010e+00	2022-05-17T19:22:14.517838	178	6.04000000e+02
7.37879270e+00	2022-05-17T19:22:14.517838	179	6.03000000e+02
7.40418020e+00	2022-05-17T19:22:14.549086	180	6.56000000e+02
7.42484530e+00	2022-05-17T19:22:14.564707	181	6.59000000e+02
7.43559860e+00	2022-05-17T19:22:14.580764	182	6.07000000e+02
7.44348290e+00	2022-05-17T19:22:14.580764	183	6.28000000e+02
7.46451790e+00	2022-05-17T19:22:14.611571	184	6.03000000e+02
7.48844680e+00	2022-05-17T19:22:14.633707	185	6.10000000e+02
7.49702190e+00	2022-05-17T19:22:14.633707	186	6.03000000e+02
7.50522700e+00	2022-05-17T19:22:14.649799	187	6.08000000e+02
7.53224150e+00	2022-05-17T19:22:14.680568	188	6.02000000e+02
7.54919640e+00	2022-05-17T19:22:14.696191	189	6.04000000e+02
7.55807200e+00	2022-05-17T19:22:14.696191	190	6.05000000e+02
7.56669810e+00	2022-05-17T19:22:14.712323	191	6.09000000e+02
7.57482160e+00	2022-05-17T19:22:14.718775	192	6.03000000e+02
7.58309110e+00	2022-05-17T19:22:14.718775	193	6.22000000e+02
7.60193480e+00	2022-05-17T19:22:14.750023	194	6.09000000e+02
7.62519960e+00	2022-05-17T19:22:14.765647	195	6.10000000e+02
7.63212060e+00	2022-05-17T19:22:14.781454	196	6.07000000e+02
7.64053620e+00	2022-05-17T19:22:14.781454	197	6.56000000e+02
7.66591950e+00	2022-05-17T19:22:14.812509	198	6.01000000e+02
7.66961710e+00	2022-05-17T19:22:14.819014	199	6.03000000e+02
7.69077900e+00	2022-05-17T19:22:14.834646	200	6.02000000e+02
7.70183160e+00	2022-05-17T19:22:14.850768	201	6.06000000e+02
7.71400560e+00	2022-05-17T19:22:14.850768	202	6.08000000e+02
7.73536520e+00	2022-05-17T19:22:14.881528	203	6.02000000e+02
7.75347260e+00	2022-05-17T19:22:14.897129	204	6.08000000e+02
7.76057160e+00	2022-05-17T19:22:14.897129	205	6.16000000e+02
7.77132040e+00	2022-05-17T19:22:14.919721	206	6.02000000e+02
7.77998930e+00	2022-05-17T19:22:14.919721	207	6.10000000e+02
7.80133570e+00	2022-05-17T19:22:14.950967	208	6.05000000e+02
7.82437380e+00	2022-05-17T19:22:14.966590	209	6.59000000e+02
7.82870800e+00	2022-05-17T19:22:14.966590	210	6.10000000e+02
7.83691970e+00	2022-05-17T19:22:14.982726	211	6.09000000e+02
7.84515140e+00	2022-05-17T19:22:14.982726	212	6.04000000e+02
7.86353700e+00	2022-05-17T19:22:15.013452	213	6.02000000e+02
7.88124060e+00	2022-05-17T19:22:15.019958	214	6.01000000e+02
7.89019090e+00	2022-05-17T19:22:15.035594	215	6.04000000e+02
7.89841880e+00	2022-05-17T19:22:15.035594	216	6.10000000e+02
7.90802130e+00	2022-05-17T19:22:15.051727	217	6.03000000e+02
7.93094850e+00	2022-05-17T19:22:15.067351	218	6.03000000e+02
7.93341820e+00	2022-05-17T19:22:15.082447	219	6.02000000e+02
7.94977650e+00	2022-05-17T19:22:15.098070	220	6.03000000e+02
7.95964450e+00	2022-05-17T19:22:15.098070	221	6.23000000e+02
7.96800760e+00	2022-05-17T19:22:15.114226	222	6.04000000e+02
7.97585690e+00	2022-05-17T19:22:15.120694	223	6.04000000e+02
7.98452520e+00	2022-05-17T19:22:15.120694	224	6.05000000e+02
8.00277360e+00	2022-05-17T19:22:15.151940	225	6.02000000e+02
8.02183670e+00	2022-05-17T19:22:15.167562	226	6.07000000e+02
8.03350250e+00	2022-05-17T19:22:15.183219	227	6.02000000e+02
8.04157510e+00	2022-05-17T19:22:15.183219	228	6.03000000e+02
8.06622870e+00	2022-05-17T19:22:15.214427	229	6.57000000e+02
8.08331520e+00	2022-05-17T19:22:15.220933	230	6.02000000e+02
8.09685860e+00	2022-05-17T19:22:15.237062	231	6.05000000e+02
8.10778430e+00	2022-05-17T19:22:15.252346	232	6.06000000e+02
8.15005760e+00	2022-05-17T19:22:15.299044	233	6.04000000e+02
8.15765920e+00	2022-05-17T19:22:15.299044	234	6.02000000e+02
8.16858270e+00	2022-05-17T19:22:15.316057	235	6.13000000e+02
8.17649040e+00	2022-05-17T19:22:15.321536	236	6.08000000e+02
8.18532720e+00	2022-05-17T19:22:15.321536	237	6.06000000e+02
8.20393250e+00	2022-05-17T19:22:15.352787	238	6.02000000e+02
8.22715770e+00	2022-05-17T19:22:15.368405	239	6.16000000e+02
8.23353780e+00	2022-05-17T19:22:15.384062	240	6.04000000e+02
8.24374780e+00	2022-05-17T19:22:15.384062	241	6.12000000e+02
8.26509570e+00	2022-05-17T19:22:15.415269	242	6.02000000e+02
8.28881010e+00	2022-05-17T19:22:15.437415	243	6.04000000e+02
8.29978780e+00	2022-05-17T19:22:15.437415	244	6.05000000e+02
8.30756590e+00	2022-05-17T19:22:15.453553	245	6.05000000e+02
8.31618630e+00	2022-05-17T19:22:15.453553	246	6.04000000e+02
8.33588040e+00	2022-05-17T19:22:15.484264	247	6.09000000e+02
8.35262350e+00	2022-05-17T19:22:15.500589	248	6.11000000e+02
8.36034820e+00	2022-05-17T19:22:15.500589	249	6.02000000e+02
8.36934750e+00	2022-05-17T19:22:15.516794	250	6.58000000e+02
8.37758370e+00	2022-05-17T19:22:15.522282	251	6.06000000e+02
8.38590190e+00	2022-05-17T19:22:15.522282	252	6.60000000e+02
8.40442330e+00	2022-05-17T19:22:15.553530	253	6.57000000e+02
8.42289570e+00	2022-05-17T19:22:15.569152	254	6.10000000e+02
8.43476070e+00	2022-05-17T19:22:15.584772	255	6.03000000e+02
8.44254910e+00	2022-05-17T19:22:15.584772	256	6.50000000e+02
8.45878470e+00	2022-05-17T19:22:15.600722	257	6.02000000e+02
8.46846830e+00	2022-05-17T19:22:15.616015	258	6.17000000e+02
8.48580450e+00	2022-05-17T19:22:15.622520	259	6.06000000e+02
8.49628070e+00	2022-05-17T19:22:15.638168	260	6.24000000e+02
8.50471550e+00	2022-05-17T19:22:15.653928	261	6.02000000e+02
8.51695360e+00	2022-05-17T19:22:15.653928	262	6.12000000e+02
8.53459170e+00	2022-05-17T19:22:15.685031	263	6.09000000e+02
8.54366400e+00	2022-05-17T19:22:15.685031	264	6.03000000e+02
8.55572140e+00	2022-05-17T19:22:15.700654	265	6.60000000e+02
8.56545210e+00	2022-05-17T19:22:15.700654	266	6.56000000e+02
8.57407510e+00	2022-05-17T19:22:15.723000	267	6.04000000e+02
8.58253340e+00	2022-05-17T19:22:15.723000	268	6.07000000e+02
8.60617180e+00	2022-05-17T19:22:15.754283	269	6.03000000e+02
8.61470300e+00	2022-05-17T19:22:15.754283	270	6.05000000e+02
8.62584350e+00	2022-05-17T19:22:15.769869	271	6.04000000e+02
8.63561830e+00	2022-05-17T19:22:15.785491	272	6.11000000e+02
8.64368840e+00	2022-05-17T19:22:15.785491	273	6.13000000e+02
8.65306610e+00	2022-05-17T19:22:15.801393	274	6.04000000e+02
8.66430790e+00	2022-05-17T19:22:15.801393	275	6.11000000e+02
8.67251900e+00	2022-05-17T19:22:15.817212	276	6.04000000e+02
8.68501770e+00	2022-05-17T19:22:15.823217	277	6.04000000e+02
8.70422680e+00	2022-05-17T19:22:15.854465	278	6.01000000e+02
8.71310170e+00	2022-05-17T19:22:15.854465	279	6.08000000e+02
8.72459140e+00	2022-05-17T19:22:15.870088	280	6.34000000e+02
8.73379030e+00	2022-05-17T19:22:15.870088	281	6.04000000e+02
8.74188350e+00	2022-05-17T19:22:15.886150	282	6.03000000e+02
8.75042910e+00	2022-05-17T19:22:15.886150	283	6.04000000e+02
8.76649760e+00	2022-05-17T19:22:15.916951	284	6.60000000e+02
8.78913370e+00	2022-05-17T19:22:15.939085	285	6.01000000e+02
8.79529380e+00	2022-05-17T19:22:15.939085	286	6.05000000e+02
8.80366570e+00	2022-05-17T19:22:15.939085	287	6.20000000e+02
8.81576130e+00	2022-05-17T19:22:15.955099	288	6.04000000e+02
8.83826840e+00	2022-05-17T19:22:15.985949	289	6.25000000e+02
8.86288500e+00	2022-05-17T19:22:16.001574	290	6.02000000e+02
8.87287180e+00	2022-05-17T19:22:16.017726	291	6.56000000e+02
8.88134600e+00	2022-05-17T19:22:16.023744	292	6.03000000e+02
8.90417440e+00	2022-05-17T19:22:16.039378	293	6.03000000e+02
8.90771530e+00	2022-05-17T19:22:16.054999	294	6.02000000e+02
8.92978270e+00	2022-05-17T19:22:16.070621	295	6.01000000e+02
8.93454030e+00	2022-05-17T19:22:16.070621	296	6.11000000e+02
8.94218460e+00	2022-05-17T19:22:16.086669	297	6.03000000e+02
8.95113850e+00	2022-05-17T19:22:16.086669	298	6.11000000e+02
8.96820660e+00	2022-05-17T19:22:16.117485	299	6.07000000e+02
8.99037160e+00	2022-05-17T19:22:16.139618	300	6.03000000e+02
8.99535120e+00	2022-05-17T19:22:16.139618	301	6.04000000e+02
9.00442270e+00	2022-05-17T19:22:16.139618	302	6.03000000e+02
9.01650070e+00	2022-05-17T19:22:16.155238	303	6.03000000e+02
9.03828530e+00	2022-05-17T19:22:16.186481	304	6.20000000e+02
9.06187450e+00	2022-05-17T19:22:16.202103	305	6.02000000e+02
9.07349920e+00	2022-05-17T19:22:16.218316	306	6.04000000e+02
9.08190910e+00	2022-05-17T19:22:16.224326	307	6.10000000e+02
9.10518750e+00	2022-05-17T19:22:16.255610	308	6.07000000e+02
9.10811700e+00	2022-05-17T19:22:16.255610	309	6.26000000e+02
9.12738130e+00	2022-05-17T19:22:16.271199	310	6.10000000e+02
9.13927580e+00	2022-05-17T19:22:16.287050	311	6.03000000e+02
9.14753740e+00	2022-05-17T19:22:16.287050	312	6.04000000e+02
9.17020490e+00	2022-05-17T19:22:16.318734	313	6.07000000e+02
9.19420880e+00	2022-05-17T19:22:16.339869	314	6.07000000e+02
9.20044170e+00	2022-05-17T19:22:16.339869	315	6.03000000e+02
9.21034030e+00	2022-05-17T19:22:16.356049	316	6.03000000e+02
9.22128850e+00	2022-05-17T19:22:16.371123	317	6.20000000e+02
9.22955250e+00	2022-05-17T19:22:16.371123	318	6.05000000e+02
9.25300120e+00	2022-05-17T19:22:16.402354	319	6.02000000e+02
9.26718340e+00	2022-05-17T19:22:16.402354	320	6.03000000e+02
9.28478530e+00	2022-05-17T19:22:16.424481	321	6.11000000e+02
9.29531020e+00	2022-05-17T19:22:16.440395	322	6.03000000e+02
9.32097010e+00	2022-05-17T19:22:16.471351	323	6.10000000e+02
9.32406070e+00	2022-05-17T19:22:16.471351	324	6.60000000e+02
9.34867100e+00	2022-05-17T19:22:16.487555	325	6.02000000e+02
9.36043160e+00	2022-05-17T19:22:16.503714	326	6.03000000e+02
9.36888870e+00	2022-05-17T19:22:16.518803	327	6.04000000e+02
9.39271450e+00	2022-05-17T19:22:16.540686	328	6.02000000e+02
9.41740210e+00	2022-05-17T19:22:16.556295	329	6.13000000e+02
9.42592930e+00	2022-05-17T19:22:16.572236	330	6.07000000e+02
9.43410010e+00	2022-05-17T19:22:16.572236	331	6.10000000e+02
9.45424030e+00	2022-05-17T19:22:16.603158	332	6.06000000e+02
9.47250390e+00	2022-05-17T19:22:16.618779	333	6.56000000e+02
9.47942660e+00	2022-05-17T19:22:16.625288	334	6.05000000e+02
9.48310380e+00	2022-05-17T19:22:16.625288	335	6.06000000e+02
9.49158460e+00	2022-05-17T19:22:16.640995	336	6.05000000e+02
9.49999480e+00	2022-05-17T19:22:16.640995	337	6.03000000e+02
9.52396240e+00	2022-05-17T19:22:16.672158	338	6.10000000e+02
9.54987420e+00	2022-05-17T19:22:16.687798	339	6.10000000e+02
9.55141630e+00	2022-05-17T19:22:16.687798	340	6.04000000e+02
9.56132190e+00	2022-05-17T19:22:16.703399	341	6.03000000e+02
9.58745480e+00	2022-05-17T19:22:16.725637	342	6.05000000e+02
9.58959830e+00	2022-05-17T19:22:16.725637	343	6.03000000e+02
9.60878210e+00	2022-05-17T19:22:16.756892	344	6.03000000e+02
9.61848160e+00	2022-05-17T19:22:16.756892	345	6.12000000e+02
9.62673120e+00	2022-05-17T19:22:16.772548	346	6.04000000e+02
9.63554140e+00	2022-05-17T19:22:16.772548	347	6.04000000e+02
9.65628420e+00	2022-05-17T19:22:16.803786	348	6.25000000e+02
9.67568870e+00	2022-05-17T19:22:16.825884	349	6.31000000e+02
9.68359620e+00	2022-05-17T19:22:16.825884	350	6.03000000e+02
9.69199910e+00	2022-05-17T19:22:16.841545	351	6.05000000e+02
9.70067680e+00	2022-05-17T19:22:16.841545	352	6.05000000e+02
9.72236670e+00	2022-05-17T19:22:16.872777	353	6.55000000e+02
9.72651490e+00	2022-05-17T19:22:16.872777	354	6.60000000e+02
9.75137790e+00	2022-05-17T19:22:16.888375	355	6.10000000e+02
9.75764940e+00	2022-05-17T19:22:16.904445	356	6.03000000e+02
9.76621270e+00	2022-05-17T19:22:16.904445	357	6.05000000e+02
9.78783240e+00	2022-05-17T19:22:16.926236	358	6.02000000e+02
9.81332020e+00	2022-05-17T19:22:16.957483	359	6.02000000e+02
9.81924900e+00	2022-05-17T19:22:16.957483	360	6.59000000e+02
9.82767820e+00	2022-05-17T19:22:16.973390	361	6.03000000e+02
9.85728400e+00	2022-05-17T19:22:17.004347	362	6.31000000e+02
9.88250170e+00	2022-05-17T19:22:17.026476	363	6.02000000e+02
9.88858990e+00	2022-05-17T19:22:17.026476	364	6.28000000e+02
9.89722510e+00	2022-05-17T19:22:17.042460	365	6.11000000e+02
9.92374930e+00	2022-05-17T19:22:17.073344	366	6.55000000e+02
9.95027100e+00	2022-05-17T19:22:17.088965	367	6.07000000e+02
9.95489750e+00	2022-05-17T19:22:17.104597	368	6.03000000e+02
9.96646200e+00	2022-05-17T19:22:17.104597	369	6.03000000e+02
9.98906400e+00	2022-05-17T19:22:17.126572	370	6.02000000e+02
1.00086463e+01	2022-05-17T19:22:17.157819	371	6.16000000e+02
1.00199469e+01	2022-05-17T19:22:17.157819	372	6.03000000e+02
1.00281553e+01	2022-05-17T19:22:17.173773	373	6.24000000e+02
1.00366725e+01	2022-05-17T19:22:17.173773	374	6.03000000e+02
1.00586492e+01	2022-05-17T19:22:17.204719	375	6.02000000e+02
1.00841726e+01	2022-05-17T19:22:17.226892	376	6.03000000e+02
1.00858722e+01	2022-05-17T19:22:17.226892	377	6.21000000e+02
1.00977092e+01	2022-05-17T19:22:17.242922	378	6.08000000e+02
1.01065793e+01	2022-05-17T19:22:17.242922	379	6.09000000e+02
1.01252553e+01	2022-05-17T19:22:17.273767	380	6.55000000e+02
1.01457965e+01	2022-05-17T19:22:17.289381	381	6.03000000e+02
1.01611651e+01	2022-05-17T19:22:17.305691	382	6.02000000e+02
1.01627362e+01	2022-05-17T19:22:17.305691	383	6.56000000e+02
1.01717122e+01	2022-05-17T19:22:17.321353	384	6.13000000e+02
1.01836743e+01	2022-05-17T19:22:17.327384	385	6.05000000e+02
1.01916614e+01	2022-05-17T19:22:17.327384	386	6.03000000e+02
1.02109868e+01	2022-05-17T19:22:17.358631	387	6.03000000e+02
1.02323298e+01	2022-05-17T19:22:17.374258	388	6.02000000e+02
1.02411856e+01	2022-05-17T19:22:17.389874	389	6.05000000e+02
1.02527260e+01	2022-05-17T19:22:17.389874	390	6.09000000e+02
1.02614653e+01	2022-05-17T19:22:17.405539	391	6.12000000e+02
1.02702767e+01	2022-05-17T19:22:17.405539	392	6.03000000e+02
1.02888961e+01	2022-05-17T19:22:17.427621	393	6.08000000e+02
1.03088532e+01	2022-05-17T19:22:17.458868	394	6.04000000e+02
1.03158743e+01	2022-05-17T19:22:17.458868	395	6.02000000e+02
1.03181664e+01	2022-05-17T19:22:17.458868	396	6.07000000e+02
1.03270842e+01	2022-05-17T19:22:17.474731	397	6.07000000e+02
1.03355188e+01	2022-05-17T19:22:17.474731	398	6.22000000e+02
1.03585174e+01	2022-05-17T19:22:17.507668	399	6.02000000e+02
1.03796878e+01	2022-05-17T19:22:17.527796	400	6.04000000e+02
1.03882534e+01	2022-05-17T19:22:17.527796	401	6.03000000e+02
1.03967529e+01	2022-05-17T19:22:17.543946	402	6.07000000e+02
1.04053131e+01	2022-05-17T19:22:17.543946	403	6.04000000e+02
1.04171763e+01	2022-05-17T19:22:17.559519	404	6.03000000e+02
1.04399167e+01	2022-05-17T19:22:17.590286	405	6.56000000e+02
1.04621168e+01	2022-05-17T19:22:17.605908	406	6.16000000e+02
1.04694991e+01	2022-05-17T19:22:17.605908	407	6.06000000e+02
1.04788354e+01	2022-05-17T19:22:17.628032	408	6.10000000e+02
1.04910168e+01	2022-05-17T19:22:17.628032	409	6.05000000e+02
1.05128205e+01	2022-05-17T19:22:17.659280	410	6.04000000e+02
1.05383633e+01	2022-05-17T19:22:17.674916	411	6.02000000e+02
1.05441779e+01	2022-05-17T19:22:17.690900	412	6.03000000e+02
1.05526171e+01	2022-05-17T19:22:17.690900	413	6.05000000e+02
1.05803265e+01	2022-05-17T19:22:17.728273	414	6.02000000e+02
1.05991153e+01	2022-05-17T19:22:17.743902	415	6.02000000e+02
1.06056916e+01	2022-05-17T19:22:17.743902	416	6.04000000e+02
1.06139249e+01	2022-05-17T19:22:17.759519	417	6.06000000e+02
1.06404079e+01	2022-05-17T19:22:17.790763	418	6.13000000e+02
1.06661555e+01	2022-05-17T19:22:17.806384	419	6.01000000e+02
1.06711514e+01	2022-05-17T19:22:17.806384	420	6.22000000e+02
1.06795405e+01	2022-05-17T19:22:17.828701	421	6.02000000e+02
1.06913915e+01	2022-05-17T19:22:17.828701	422	6.03000000e+02
1.07090642e+01	2022-05-17T19:22:17.844823	423	6.55000000e+02
1.07289239e+01	2022-05-17T19:22:17.875571	424	6.27000000e+02
1.07368849e+01	2022-05-17T19:22:17.875571	425	6.03000000e+02
1.07489510e+01	2022-05-17T19:22:17.891592	426	6.03000000e+02
1.07707168e+01	2022-05-17T19:22:17.906824	427	6.04000000e+02
1.07740658e+01	2022-05-17T19:22:17.922434	428	6.03000000e+02
1.07992290e+01	2022-05-17T19:22:17.944567	429	6.04000000e+02
1.08108350e+01	2022-05-17T19:22:17.960187	430	6.12000000e+02
1.08234508e+01	2022-05-17T19:22:17.960187	431	6.53000000e+02
1.08406949e+01	2022-05-17T19:22:17.976271	432	6.12000000e+02
1.08497682e+01	2022-05-17T19:22:17.991430	433	6.17000000e+02
1.08682779e+01	2022-05-17T19:22:18.007051	434	6.18000000e+02
1.08800427e+01	2022-05-17T19:22:18.029329	435	6.14000000e+02
1.08886138e+01	2022-05-17T19:22:18.029329	436	6.56000000e+02
1.09102232e+01	2022-05-17T19:22:18.060578	437	6.13000000e+02
1.09312998e+01	2022-05-17T19:22:18.076200	438	6.02000000e+02
1.09414161e+01	2022-05-17T19:22:18.091843	439	6.20000000e+02
1.09499265e+01	2022-05-17T19:22:18.091843	440	6.03000000e+02
1.09729271e+01	2022-05-17T19:22:18.123077	441	6.02000000e+02
1.09983302e+01	2022-05-17T19:22:18.145222	442	6.02000000e+02
1.10066902e+01	2022-05-17T19:22:18.145222	443	6.03000000e+02
1.10152699e+01	2022-05-17T19:22:18.161384	444	6.04000000e+02
1.10404896e+01	2022-05-17T19:22:18.176736	445	6.03000000e+02
1.10628705e+01	2022-05-17T19:22:18.207703	446	6.02000000e+02
1.10704959e+01	2022-05-17T19:22:18.207703	447	6.07000000e+02
1.10808775e+01	2022-05-17T19:22:18.230019	448	6.24000000e+02
1.10929623e+01	2022-05-17T19:22:18.230019	449	6.08000000e+02
1.11127992e+01	2022-05-17T19:22:18.261272	450	6.22000000e+02
1.11376963e+01	2022-05-17T19:22:18.276890	451	6.03000000e+02
1.11425724e+01	2022-05-17T19:22:18.292513	452	6.08000000e+02
1.11545013e+01	2022-05-17T19:22:18.292513	453	6.04000000e+02
1.11753113e+01	2022-05-17T19:22:18.324786	454	6.11000000e+02
1.11946898e+01	2022-05-17T19:22:18.330294	455	6.03000000e+02
1.12096109e+01	2022-05-17T19:22:18.346289	456	6.60000000e+02
1.12199029e+01	2022-05-17T19:22:18.361968	457	6.04000000e+02
1.12418472e+01	2022-05-17T19:22:18.377397	458	6.60000000e+02
1.12445153e+01	2022-05-17T19:22:18.392784	459	6.02000000e+02
1.12672817e+01	2022-05-17T19:22:18.408407	460	6.47000000e+02
1.12766430e+01	2022-05-17T19:22:18.424028	461	6.04000000e+02
1.12856088e+01	2022-05-17T19:22:18.431015	462	6.03000000e+02
1.12934786e+01	2022-05-17T19:22:18.431015	463	6.07000000e+02
1.13020597e+01	2022-05-17T19:22:18.447175	464	6.03000000e+02
1.13261569e+01	2022-05-17T19:22:18.462797	465	6.04000000e+02
1.13273868e+01	2022-05-17T19:22:18.477885	466	6.02000000e+02
1.13500119e+01	2022-05-17T19:22:18.494116	467	6.56000000e+02
1.13519866e+01	2022-05-17T19:22:18.494116	468	6.57000000e+02
1.13635591e+01	2022-05-17T19:22:18.510110	469	6.04000000e+02
1.13774708e+01	2022-05-17T19:22:18.525373	470	6.22000000e+02
1.13989030e+01	2022-05-17T19:22:18.546509	471	6.03000000e+02
1.14184411e+01	2022-05-17T19:22:18.562130	472	6.04000000e+02
1.14244165e+01	2022-05-17T19:22:18.562130	473	6.25000000e+02
1.14331071e+01	2022-05-17T19:22:18.578294	474	6.58000000e+02
1.14579676e+01	2022-05-17T19:22:18.593906	475	6.03000000e+02
1.14800596e+01	2022-05-17T19:22:18.624615	476	6.02000000e+02
1.14897709e+01	2022-05-17T19:22:18.631123	477	6.16000000e+02
1.14983042e+01	2022-05-17T19:22:18.647382	478	6.47000000e+02
1.15066072e+01	2022-05-17T19:22:18.647382	479	6.16000000e+02
1.15282967e+01	2022-05-17T19:22:18.677994	480	6.14000000e+02
1.15546150e+01	2022-05-17T19:22:18.693615	481	6.07000000e+02
1.15599517e+01	2022-05-17T19:22:18.709272	482	6.03000000e+02
1.15683042e+01	2022-05-17T19:22:18.709272	483	6.04000000e+02
1.15915674e+01	2022-05-17T19:22:18.731315	484	6.07000000e+02
1.16003911e+01	2022-05-17T19:22:18.746941	485	6.05000000e+02
1.16153396e+01	2022-05-17T19:22:18.762562	486	6.03000000e+02
1.16247567e+01	2022-05-17T19:22:18.762562	487	6.04000000e+02
1.16337959e+01	2022-05-17T19:22:18.778652	488	6.03000000e+02
1.16594225e+01	2022-05-17T19:22:18.809426	489	6.06000000e+02
1.16691626e+01	2022-05-17T19:22:18.809426	490	6.58000000e+02
1.16898900e+01	2022-05-17T19:22:18.831554	491	6.12000000e+02
1.16986300e+01	2022-05-17T19:22:18.847687	492	6.16000000e+02
1.17072304e+01	2022-05-17T19:22:18.847687	493	6.55000000e+02
1.17305030e+01	2022-05-17T19:22:18.878422	494	6.04000000e+02
1.17526160e+01	2022-05-17T19:22:18.894044	495	6.02000000e+02
1.17647244e+01	2022-05-17T19:22:18.909669	496	6.10000000e+02
1.17725559e+01	2022-05-17T19:22:18.909669	497	6.10000000e+02
1.17811904e+01	2022-05-17T19:22:18.931775	498	6.04000000e+02
1.17895336e+01	2022-05-17T19:22:18.931775	499	6.03000000e+02
1.18125601e+01	2022-05-17T19:22:18.963022	500	6.11000000e+02
1.18407096e+01	2022-05-17T19:22:18.978645	501	6.02000000e+02
1.18464588e+01	2022-05-17T19:22:18.994756	502	6.03000000e+02
1.18551466e+01	2022-05-17T19:22:18.994756	503	6.04000000e+02
1.18773438e+01	2022-05-17T19:22:19.025508	504	6.04000000e+02
1.18992007e+01	2022-05-17T19:22:19.047641	505	6.08000000e+02
1.19073672e+01	2022-05-17T19:22:19.047641	506	6.03000000e+02
1.19166646e+01	2022-05-17T19:22:19.063845	507	6.05000000e+02
1.19285786e+01	2022-05-17T19:22:19.078883	508	6.07000000e+02
1.19369500e+01	2022-05-17T19:22:19.078883	509	6.06000000e+02
1.19597142e+01	2022-05-17T19:22:19.110127	510	6.07000000e+02
1.19689009e+01	2022-05-17T19:22:19.110127	511	6.04000000e+02
1.19892376e+01	2022-05-17T19:22:19.132254	512	6.02000000e+02
1.19987718e+01	2022-05-17T19:22:19.147953	513	6.05000000e+02
1.20100562e+01	2022-05-17T19:22:19.147953	514	6.08000000e+02
1.20300732e+01	2022-05-17T19:22:19.179132	515	6.09000000e+02
1.20583836e+01	2022-05-17T19:22:19.194745	516	6.54000000e+02
1.20679295e+01	2022-05-17T19:22:19.210821	517	6.03000000e+02
1.20933205e+01	2022-05-17T19:22:19.232431	518	6.12000000e+02
1.21346519e+01	2022-05-17T19:22:19.279301	519	6.19000000e+02
1.21457386e+01	2022-05-17T19:22:19.294993	520	6.03000000e+02
1.21575543e+01	2022-05-17T19:22:19.294993	521	6.06000000e+02
1.21771755e+01	2022-05-17T19:22:19.327211	522	6.03000000e+02
1.22058535e+01	2022-05-17T19:22:19.348347	523	6.03000000e+02
1.22109140e+01	2022-05-17T19:22:19.348347	524	6.10000000e+02
1.22193643e+01	2022-05-17T19:22:19.364458	525	6.04000000e+02
1.22276288e+01	2022-05-17T19:22:19.364458	526	6.09000000e+02
1.22542617e+01	2022-05-17T19:22:19.395212	527	6.06000000e+02
1.22776087e+01	2022-05-17T19:22:19.426455	528	6.02000000e+02
1.22888443e+01	2022-05-17T19:22:19.433508	529	6.25000000e+02
1.22973848e+01	2022-05-17T19:22:19.433508	530	6.03000000e+02
1.23156223e+01	2022-05-17T19:22:19.464755	531	6.02000000e+02
1.23386565e+01	2022-05-17T19:22:19.480379	532	6.02000000e+02
1.23503975e+01	2022-05-17T19:22:19.496582	533	6.21000000e+02
1.23592189e+01	2022-05-17T19:22:19.496582	534	6.10000000e+02
1.23712132e+01	2022-05-17T19:22:19.512738	535	6.05000000e+02
1.23948100e+01	2022-05-17T19:22:19.533585	536	6.09000000e+02
1.24033720e+01	2022-05-17T19:22:19.549211	537	6.53000000e+02
1.24238322e+01	2022-05-17T19:22:19.564832	538	6.05000000e+02
1.24318695e+01	2022-05-17T19:22:19.581087	539	6.04000000e+02
1.24403358e+01	2022-05-17T19:22:19.581087	540	6.07000000e+02
1.24632037e+01	2022-05-17T19:22:19.611696	541	6.06000000e+02
1.24854491e+01	2022-05-17T19:22:19.633825	542	6.03000000e+02
1.24930800e+01	2022-05-17T19:22:19.633825	543	6.03000000e+02
1.25018701e+01	2022-05-17T19:22:19.650070	544	6.07000000e+02
1.25103973e+01	2022-05-17T19:22:19.650070	545	6.17000000e+02
1.25329768e+01	2022-05-17T19:22:19.680718	546	6.01000000e+02
1.25596190e+01	2022-05-17T19:22:19.696323	547	6.04000000e+02
1.25630376e+01	2022-05-17T19:22:19.712308	548	6.17000000e+02
1.25721140e+01	2022-05-17T19:22:19.712308	549	6.04000000e+02
1.25954164e+01	2022-05-17T19:22:19.734193	550	6.02000000e+02
1.26232710e+01	2022-05-17T19:22:19.765447	551	6.07000000e+02
1.26289571e+01	2022-05-17T19:22:19.765447	552	6.04000000e+02
1.26372543e+01	2022-05-17T19:22:19.781522	553	6.13000000e+02
1.26627313e+01	2022-05-17T19:22:19.812304	554	6.08000000e+02
1.26906969e+01	2022-05-17T19:22:19.834434	555	6.02000000e+02
1.26937386e+01	2022-05-17T19:22:19.834434	556	6.28000000e+02
1.27026079e+01	2022-05-17T19:22:19.850713	557	6.21000000e+02
1.27109367e+01	2022-05-17T19:22:19.850713	558	6.05000000e+02
1.27238599e+01	2022-05-17T19:22:19.865751	559	6.04000000e+02
1.27464728e+01	2022-05-17T19:22:19.896924	560	6.02000000e+02
1.27746968e+01	2022-05-17T19:22:19.912546	561	6.02000000e+02
1.27801217e+01	2022-05-17T19:22:19.928652	562	6.04000000e+02
1.27887057e+01	2022-05-17T19:22:19.935204	563	6.08000000e+02
1.27973116e+01	2022-05-17T19:22:19.935204	564	6.11000000e+02
1.28176605e+01	2022-05-17T19:22:19.966452	565	6.03000000e+02
1.28389388e+01	2022-05-17T19:22:19.982072	566	6.56000000e+02
1.28463703e+01	2022-05-17T19:22:19.982072	567	6.02000000e+02
1.28578546e+01	2022-05-17T19:22:19.997983	568	6.09000000e+02
1.28815971e+01	2022-05-17T19:22:20.028936	569	6.02000000e+02
1.29111700e+01	2022-05-17T19:22:20.051069	570	6.55000000e+02
1.29200845e+01	2022-05-17T19:22:20.067251	571	6.03000000e+02
1.29319736e+01	2022-05-17T19:22:20.082338	572	6.12000000e+02
1.29402651e+01	2022-05-17T19:22:20.082338	573	6.04000000e+02
1.29631281e+01	2022-05-17T19:22:20.113553	574	6.03000000e+02
1.29650984e+01	2022-05-17T19:22:20.113553	575	6.03000000e+02
1.29875339e+01	2022-05-17T19:22:20.135682	576	6.04000000e+02
1.29975205e+01	2022-05-17T19:22:20.135682	577	6.03000000e+02
1.30054767e+01	2022-05-17T19:22:20.151627	578	6.05000000e+02
1.30141433e+01	2022-05-17T19:22:20.151627	579	6.04000000e+02
1.30361305e+01	2022-05-17T19:22:20.182576	580	6.01000000e+02
1.30607225e+01	2022-05-17T19:22:20.198175	581	6.59000000e+02
1.30677838e+01	2022-05-17T19:22:20.213794	582	6.04000000e+02
1.30795968e+01	2022-05-17T19:22:20.229414	583	6.03000000e+02
1.30910906e+01	2022-05-17T19:22:20.236519	584	6.11000000e+02
1.31001705e+01	2022-05-17T19:22:20.236519	585	6.04000000e+02
1.31279930e+01	2022-05-17T19:22:20.267771	586	6.14000000e+02
1.31487880e+01	2022-05-17T19:22:20.299011	587	6.04000000e+02
1.31570487e+01	2022-05-17T19:22:20.299011	588	6.04000000e+02
1.31659419e+01	2022-05-17T19:22:20.315442	589	6.62000000e+02
1.31777209e+01	2022-05-17T19:22:20.315442	590	6.22000000e+02
1.31968788e+01	2022-05-17T19:22:20.336621	591	6.04000000e+02
1.32053237e+01	2022-05-17T19:22:20.352247	592	6.51000000e+02
1.32243030e+01	2022-05-17T19:22:20.367869	593	6.45000000e+02
1.32351729e+01	2022-05-17T19:22:20.383931	594	6.03000000e+02
1.32432900e+01	2022-05-17T19:22:20.383931	595	6.12000000e+02
1.32660952e+01	2022-05-17T19:22:20.414738	596	6.11000000e+02
1.32941845e+01	2022-05-17T19:22:20.436861	597	6.12000000e+02
1.33006513e+01	2022-05-17T19:22:20.436861	598	6.28000000e+02
1.33088515e+01	2022-05-17T19:22:20.452962	599	6.06000000e+02
1.33171885e+01	2022-05-17T19:22:20.452962	600	6.58000000e+02
1.33378584e+01	2022-05-17T19:22:20.483730	601	6.02000000e+02
1.33663203e+01	2022-05-17T19:22:20.515587	602	6.04000000e+02
1.33784674e+01	2022-05-17T19:22:20.515587	603	6.03000000e+02
1.33867077e+01	2022-05-17T19:22:20.537203	604	6.09000000e+02
1.33989157e+01	2022-05-17T19:22:20.537203	605	6.03000000e+02
1.34191942e+01	2022-05-17T19:22:20.568451	606	6.14000000e+02
1.34273047e+01	2022-05-17T19:22:20.568451	607	6.03000000e+02
1.34484565e+01	2022-05-17T19:22:20.584072	608	6.05000000e+02
1.34521461e+01	2022-05-17T19:22:20.599697	609	6.08000000e+02
1.34604950e+01	2022-05-17T19:22:20.599697	610	6.07000000e+02
1.34731953e+01	2022-05-17T19:22:20.615798	611	6.03000000e+02
1.34971567e+01	2022-05-17T19:22:20.637313	612	6.32000000e+02
1.35094643e+01	2022-05-17T19:22:20.652939	613	6.02000000e+02
1.35274606e+01	2022-05-17T19:22:20.668560	614	6.02000000e+02
1.35382033e+01	2022-05-17T19:22:20.684548	615	6.05000000e+02
1.35465462e+01	2022-05-17T19:22:20.684548	616	6.03000000e+02
1.35673262e+01	2022-05-17T19:22:20.715449	617	6.03000000e+02
1.35956124e+01	2022-05-17T19:22:20.737554	618	6.13000000e+02
1.35995980e+01	2022-05-17T19:22:20.737554	619	6.05000000e+02
1.36077678e+01	2022-05-17T19:22:20.753698	620	6.07000000e+02
1.36161914e+01	2022-05-17T19:22:20.753698	621	6.05000000e+02
1.36356246e+01	2022-05-17T19:22:20.784446	622	6.06000000e+02
1.36592130e+01	2022-05-17T19:22:20.800045	623	6.07000000e+02
1.36671471e+01	2022-05-17T19:22:20.815672	624	6.03000000e+02
1.36776860e+01	2022-05-17T19:22:20.815672	625	6.05000000e+02
1.36897270e+01	2022-05-17T19:22:20.837713	626	6.07000000e+02
1.36981598e+01	2022-05-17T19:22:20.837713	627	6.05000000e+02
1.37196713e+01	2022-05-17T19:22:20.868960	628	6.04000000e+02
1.37471937e+01	2022-05-17T19:22:20.884582	629	6.01000000e+02
1.37510108e+01	2022-05-17T19:22:20.900202	630	6.04000000e+02
1.37594383e+01	2022-05-17T19:22:20.900202	631	6.11000000e+02
1.37830797e+01	2022-05-17T19:22:20.931445	632	6.02000000e+02
1.38125920e+01	2022-05-17T19:22:20.953578	633	6.03000000e+02
1.38166997e+01	2022-05-17T19:22:20.953578	634	6.03000000e+02
1.38248442e+01	2022-05-17T19:22:20.969684	635	6.08000000e+02
1.38332893e+01	2022-05-17T19:22:20.969684	636	6.60000000e+02
1.38536090e+01	2022-05-17T19:22:21.000441	637	6.55000000e+02
1.38744702e+01	2022-05-17T19:22:21.016074	638	6.10000000e+02
1.38866571e+01	2022-05-17T19:22:21.031682	639	6.04000000e+02
1.38986553e+01	2022-05-17T19:22:21.038520	640	6.03000000e+02
1.39222336e+01	2022-05-17T19:22:21.069769	641	6.03000000e+02
1.39450636e+01	2022-05-17T19:22:21.085404	642	6.10000000e+02
1.39529726e+01	2022-05-17T19:22:21.101016	643	6.03000000e+02
1.39640926e+01	2022-05-17T19:22:21.101016	644	6.26000000e+02
1.39721720e+01	2022-05-17T19:22:21.117116	645	6.13000000e+02
1.39807292e+01	2022-05-17T19:22:21.117116	646	6.23000000e+02
1.39991486e+01	2022-05-17T19:22:21.138707	647	6.56000000e+02
1.40289622e+01	2022-05-17T19:22:21.169955	648	6.03000000e+02
1.40330410e+01	2022-05-17T19:22:21.169955	649	6.03000000e+02
1.40418782e+01	2022-05-17T19:22:21.186076	650	6.04000000e+02
1.40501730e+01	2022-05-17T19:22:21.186076	651	6.09000000e+02
1.40746070e+01	2022-05-17T19:22:21.216817	652	6.07000000e+02
1.40972897e+01	2022-05-17T19:22:21.238951	653	6.05000000e+02
1.41046567e+01	2022-05-17T19:22:21.254584	654	6.40000000e+02
1.41156208e+01	2022-05-17T19:22:21.254584	655	6.07000000e+02
1.41234330e+01	2022-05-17T19:22:21.270687	656	6.09000000e+02
1.41321186e+01	2022-05-17T19:22:21.270687	657	6.05000000e+02
1.41540230e+01	2022-05-17T19:22:21.302016	658	6.02000000e+02
1.41826582e+01	2022-05-17T19:22:21.333279	659	6.03000000e+02
1.41846123e+01	2022-05-17T19:22:21.333279	660	6.23000000e+02
1.41936179e+01	2022-05-17T19:22:21.339354	661	6.11000000e+02
1.42056062e+01	2022-05-17T19:22:21.354982	662	6.08000000e+02
1.42141080e+01	2022-05-17T19:22:21.354982	663	6.03000000e+02
1.42373043e+01	2022-05-17T19:22:21.386223	664	6.03000000e+02
1.42611914e+01	2022-05-17T19:22:21.401846	665	6.03000000e+02
1.42757366e+01	2022-05-17T19:22:21.417537	666	6.04000000e+02
1.42876480e+01	2022-05-17T19:22:21.433086	667	6.03000000e+02
1.42959179e+01	2022-05-17T19:22:21.440037	668	6.24000000e+02
1.43046632e+01	2022-05-17T19:22:21.440037	669	6.07000000e+02
1.43229756e+01	2022-05-17T19:22:21.471284	670	6.15000000e+02
1.43319151e+01	2022-05-17T19:22:21.471284	671	6.26000000e+02
1.43536755e+01	2022-05-17T19:22:21.503112	672	6.04000000e+02
1.43566339e+01	2022-05-17T19:22:21.503112	673	6.06000000e+02
1.43657813e+01	2022-05-17T19:22:21.503112	674	6.03000000e+02
1.43778347e+01	2022-05-17T19:22:21.519269	675	6.21000000e+02
1.43860469e+01	2022-05-17T19:22:21.534998	676	6.06000000e+02
1.43942728e+01	2022-05-17T19:22:21.540457	677	6.51000000e+02
1.44063413e+01	2022-05-17T19:22:21.556098	678	6.04000000e+02
1.44148711e+01	2022-05-17T19:22:21.556098	679	6.62000000e+02
1.44386163e+01	2022-05-17T19:22:21.587326	680	6.02000000e+02
1.44630252e+01	2022-05-17T19:22:21.602949	681	6.03000000e+02
1.44704578e+01	2022-05-17T19:22:21.618576	682	6.09000000e+02
1.44802072e+01	2022-05-17T19:22:21.618576	683	6.04000000e+02
1.44880118e+01	2022-05-17T19:22:21.634718	684	6.55000000e+02
1.44966683e+01	2022-05-17T19:22:21.641208	685	6.10000000e+02
1.45236865e+01	2022-05-17T19:22:21.672455	686	6.02000000e+02
1.45474860e+01	2022-05-17T19:22:21.688077	687	6.06000000e+02
1.45539831e+01	2022-05-17T19:22:21.703735	688	6.04000000e+02
1.45621192e+01	2022-05-17T19:22:21.703735	689	6.03000000e+02
1.45707029e+01	2022-05-17T19:22:21.719738	690	6.04000000e+02
1.45826321e+01	2022-05-17T19:22:21.719738	691	6.55000000e+02
1.46032861e+01	2022-05-17T19:22:21.741442	692	6.02000000e+02
1.46276573e+01	2022-05-17T19:22:21.772689	693	6.13000000e+02
1.46354112e+01	2022-05-17T19:22:21.772689	694	6.17000000e+02
1.46444138e+01	2022-05-17T19:22:21.788608	695	6.07000000e+02
1.46691205e+01	2022-05-17T19:22:21.819585	696	6.17000000e+02
1.46748110e+01	2022-05-17T19:22:21.819585	697	6.04000000e+02
1.47028638e+01	2022-05-17T19:22:21.841681	698	6.12000000e+02
1.47051998e+01	2022-05-17T19:22:21.841681	699	6.12000000e+02
1.47137812e+01	2022-05-17T19:22:21.857308	700	6.07000000e+02
1.47405759e+01	2022-05-17T19:22:21.888589	701	6.01000000e+02
1.47710773e+01	2022-05-17T19:22:21.919804	702	6.13000000e+02
1.47834127e+01	2022-05-17T19:22:21.919804	703	6.03000000e+02
1.47955390e+01	2022-05-17T19:22:21.942409	704	6.04000000e+02
1.48044295e+01	2022-05-17T19:22:21.942409	705	6.18000000e+02
1.48259357e+01	2022-05-17T19:22:21.973656	706	6.06000000e+02
1.48548194e+01	2022-05-17T19:22:22.004901	707	6.54000000e+02
1.48654665e+01	2022-05-17T19:22:22.004901	708	6.07000000e+02
1.48779878e+01	2022-05-17T19:22:22.020644	709	6.04000000e+02
1.49039818e+01	2022-05-17T19:22:22.042655	710	6.04000000e+02
1.49394439e+01	2022-05-17T19:22:22.089525	711	6.03000000e+02
1.49423996e+01	2022-05-17T19:22:22.089525	712	6.03000000e+02
1.49513061e+01	2022-05-17T19:22:22.089525	713	6.03000000e+02
1.49633818e+01	2022-05-17T19:22:22.105436	714	6.14000000e+02
1.49883061e+01	2022-05-17T19:22:22.136388	715	6.02000000e+02
1.50193555e+01	2022-05-17T19:22:22.158521	716	6.04000000e+02
1.50291617e+01	2022-05-17T19:22:22.174141	717	6.03000000e+02
1.50483743e+01	2022-05-17T19:22:22.190116	718	6.13000000e+02
1.50587258e+01	2022-05-17T19:22:22.205384	719	6.26000000e+02
1.50873012e+01	2022-05-17T19:22:22.236627	720	6.11000000e+02
1.50937321e+01	2022-05-17T19:22:22.243133	721	6.07000000e+02
1.51030563e+01	2022-05-17T19:22:22.243133	722	6.08000000e+02
1.51150871e+01	2022-05-17T19:22:22.259309	723	6.04000000e+02
1.51230587e+01	2022-05-17T19:22:22.259309	724	6.07000000e+02
1.51432255e+01	2022-05-17T19:22:22.290001	725	6.07000000e+02
1.51709807e+01	2022-05-17T19:22:22.306236	726	6.60000000e+02
1.51806573e+01	2022-05-17T19:22:22.321860	727	6.45000000e+02
1.52071100e+01	2022-05-17T19:22:22.343133	728	6.56000000e+02
1.52304568e+01	2022-05-17T19:22:22.374381	729	6.15000000e+02
1.52384867e+01	2022-05-17T19:22:22.374381	730	6.11000000e+02
1.52501924e+01	2022-05-17T19:22:22.390395	731	6.14000000e+02
1.52733020e+01	2022-05-17T19:22:22.421258	732	6.06000000e+02
1.52981680e+01	2022-05-17T19:22:22.443373	733	6.05000000e+02
1.53129242e+01	2022-05-17T19:22:22.459000	734	6.03000000e+02
1.53236840e+01	2022-05-17T19:22:22.459000	735	6.04000000e+02
1.53321442e+01	2022-05-17T19:22:22.474618	736	6.13000000e+02
1.53560535e+01	2022-05-17T19:22:22.506429	737	6.02000000e+02
1.53585265e+01	2022-05-17T19:22:22.506429	738	6.10000000e+02
1.53877632e+01	2022-05-17T19:22:22.537672	739	6.02000000e+02
1.53934389e+01	2022-05-17T19:22:22.543677	740	6.60000000e+02
1.54018371e+01	2022-05-17T19:22:22.543677	741	6.05000000e+02
1.54264704e+01	2022-05-17T19:22:22.574925	742	6.09000000e+02
1.54566514e+01	2022-05-17T19:22:22.606170	743	6.02000000e+02
1.54672933e+01	2022-05-17T19:22:22.606170	744	6.03000000e+02
1.54755070e+01	2022-05-17T19:22:22.622045	745	6.21000000e+02
1.54837781e+01	2022-05-17T19:22:22.622045	746	6.04000000e+02
1.55043323e+01	2022-05-17T19:22:22.643978	747	6.03000000e+02
1.55355718e+01	2022-05-17T19:22:22.675226	748	6.03000000e+02
1.55450997e+01	2022-05-17T19:22:22.691217	749	6.05000000e+02
1.55541148e+01	2022-05-17T19:22:22.691217	750	6.07000000e+02
1.55729078e+01	2022-05-17T19:22:22.722090	751	6.05000000e+02
1.55812201e+01	2022-05-17T19:22:22.722090	752	6.05000000e+02
1.56034757e+01	2022-05-17T19:22:22.744216	753	6.07000000e+02
1.56144433e+01	2022-05-17T19:22:22.759841	754	6.02000000e+02
1.56225985e+01	2022-05-17T19:22:22.759841	755	6.07000000e+02
1.56431405e+01	2022-05-17T19:22:22.791085	756	6.04000000e+02
1.56679476e+01	2022-05-17T19:22:22.806705	757	6.03000000e+02
1.56764267e+01	2022-05-17T19:22:22.822331	758	6.04000000e+02
1.56847685e+01	2022-05-17T19:22:22.822331	759	6.04000000e+02
1.56965055e+01	2022-05-17T19:22:22.844807	760	6.03000000e+02
1.57050218e+01	2022-05-17T19:22:22.844807	761	6.30000000e+02
1.57275813e+01	2022-05-17T19:22:22.876055	762	6.07000000e+02
1.57514008e+01	2022-05-17T19:22:22.891679	763	6.07000000e+02
1.57624582e+01	2022-05-17T19:22:22.907298	764	6.14000000e+02
1.57740421e+01	2022-05-17T19:22:22.923371	765	6.03000000e+02
1.57828368e+01	2022-05-17T19:22:22.923371	766	6.23000000e+02
1.58059777e+01	2022-05-17T19:22:22.944836	767	6.07000000e+02
1.58323674e+01	2022-05-17T19:22:22.976085	768	6.19000000e+02
1.58402928e+01	2022-05-17T19:22:22.976085	769	6.26000000e+02
1.58522846e+01	2022-05-17T19:22:22.992111	770	6.04000000e+02
1.58772956e+01	2022-05-17T19:22:23.022949	771	6.02000000e+02
1.58860846e+01	2022-05-17T19:22:23.022949	772	6.03000000e+02
1.59106463e+01	2022-05-17T19:22:23.060704	773	6.03000000e+02
1.59130567e+01	2022-05-17T19:22:23.060704	774	6.05000000e+02
1.59216807e+01	2022-05-17T19:22:23.060704	775	6.08000000e+02
1.59301810e+01	2022-05-17T19:22:23.076915	776	6.03000000e+02
1.59379498e+01	2022-05-17T19:22:23.076915	777	6.28000000e+02
1.59595052e+01	2022-05-17T19:22:23.107568	778	6.07000000e+02
1.59838239e+01	2022-05-17T19:22:23.123189	779	6.05000000e+02
1.59923743e+01	2022-05-17T19:22:23.138813	780	6.60000000e+02
1.59992316e+01	2022-05-17T19:22:23.145325	781	6.03000000e+02
1.60079239e+01	2022-05-17T19:22:23.145325	782	6.03000000e+02
1.60163635e+01	2022-05-17T19:22:23.161492	783	6.06000000e+02
1.60430898e+01	2022-05-17T19:22:23.192201	784	6.13000000e+02
1.60445916e+01	2022-05-17T19:22:23.192201	785	6.02000000e+02
1.60742923e+01	2022-05-17T19:22:23.223446	786	6.11000000e+02
1.60816787e+01	2022-05-17T19:22:23.223446	787	6.02000000e+02
1.60893812e+01	2022-05-17T19:22:23.239101	788	6.09000000e+02
1.60978770e+01	2022-05-17T19:22:23.245933	789	6.56000000e+02
1.61058612e+01	2022-05-17T19:22:23.245933	790	6.15000000e+02
1.61299926e+01	2022-05-17T19:22:23.277181	791	6.55000000e+02
1.61538150e+01	2022-05-17T19:22:23.292803	792	6.07000000e+02
1.61628752e+01	2022-05-17T19:22:23.309011	793	6.03000000e+02
1.61713268e+01	2022-05-17T19:22:23.309011	794	6.07000000e+02
1.61799994e+01	2022-05-17T19:22:23.325146	795	6.17000000e+02
1.61918050e+01	2022-05-17T19:22:23.340708	796	6.06000000e+02
1.62110337e+01	2022-05-17T19:22:23.346217	797	6.02000000e+02
1.62360975e+01	2022-05-17T19:22:23.377466	798	6.09000000e+02
1.62450323e+01	2022-05-17T19:22:23.393087	799	6.04000000e+02
1.62540042e+01	2022-05-17T19:22:23.393087	800	6.07000000e+02
1.62660086e+01	2022-05-17T19:22:23.409286	801	6.12000000e+02
1.62741311e+01	2022-05-17T19:22:23.424327	802	6.04000000e+02
1.62824903e+01	2022-05-17T19:22:23.424327	803	6.03000000e+02
1.63012418e+01	2022-05-17T19:22:23.446506	804	6.51000000e+02
1.63164916e+01	2022-05-17T19:22:23.462132	805	6.02000000e+02
1.63348753e+01	2022-05-17T19:22:23.477753	806	6.07000000e+02
1.63496495e+01	2022-05-17T19:22:23.494025	807	6.07000000e+02
1.63554928e+01	2022-05-17T19:22:23.494025	808	6.03000000e+02
1.63642380e+01	2022-05-17T19:22:23.510222	809	6.11000000e+02
1.63741677e+01	2022-05-17T19:22:23.510222	810	6.03000000e+02
1.63943498e+01	2022-05-17T19:22:23.540895	811	6.01000000e+02
1.64257251e+01	2022-05-17T19:22:23.562035	812	6.60000000e+02
1.64373140e+01	2022-05-17T19:22:23.578056	813	6.04000000e+02
1.64629881e+01	2022-05-17T19:22:23.608899	814	6.03000000e+02
1.64911464e+01	2022-05-17T19:22:23.640144	815	6.03000000e+02
1.64991472e+01	2022-05-17T19:22:23.646650	816	6.11000000e+02
1.65074780e+01	2022-05-17T19:22:23.646650	817	6.04000000e+02
1.65156807e+01	2022-05-17T19:22:23.662596	818	6.03000000e+02
1.65237475e+01	2022-05-17T19:22:23.662596	819	6.06000000e+02
1.65457458e+01	2022-05-17T19:22:23.693519	820	6.19000000e+02
1.65753622e+01	2022-05-17T19:22:23.724764	821	6.02000000e+02
1.65812936e+01	2022-05-17T19:22:23.724764	822	6.06000000e+02
1.65891071e+01	2022-05-17T19:22:23.724764	823	6.03000000e+02
1.65980018e+01	2022-05-17T19:22:23.747096	824	6.05000000e+02
1.66100158e+01	2022-05-17T19:22:23.747096	825	6.03000000e+02
1.66302044e+01	2022-05-17T19:22:23.778344	826	6.01000000e+02
1.66599975e+01	2022-05-17T19:22:23.809589	827	6.03000000e+02
1.66672490e+01	2022-05-17T19:22:23.809589	828	6.03000000e+02
1.66756732e+01	2022-05-17T19:22:23.825280	829	6.18000000e+02
1.66875579e+01	2022-05-17T19:22:23.825280	830	6.16000000e+02
1.67052648e+01	2022-05-17T19:22:23.847444	831	6.02000000e+02
1.67365277e+01	2022-05-17T19:22:23.878692	832	6.04000000e+02
1.67453578e+01	2022-05-17T19:22:23.894580	833	6.02000000e+02
1.67576497e+01	2022-05-17T19:22:23.894580	834	6.12000000e+02
1.67762299e+01	2022-05-17T19:22:23.925555	835	6.07000000e+02
1.68081151e+01	2022-05-17T19:22:23.947686	836	6.56000000e+02
1.68189057e+01	2022-05-17T19:22:23.963781	837	6.44000000e+02
1.68461993e+01	2022-05-17T19:22:23.994585	838	6.02000000e+02
1.68567138e+01	2022-05-17T19:22:23.994585	839	6.11000000e+02
1.68828321e+01	2022-05-17T19:22:24.025806	840	6.05000000e+02
1.68924586e+01	2022-05-17T19:22:24.041440	841	6.07000000e+02
1.69007393e+01	2022-05-17T19:22:24.048477	842	6.03000000e+02
1.69091827e+01	2022-05-17T19:22:24.048477	843	6.05000000e+02
1.69292708e+01	2022-05-17T19:22:24.079725	844	6.54000000e+02
1.69551157e+01	2022-05-17T19:22:24.095346	845	6.03000000e+02
1.69662738e+01	2022-05-17T19:22:24.110969	846	6.58000000e+02
1.69745821e+01	2022-05-17T19:22:24.110969	847	6.04000000e+02
1.69831602e+01	2022-05-17T19:22:24.127069	848	6.03000000e+02
1.70067992e+01	2022-05-17T19:22:24.148776	849	6.05000000e+02
1.70321317e+01	2022-05-17T19:22:24.180024	850	6.12000000e+02
1.70404169e+01	2022-05-17T19:22:24.180024	851	6.03000000e+02
1.70441554e+01	2022-05-17T19:22:24.180024	852	6.03000000e+02
1.70525585e+01	2022-05-17T19:22:24.195664	853	6.05000000e+02
1.70769105e+01	2022-05-17T19:22:24.226886	854	6.03000000e+02
1.71027654e+01	2022-05-17T19:22:24.249016	855	6.20000000e+02
1.71053301e+01	2022-05-17T19:22:24.249016	856	6.04000000e+02
1.71133093e+01	2022-05-17T19:22:24.249016	857	6.04000000e+02
1.71216864e+01	2022-05-17T19:22:24.265019	858	6.09000000e+02
1.71304105e+01	2022-05-17T19:22:24.280264	859	6.11000000e+02
1.71462936e+01	2022-05-17T19:22:24.295885	860	6.04000000e+02
1.71722938e+01	2022-05-17T19:22:24.312093	861	6.06000000e+02
1.71832979e+01	2022-05-17T19:22:24.327725	862	6.05000000e+02
1.71916543e+01	2022-05-17T19:22:24.327725	863	6.56000000e+02
1.72038746e+01	2022-05-17T19:22:24.349287	864	6.08000000e+02
1.72122892e+01	2022-05-17T19:22:24.349287	865	6.02000000e+02
1.72298241e+01	2022-05-17T19:22:24.365395	866	6.15000000e+02
1.72616856e+01	2022-05-17T19:22:24.411780	867	6.02000000e+02
1.72694580e+01	2022-05-17T19:22:24.411780	868	6.05000000e+02
1.72778785e+01	2022-05-17T19:22:24.427434	869	6.07000000e+02
1.72896148e+01	2022-05-17T19:22:24.427434	870	6.07000000e+02
1.73148298e+01	2022-05-17T19:22:24.465207	871	6.05000000e+02
1.73405166e+01	2022-05-17T19:22:24.480828	872	6.03000000e+02
1.73513942e+01	2022-05-17T19:22:24.497555	873	6.04000000e+02
1.73595853e+01	2022-05-17T19:22:24.497555	874	6.19000000e+02
1.73785408e+01	2022-05-17T19:22:24.528802	875	6.14000000e+02
1.74113306e+01	2022-05-17T19:22:24.549431	876	6.01000000e+02
1.74206366e+01	2022-05-17T19:22:24.565593	877	6.05000000e+02
1.74291316e+01	2022-05-17T19:22:24.565593	878	6.06000000e+02
1.74479442e+01	2022-05-17T19:22:24.596299	879	6.03000000e+02
1.74801151e+01	2022-05-17T19:22:24.627545	880	6.02000000e+02
1.74905941e+01	2022-05-17T19:22:24.627545	881	6.03000000e+02
1.74989012e+01	2022-05-17T19:22:24.643681	882	6.07000000e+02
1.75111786e+01	2022-05-17T19:22:24.649686	883	6.05000000e+02
1.75306849e+01	2022-05-17T19:22:24.680933	884	6.02000000e+02
1.75562290e+01	2022-05-17T19:22:24.696557	885	6.04000000e+02
1.75598374e+01	2022-05-17T19:22:24.696557	886	6.10000000e+02
1.75679867e+01	2022-05-17T19:22:24.712177	887	6.02000000e+02
1.75766919e+01	2022-05-17T19:22:24.712177	888	6.05000000e+02
1.75884833e+01	2022-05-17T19:22:24.728171	889	6.04000000e+02
1.76082445e+01	2022-05-17T19:22:24.749990	890	6.01000000e+02
1.76333616e+01	2022-05-17T19:22:24.781238	891	6.56000000e+02
1.76417044e+01	2022-05-17T19:22:24.781238	892	6.03000000e+02
1.76503063e+01	2022-05-17T19:22:24.797468	893	6.28000000e+02
1.76589052e+01	2022-05-17T19:22:24.797468	894	6.11000000e+02
1.76800577e+01	2022-05-17T19:22:24.828102	895	6.16000000e+02
1.77130611e+01	2022-05-17T19:22:24.850230	896	6.06000000e+02
1.77151355e+01	2022-05-17T19:22:24.850230	897	6.04000000e+02
1.77240369e+01	2022-05-17T19:22:24.865864	898	6.04000000e+02
1.77464256e+01	2022-05-17T19:22:24.881648	899	6.01000000e+02
1.77556500e+01	2022-05-17T19:22:24.897098	900	6.04000000e+02
1.77808884e+01	2022-05-17T19:22:24.928347	901	6.56000000e+02
1.77891091e+01	2022-05-17T19:22:24.928347	902	6.07000000e+02
1.77978277e+01	2022-05-17T19:22:24.944399	903	6.03000000e+02
1.78058152e+01	2022-05-17T19:22:24.950919	904	6.07000000e+02
1.78145778e+01	2022-05-17T19:22:24.950919	905	6.07000000e+02
1.78332265e+01	2022-05-17T19:22:24.982168	906	6.11000000e+02
1.78655670e+01	2022-05-17T19:22:25.013413	907	6.56000000e+02
1.78755622e+01	2022-05-17T19:22:25.013413	908	6.02000000e+02
1.78842295e+01	2022-05-17T19:22:25.029547	909	6.04000000e+02
1.79164216e+01	2022-05-17T19:22:25.066848	910	6.17000000e+02
1.79358020e+01	2022-05-17T19:22:25.082470	911	6.03000000e+02
1.79382917e+01	2022-05-17T19:22:25.082470	912	6.07000000e+02
1.79492904e+01	2022-05-17T19:22:25.098537	913	6.03000000e+02
1.79615543e+01	2022-05-17T19:22:25.098537	914	6.24000000e+02
1.79798144e+01	2022-05-17T19:22:25.129333	915	6.07000000e+02
1.80135194e+01	2022-05-17T19:22:25.151463	916	6.54000000e+02
1.80235736e+01	2022-05-17T19:22:25.167166	917	6.04000000e+02
1.80482202e+01	2022-05-17T19:22:25.198331	918	6.53000000e+02
1.80811595e+01	2022-05-17T19:22:25.229578	919	6.03000000e+02
1.80926499e+01	2022-05-17T19:22:25.229578	920	6.06000000e+02
1.81009346e+01	2022-05-17T19:22:25.245671	921	6.49000000e+02
1.81134117e+01	2022-05-17T19:22:25.251676	922	6.03000000e+02
1.81331017e+01	2022-05-17T19:22:25.282924	923	6.56000000e+02
1.81584978e+01	2022-05-17T19:22:25.298546	924	6.59000000e+02
1.81651946e+01	2022-05-17T19:22:25.314771	925	6.04000000e+02
1.81697089e+01	2022-05-17T19:22:25.314771	926	6.05000000e+02
1.81788502e+01	2022-05-17T19:22:25.314771	927	6.04000000e+02
1.81908899e+01	2022-05-17T19:22:25.330801	928	6.04000000e+02
1.82134654e+01	2022-05-17T19:22:25.351621	929	6.43000000e+02
1.82469097e+01	2022-05-17T19:22:25.382869	930	6.05000000e+02
1.82523847e+01	2022-05-17T19:22:25.398490	931	6.17000000e+02
1.82607203e+01	2022-05-17T19:22:25.398490	932	6.03000000e+02
1.82803419e+01	2022-05-17T19:22:25.429732	933	6.07000000e+02
1.83145590e+01	2022-05-17T19:22:25.451864	934	6.01000000e+02
1.83175802e+01	2022-05-17T19:22:25.467489	935	6.60000000e+02
1.83264856e+01	2022-05-17T19:22:25.467489	936	6.24000000e+02
1.83504151e+01	2022-05-17T19:22:25.498732	937	6.02000000e+02
1.83584864e+01	2022-05-17T19:22:25.498732	938	6.55000000e+02
1.83779932e+01	2022-05-17T19:22:25.515022	939	6.09000000e+02
1.83924274e+01	2022-05-17T19:22:25.531185	940	6.02000000e+02
1.84035301e+01	2022-05-17T19:22:25.552308	941	6.11000000e+02
1.84122091e+01	2022-05-17T19:22:25.552308	942	6.58000000e+02
1.84338689e+01	2022-05-17T19:22:25.583558	943	6.11000000e+02
1.84685163e+01	2022-05-17T19:22:25.614802	944	6.02000000e+02
1.84778039e+01	2022-05-17T19:22:25.614802	945	6.16000000e+02
1.84898703e+01	2022-05-17T19:22:25.630894	946	6.04000000e+02
1.85127157e+01	2022-05-17T19:22:25.652638	947	6.02000000e+02
1.85456592e+01	2022-05-17T19:22:25.683897	948	6.02000000e+02
1.85550723e+01	2022-05-17T19:22:25.699943	949	6.06000000e+02
1.85638311e+01	2022-05-17T19:22:25.699943	950	6.08000000e+02
1.85803308e+01	2022-05-17T19:22:25.730749	951	6.03000000e+02
1.86073209e+01	2022-05-17T19:22:25.752892	952	6.07000000e+02
1.86162881e+01	2022-05-17T19:22:25.752892	953	6.13000000e+02
1.86249916e+01	2022-05-17T19:22:25.768672	954	6.64000000e+02
1.86331966e+01	2022-05-17T19:22:25.768672	955	6.06000000e+02
1.86517780e+01	2022-05-17T19:22:25.799760	956	6.04000000e+02
1.86820464e+01	2022-05-17T19:22:25.831005	957	6.02000000e+02
1.86903691e+01	2022-05-17T19:22:25.831005	958	6.24000000e+02
1.86986988e+01	2022-05-17T19:22:25.846948	959	6.03000000e+02
1.87070059e+01	2022-05-17T19:22:25.853246	960	6.28000000e+02
1.87151737e+01	2022-05-17T19:22:25.853246	961	6.05000000e+02
1.87354325e+01	2022-05-17T19:22:25.884494	962	6.01000000e+02
1.87654447e+01	2022-05-17T19:22:25.915737	963	6.20000000e+02
1.87720432e+01	2022-05-17T19:22:25.915737	964	6.04000000e+02
1.87809808e+01	2022-05-17T19:22:25.931357	965	6.03000000e+02
1.87930478e+01	2022-05-17T19:22:25.931357	966	6.10000000e+02
1.88139323e+01	2022-05-17T19:22:25.953563	967	6.01000000e+02
1.88456908e+01	2022-05-17T19:22:25.984820	968	6.11000000e+02
1.88505138e+01	2022-05-17T19:22:26.000441	969	6.07000000e+02
1.88626658e+01	2022-05-17T19:22:26.000441	970	6.04000000e+02
1.88827316e+01	2022-05-17T19:22:26.031683	971	6.08000000e+02
1.89165198e+01	2022-05-17T19:22:26.053813	972	6.53000000e+02
1.89196652e+01	2022-05-17T19:22:26.069440	973	6.20000000e+02
1.89283281e+01	2022-05-17T19:22:26.069440	974	6.56000000e+02
1.89439547e+01	2022-05-17T19:22:26.085499	975	6.04000000e+02
1.89530641e+01	2022-05-17T19:22:26.100711	976	6.07000000e+02
1.89795190e+01	2022-05-17T19:22:26.116303	977	6.04000000e+02
1.89895329e+01	2022-05-17T19:22:26.131930	978	6.04000000e+02
1.89980713e+01	2022-05-17T19:22:26.147617	979	6.06000000e+02
1.90104615e+01	2022-05-17T19:22:26.154123	980	6.03000000e+02
1.90358110e+01	2022-05-17T19:22:26.185369	981	6.14000000e+02
1.90698808e+01	2022-05-17T19:22:26.216616	982	6.14000000e+02
1.90797089e+01	2022-05-17T19:22:26.216616	983	6.23000000e+02
1.90879563e+01	2022-05-17T19:22:26.232705	984	6.04000000e+02
1.90963916e+01	2022-05-17T19:22:26.232705	985	6.14000000e+02
1.91147560e+01	2022-05-17T19:22:26.254335	986	6.22000000e+02
1.91482818e+01	2022-05-17T19:22:26.285582	987	6.05000000e+02
1.91574962e+01	2022-05-17T19:22:26.301786	988	6.04000000e+02
1.91660183e+01	2022-05-17T19:22:26.301786	989	6.03000000e+02
1.91838887e+01	2022-05-17T19:22:26.333032	990	6.02000000e+02
1.92174184e+01	2022-05-17T19:22:26.354660	991	6.09000000e+02
1.92230597e+01	2022-05-17T19:22:26.370606	992	6.15000000e+02
1.92353980e+01	2022-05-17T19:22:26.385906	993	6.04000000e+02
1.92536034e+01	2022-05-17T19:22:26.401529	994	6.68000000e+02
1.92786285e+01	2022-05-17T19:22:26.417150	995	6.39000000e+02
1.92880342e+01	2022-05-17T19:22:26.432773	996	6.03000000e+02
1.92966935e+01	2022-05-17T19:22:26.432773	997	6.05000000e+02
1.93046016e+01	2022-05-17T19:22:26.454721	998	6.04000000e+02
1.93129718e+01	2022-05-17T19:22:26.454721	999	6.11000000e+02
1.93294742e+01	2022-05-17T19:22:26.470390	1000	6.02000000e+02