Time elapsed	Time stamp	Loop Index	GP2Y ADC
s			Cts

5.01710650e+00	2022-05-17T19:22:40.266045	1	6.11000000e+02
5.02835250e+00	2022-05-17T19:22:40.272600	2	6.00000000e+02
5.03666040e+00	2022-05-17T19:22:40.272600	3	6.00000000e+02
5.05054610e+00	2022-05-17T19:22:40.288622	4	6.02000000e+02
5.07646650e+00	2022-05-17T19:22:40.319691	5	6.02000000e+02
5.08469480e+00	2022-05-17T19:22:40.319691	6	6.01000000e+02
5.09694100e+00	2022-05-17T19:22:40.335312	7	6.44000000e+02
5.10622400e+00	2022-05-17T19:22:40.351095	8	6.03000000e+02
5.11418290e+00	2022-05-17T19:22:40.351095	9	6.00000000e+02
5.12871400e+00	2022-05-17T19:22:40.372573	10	5.99000000e+02
5.13819270e+00	2022-05-17T19:22:40.388198	11	6.15000000e+02
5.15584610e+00	2022-05-17T19:22:40.403826	12	5.99000000e+02
5.16749900e+00	2022-05-17T19:22:40.403826	13	6.07000000e+02
5.17584340e+00	2022-05-17T19:22:40.419902	14	6.01000000e+02
5.18388930e+00	2022-05-17T19:22:40.419902	15	6.24000000e+02
5.20177060e+00	2022-05-17T19:22:40.450683	16	6.02000000e+02
5.21875690e+00	2022-05-17T19:22:40.466349	17	5.98000000e+02
5.22950670e+00	2022-05-17T19:22:40.473392	18	6.00000000e+02
5.24075510e+00	2022-05-17T19:22:40.490222	19	6.06000000e+02
5.24927630e+00	2022-05-17T19:22:40.490222	20	6.24000000e+02
5.27487120e+00	2022-05-17T19:22:40.521468	21	6.00000000e+02
5.27758840e+00	2022-05-17T19:22:40.521468	22	6.22000000e+02
5.29473210e+00	2022-05-17T19:22:40.537130	23	5.99000000e+02
5.30682060e+00	2022-05-17T19:22:40.553132	24	6.56000000e+02
5.31663510e+00	2022-05-17T19:22:40.553132	25	6.03000000e+02
5.33496320e+00	2022-05-17T19:22:40.573485	26	6.52000000e+02
5.35421700e+00	2022-05-17T19:22:40.589145	27	5.98000000e+02
5.36391650e+00	2022-05-17T19:22:40.604736	28	6.01000000e+02
5.38651790e+00	2022-05-17T19:22:40.635973	29	6.00000000e+02
5.40549710e+00	2022-05-17T19:22:40.651637	30	6.04000000e+02
5.41341870e+00	2022-05-17T19:22:40.651637	31	6.08000000e+02
5.42158860e+00	2022-05-17T19:22:40.667749	32	6.00000000e+02
5.43013920e+00	2022-05-17T19:22:40.674231	33	6.00000000e+02
5.45596340e+00	2022-05-17T19:22:40.705477	34	6.00000000e+02
5.47160070e+00	2022-05-17T19:22:40.721139	35	6.00000000e+02
5.47676240e+00	2022-05-17T19:22:40.721139	36	6.08000000e+02
5.48724680e+00	2022-05-17T19:22:40.736720	37	6.47000000e+02
5.49894510e+00	2022-05-17T19:22:40.736720	38	6.54000000e+02
5.51990930e+00	2022-05-17T19:22:40.767962	39	6.01000000e+02
5.53808930e+00	2022-05-17T19:22:40.774510	40	6.16000000e+02
5.54834460e+00	2022-05-17T19:22:40.790560	41	6.00000000e+02
5.57584380e+00	2022-05-17T19:22:40.821382	42	6.00000000e+02
5.58377400e+00	2022-05-17T19:22:40.821382	43	5.99000000e+02
5.59754550e+00	2022-05-17T19:22:40.837045	44	6.27000000e+02
5.60523110e+00	2022-05-17T19:22:40.853194	45	6.03000000e+02
5.61411050e+00	2022-05-17T19:22:40.853194	46	6.00000000e+02
5.63340420e+00	2022-05-17T19:22:40.874574	47	5.99000000e+02
5.65241790e+00	2022-05-17T19:22:40.890199	48	6.04000000e+02
5.66330430e+00	2022-05-17T19:22:40.906138	49	5.99000000e+02
5.68008830e+00	2022-05-17T19:22:40.921441	50	6.16000000e+02
5.69045940e+00	2022-05-17T19:22:40.937063	51	6.18000000e+02
5.70806690e+00	2022-05-17T19:22:40.952723	52	6.05000000e+02
5.71578070e+00	2022-05-17T19:22:40.952723	53	6.12000000e+02
5.72477150e+00	2022-05-17T19:22:40.974810	54	6.05000000e+02
5.73268970e+00	2022-05-17T19:22:40.974810	55	6.02000000e+02
5.75538480e+00	2022-05-17T19:22:40.990434	56	6.04000000e+02
5.77274450e+00	2022-05-17T19:22:41.021719	57	6.07000000e+02
5.77708820e+00	2022-05-17T19:22:41.021719	58	6.00000000e+02
5.78651090e+00	2022-05-17T19:22:41.021719	59	6.00000000e+02
5.79810600e+00	2022-05-17T19:22:41.037682	60	6.02000000e+02
5.81962410e+00	2022-05-17T19:22:41.068541	61	5.98000000e+02
5.83798160e+00	2022-05-17T19:22:41.075086	62	6.07000000e+02
5.84334250e+00	2022-05-17T19:22:41.090726	63	6.39000000e+02
5.85161760e+00	2022-05-17T19:22:41.090726	64	6.02000000e+02
5.87483310e+00	2022-05-17T19:22:41.121953	65	5.98000000e+02
5.89381410e+00	2022-05-17T19:22:41.137615	66	5.99000000e+02
5.90533190e+00	2022-05-17T19:22:41.153696	67	6.56000000e+02
5.91382050e+00	2022-05-17T19:22:41.153696	68	6.39000000e+02
5.93599660e+00	2022-05-17T19:22:41.175312	69	5.98000000e+02
5.95532180e+00	2022-05-17T19:22:41.190962	70	5.99000000e+02
5.96562050e+00	2022-05-17T19:22:41.206966	71	6.08000000e+02
5.99168140e+00	2022-05-17T19:22:41.237801	72	6.03000000e+02
6.01145250e+00	2022-05-17T19:22:41.253458	73	5.98000000e+02
6.02338600e+00	2022-05-17T19:22:41.269407	74	6.03000000e+02
6.03247550e+00	2022-05-17T19:22:41.275868	75	6.00000000e+02
6.05709830e+00	2022-05-17T19:22:41.307174	76	5.98000000e+02
6.06803270e+00	2022-05-17T19:22:41.307678	77	6.06000000e+02
6.07611530e+00	2022-05-17T19:22:41.323339	78	6.01000000e+02
6.08460290e+00	2022-05-17T19:22:41.323339	79	6.09000000e+02
6.09359140e+00	2022-05-17T19:22:41.339452	80	5.99000000e+02
6.10557280e+00	2022-05-17T19:22:41.354545	81	6.03000000e+02
6.11416910e+00	2022-05-17T19:22:41.354545	82	6.06000000e+02
6.13796170e+00	2022-05-17T19:22:41.376116	83	5.99000000e+02
6.13938250e+00	2022-05-17T19:22:41.376116	84	6.03000000e+02
6.15893830e+00	2022-05-17T19:22:41.407363	85	6.01000000e+02
6.17101520e+00	2022-05-17T19:22:41.407363	86	5.99000000e+02
6.17983790e+00	2022-05-17T19:22:41.423457	87	6.00000000e+02
6.19972930e+00	2022-05-17T19:22:41.439081	88	6.00000000e+02
6.22334360e+00	2022-05-17T19:22:41.469885	89	6.02000000e+02
6.23399480e+00	2022-05-17T19:22:41.476679	90	6.03000000e+02
6.24457260e+00	2022-05-17T19:22:41.493864	91	6.11000000e+02
6.25301990e+00	2022-05-17T19:22:41.493864	92	6.00000000e+02
6.27425560e+00	2022-05-17T19:22:41.510110	93	6.11000000e+02
6.28755250e+00	2022-05-17T19:22:41.525111	94	6.00000000e+02
6.29784730e+00	2022-05-17T19:22:41.540772	95	6.01000000e+02
6.30671700e+00	2022-05-17T19:22:41.556353	96	5.99000000e+02
6.31843320e+00	2022-05-17T19:22:41.556353	97	6.01000000e+02
6.34018350e+00	2022-05-17T19:22:41.577013	98	6.14000000e+02
6.35854120e+00	2022-05-17T19:22:41.608294	99	5.99000000e+02
6.36345810e+00	2022-05-17T19:22:41.608294	100	5.99000000e+02
6.37191490e+00	2022-05-17T19:22:41.608294	101	6.01000000e+02
6.38390690e+00	2022-05-17T19:22:41.624345	102	6.46000000e+02
6.40531380e+00	2022-05-17T19:22:41.655122	103	5.98000000e+02
6.42145530e+00	2022-05-17T19:22:41.670781	104	6.03000000e+02
6.42862280e+00	2022-05-17T19:22:41.677640	105	6.05000000e+02
6.43737830e+00	2022-05-17T19:22:41.677640	106	6.00000000e+02
6.44892410e+00	2022-05-17T19:22:41.693865	107	6.01000000e+02
6.45793190e+00	2022-05-17T19:22:41.693865	108	6.00000000e+02
6.46992270e+00	2022-05-17T19:22:41.708892	109	6.20000000e+02
6.48988100e+00	2022-05-17T19:22:41.740128	110	6.00000000e+02
6.50985250e+00	2022-05-17T19:22:41.755789	111	6.28000000e+02
6.51929090e+00	2022-05-17T19:22:41.755789	112	5.99000000e+02
6.52756170e+00	2022-05-17T19:22:41.777845	113	6.22000000e+02
6.53564680e+00	2022-05-17T19:22:41.777845	114	6.02000000e+02
6.55046810e+00	2022-05-17T19:22:41.793470	115	6.10000000e+02
6.56017240e+00	2022-05-17T19:22:41.809091	116	5.99000000e+02
6.58048040e+00	2022-05-17T19:22:41.824757	117	6.47000000e+02
6.58891310e+00	2022-05-17T19:22:41.824757	118	6.56000000e+02
6.59712390e+00	2022-05-17T19:22:41.840755	119	5.99000000e+02
6.62350420e+00	2022-05-17T19:22:41.871577	120	5.99000000e+02
6.63710910e+00	2022-05-17T19:22:41.878121	121	6.00000000e+02
6.64184560e+00	2022-05-17T19:22:41.878121	122	6.00000000e+02
6.64996280e+00	2022-05-17T19:22:41.893781	123	6.00000000e+02
6.65859990e+00	2022-05-17T19:22:41.893781	124	6.01000000e+02
6.67068980e+00	2022-05-17T19:22:41.909761	125	6.06000000e+02
6.69353090e+00	2022-05-17T19:22:41.940609	126	6.08000000e+02
6.70715740e+00	2022-05-17T19:22:41.956231	127	6.07000000e+02
6.71521120e+00	2022-05-17T19:22:41.956231	128	6.02000000e+02
6.72399750e+00	2022-05-17T19:22:41.972489	129	6.02000000e+02
6.73165170e+00	2022-05-17T19:22:41.978535	130	6.05000000e+02
6.74045160e+00	2022-05-17T19:22:41.978535	131	6.03000000e+02
6.76208280e+00	2022-05-17T19:22:42.009781	132	6.02000000e+02
6.78148410e+00	2022-05-17T19:22:42.025440	133	6.00000000e+02
6.78536580e+00	2022-05-17T19:22:42.025440	134	6.02000000e+02
6.79388240e+00	2022-05-17T19:22:42.041614	135	5.99000000e+02
6.80585840e+00	2022-05-17T19:22:42.041614	136	6.02000000e+02
6.82486920e+00	2022-05-17T19:22:42.072266	137	6.50000000e+02
6.83975710e+00	2022-05-17T19:22:42.078770	138	6.56000000e+02
6.85090960e+00	2022-05-17T19:22:42.094439	139	6.00000000e+02
6.85929570e+00	2022-05-17T19:22:42.094439	140	6.09000000e+02
6.87138330e+00	2022-05-17T19:22:42.110427	141	5.99000000e+02
6.89383580e+00	2022-05-17T19:22:42.141259	142	6.02000000e+02
6.91444110e+00	2022-05-17T19:22:42.156917	143	5.98000000e+02
6.92035980e+00	2022-05-17T19:22:42.156917	144	6.00000000e+02
6.92893270e+00	2022-05-17T19:22:42.178983	145	6.02000000e+02
6.93693100e+00	2022-05-17T19:22:42.178983	146	6.00000000e+02
6.95304760e+00	2022-05-17T19:22:42.194610	147	6.02000000e+02
6.95921560e+00	2022-05-17T19:22:42.194610	148	6.01000000e+02
6.96992690e+00	2022-05-17T19:22:42.210231	149	6.01000000e+02
6.98447360e+00	2022-05-17T19:22:42.225893	150	6.01000000e+02
6.99432730e+00	2022-05-17T19:22:42.241965	151	5.99000000e+02
7.00253500e+00	2022-05-17T19:22:42.241965	152	6.26000000e+02
7.02534580e+00	2022-05-17T19:22:42.272716	153	6.03000000e+02
7.04610830e+00	2022-05-17T19:22:42.294889	154	5.99000000e+02
7.05581130e+00	2022-05-17T19:22:42.294889	155	6.01000000e+02
7.06335610e+00	2022-05-17T19:22:42.311196	156	6.03000000e+02
7.07226690e+00	2022-05-17T19:22:42.311196	157	5.99000000e+02
7.09607310e+00	2022-05-17T19:22:42.342441	158	5.99000000e+02
7.10847220e+00	2022-05-17T19:22:42.358064	159	5.99000000e+02
7.11685920e+00	2022-05-17T19:22:42.358064	160	6.10000000e+02
7.12826680e+00	2022-05-17T19:22:42.373722	161	6.03000000e+02
7.13762570e+00	2022-05-17T19:22:42.379269	162	6.02000000e+02
7.14619320e+00	2022-05-17T19:22:42.394895	163	6.00000000e+02
7.15803210e+00	2022-05-17T19:22:42.394895	164	6.05000000e+02
7.17861670e+00	2022-05-17T19:22:42.426137	165	5.99000000e+02
7.19423080e+00	2022-05-17T19:22:42.441787	166	6.07000000e+02
7.20239320e+00	2022-05-17T19:22:42.441787	167	5.98000000e+02
7.21146870e+00	2022-05-17T19:22:42.457962	168	6.23000000e+02
7.22013620e+00	2022-05-17T19:22:42.457962	169	6.54000000e+02
7.24162890e+00	2022-05-17T19:22:42.479493	170	6.22000000e+02
7.26178690e+00	2022-05-17T19:22:42.511450	171	6.43000000e+02
7.26850240e+00	2022-05-17T19:22:42.511450	172	6.02000000e+02
7.27731680e+00	2022-05-17T19:22:42.527026	173	6.00000000e+02
7.28921640e+00	2022-05-17T19:22:42.527026	174	6.00000000e+02
7.30471150e+00	2022-05-17T19:22:42.543161	175	5.98000000e+02
7.31300400e+00	2022-05-17T19:22:42.558269	176	6.06000000e+02
7.33323690e+00	2022-05-17T19:22:42.579475	177	6.49000000e+02
7.34251010e+00	2022-05-17T19:22:42.579475	178	5.99000000e+02
7.35060500e+00	2022-05-17T19:22:42.595381	179	6.00000000e+02
7.35900940e+00	2022-05-17T19:22:42.595381	180	6.04000000e+02
7.38002980e+00	2022-05-17T19:22:42.626343	181	5.98000000e+02
7.39542790e+00	2022-05-17T19:22:42.642000	182	6.03000000e+02
7.40341980e+00	2022-05-17T19:22:42.642000	183	6.03000000e+02
7.41232710e+00	2022-05-17T19:22:42.658134	184	6.50000000e+02
7.44037120e+00	2022-05-17T19:22:42.679438	185	6.04000000e+02
7.44247710e+00	2022-05-17T19:22:42.679438	186	6.53000000e+02
7.46139270e+00	2022-05-17T19:22:42.710728	187	5.98000000e+02
7.46936160e+00	2022-05-17T19:22:42.710728	188	6.02000000e+02
7.47783320e+00	2022-05-17T19:22:42.726769	189	6.14000000e+02
7.48983260e+00	2022-05-17T19:22:42.726769	190	6.02000000e+02
7.51043910e+00	2022-05-17T19:22:42.757553	191	5.99000000e+02
7.53093880e+00	2022-05-17T19:22:42.779758	192	6.20000000e+02
7.53488780e+00	2022-05-17T19:22:42.779758	193	6.01000000e+02
7.54330850e+00	2022-05-17T19:22:42.779758	194	6.08000000e+02
7.55522450e+00	2022-05-17T19:22:42.795400	195	6.03000000e+02
7.57999350e+00	2022-05-17T19:22:42.826627	196	5.98000000e+02
7.60061830e+00	2022-05-17T19:22:42.842286	197	5.98000000e+02
7.60381430e+00	2022-05-17T19:22:42.842286	198	6.07000000e+02
7.61339120e+00	2022-05-17T19:22:42.858321	199	6.00000000e+02
7.64052540e+00	2022-05-17T19:22:42.880065	200	6.01000000e+02
7.64172390e+00	2022-05-17T19:22:42.880065	201	6.12000000e+02
7.66375350e+00	2022-05-17T19:22:42.911357	202	5.99000000e+02
7.67426170e+00	2022-05-17T19:22:42.911357	203	6.03000000e+02
7.68189220e+00	2022-05-17T19:22:42.927436	204	6.07000000e+02
7.69086040e+00	2022-05-17T19:22:42.927436	205	5.99000000e+02
7.71137050e+00	2022-05-17T19:22:42.958175	206	6.00000000e+02
7.72802610e+00	2022-05-17T19:22:42.973826	207	6.17000000e+02
7.73967910e+00	2022-05-17T19:22:42.980370	208	6.01000000e+02
7.74757280e+00	2022-05-17T19:22:42.996280	209	6.00000000e+02
7.75627050e+00	2022-05-17T19:22:42.996280	210	6.01000000e+02
7.77748210e+00	2022-05-17T19:22:43.027237	211	5.99000000e+02
7.79889110e+00	2022-05-17T19:22:43.042858	212	5.99000000e+02
7.80529890e+00	2022-05-17T19:22:43.042858	213	6.00000000e+02
7.81298500e+00	2022-05-17T19:22:43.058994	214	5.99000000e+02
7.82182540e+00	2022-05-17T19:22:43.058994	215	6.00000000e+02
7.84024410e+00	2022-05-17T19:22:43.080618	216	6.01000000e+02
7.85655840e+00	2022-05-17T19:22:43.096244	217	6.04000000e+02
7.86662410e+00	2022-05-17T19:22:43.111865	218	6.01000000e+02
7.87502170e+00	2022-05-17T19:22:43.111865	219	6.08000000e+02
7.88710510e+00	2022-05-17T19:22:43.127974	220	5.99000000e+02
7.90946310e+00	2022-05-17T19:22:43.158729	221	5.99000000e+02
7.93048840e+00	2022-05-17T19:22:43.174387	222	5.98000000e+02
7.94073610e+00	2022-05-17T19:22:43.180893	223	6.01000000e+02
7.95265620e+00	2022-05-17T19:22:43.196810	224	6.00000000e+02
7.96117250e+00	2022-05-17T19:22:43.196810	225	6.03000000e+02
7.97931580e+00	2022-05-17T19:22:43.227760	226	6.08000000e+02
7.99910790e+00	2022-05-17T19:22:43.243381	227	6.56000000e+02
8.00591770e+00	2022-05-17T19:22:43.243381	228	6.00000000e+02
8.01398890e+00	2022-05-17T19:22:43.259515	229	6.00000000e+02
8.02249940e+00	2022-05-17T19:22:43.259515	230	6.03000000e+02
8.04033610e+00	2022-05-17T19:22:43.281143	231	5.98000000e+02
8.06286630e+00	2022-05-17T19:22:43.312583	232	5.99000000e+02
8.06693620e+00	2022-05-17T19:22:43.312583	233	5.99000000e+02
8.07578920e+00	2022-05-17T19:22:43.312583	234	6.56000000e+02
8.08816510e+00	2022-05-17T19:22:43.328409	235	6.00000000e+02
8.11051060e+00	2022-05-17T19:22:43.359449	236	6.00000000e+02
8.12571570e+00	2022-05-17T19:22:43.375070	237	5.99000000e+02
8.13941460e+00	2022-05-17T19:22:43.381573	238	6.09000000e+02
8.14930260e+00	2022-05-17T19:22:43.397200	239	6.03000000e+02
8.15757780e+00	2022-05-17T19:22:43.397200	240	6.00000000e+02
8.18294430e+00	2022-05-17T19:22:43.428441	241	5.98000000e+02
8.19843670e+00	2022-05-17T19:22:43.444099	242	5.99000000e+02
8.20623360e+00	2022-05-17T19:22:43.444099	243	6.00000000e+02
8.21461890e+00	2022-05-17T19:22:43.460191	244	6.08000000e+02
8.22324940e+00	2022-05-17T19:22:43.460191	245	6.21000000e+02
8.24195130e+00	2022-05-17T19:22:43.481809	246	5.99000000e+02
8.26387900e+00	2022-05-17T19:22:43.513676	247	6.54000000e+02
8.26751030e+00	2022-05-17T19:22:43.513676	248	6.02000000e+02
8.27645590e+00	2022-05-17T19:22:43.513676	249	6.00000000e+02
8.28815980e+00	2022-05-17T19:22:43.529295	250	6.00000000e+02
8.31107500e+00	2022-05-17T19:22:43.560538	251	6.08000000e+02
8.31939670e+00	2022-05-17T19:22:43.560538	252	6.00000000e+02
8.33014460e+00	2022-05-17T19:22:43.576195	253	6.07000000e+02
8.34163860e+00	2022-05-17T19:22:43.581738	254	6.02000000e+02
8.34996000e+00	2022-05-17T19:22:43.597630	255	6.47000000e+02
8.35836140e+00	2022-05-17T19:22:43.597630	256	5.99000000e+02
8.37602990e+00	2022-05-17T19:22:43.613277	257	6.06000000e+02
8.38229010e+00	2022-05-17T19:22:43.628605	258	6.09000000e+02
8.40357190e+00	2022-05-17T19:22:43.644266	259	6.52000000e+02
8.41537750e+00	2022-05-17T19:22:43.660453	260	6.56000000e+02
8.42387100e+00	2022-05-17T19:22:43.660453	261	5.99000000e+02
8.44164540e+00	2022-05-17T19:22:43.681955	262	6.51000000e+02
8.45865980e+00	2022-05-17T19:22:43.697621	263	6.01000000e+02
8.46874330e+00	2022-05-17T19:22:43.713203	264	6.00000000e+02
8.47698540e+00	2022-05-17T19:22:43.713203	265	6.00000000e+02
8.48524630e+00	2022-05-17T19:22:43.728823	266	6.01000000e+02
8.49350520e+00	2022-05-17T19:22:43.728823	267	6.18000000e+02
8.51209520e+00	2022-05-17T19:22:43.760065	268	5.99000000e+02
8.53413290e+00	2022-05-17T19:22:43.782267	269	6.06000000e+02
8.53837020e+00	2022-05-17T19:22:43.782267	270	6.20000000e+02
8.54612390e+00	2022-05-17T19:22:43.782267	271	6.56000000e+02
8.55489590e+00	2022-05-17T19:22:43.798340	272	5.99000000e+02
8.57990130e+00	2022-05-17T19:22:43.829136	273	5.99000000e+02
8.60192000e+00	2022-05-17T19:22:43.844794	274	6.03000000e+02
8.60781680e+00	2022-05-17T19:22:43.844794	275	6.09000000e+02
8.61620950e+00	2022-05-17T19:22:43.860875	276	5.99000000e+02
8.62461820e+00	2022-05-17T19:22:43.860875	277	6.02000000e+02
8.64221900e+00	2022-05-17T19:22:43.882422	278	6.00000000e+02
8.66398270e+00	2022-05-17T19:22:43.913717	279	6.08000000e+02
8.66945760e+00	2022-05-17T19:22:43.913717	280	5.99000000e+02
8.67795090e+00	2022-05-17T19:22:43.913717	281	6.12000000e+02
8.69013840e+00	2022-05-17T19:22:43.929376	282	6.01000000e+02
8.71190330e+00	2022-05-17T19:22:43.960532	283	6.51000000e+02
8.73421510e+00	2022-05-17T19:22:43.982702	284	6.03000000e+02
8.74340060e+00	2022-05-17T19:22:43.982702	285	5.99000000e+02
8.75591610e+00	2022-05-17T19:22:43.998809	286	6.07000000e+02
8.78021140e+00	2022-05-17T19:22:44.029570	287	6.54000000e+02
8.80249230e+00	2022-05-17T19:22:44.045233	288	6.56000000e+02
8.80869510e+00	2022-05-17T19:22:44.045233	289	6.16000000e+02
8.81694790e+00	2022-05-17T19:22:44.061294	290	6.00000000e+02
8.82527980e+00	2022-05-17T19:22:44.061294	291	5.99000000e+02
8.84550910e+00	2022-05-17T19:22:44.082878	292	6.05000000e+02
8.86806940e+00	2022-05-17T19:22:44.114168	293	6.53000000e+02
8.87852140e+00	2022-05-17T19:22:44.114168	294	6.00000000e+02
8.89064540e+00	2022-05-17T19:22:44.129745	295	6.16000000e+02
8.91357000e+00	2022-05-17T19:22:44.160992	296	5.99000000e+02
8.93612320e+00	2022-05-17T19:22:44.183197	297	5.98000000e+02
8.94924650e+00	2022-05-17T19:22:44.198827	298	6.14000000e+02
8.96036570e+00	2022-05-17T19:22:44.198827	299	6.01000000e+02
8.98105900e+00	2022-05-17T19:22:44.230065	300	5.99000000e+02
8.99817640e+00	2022-05-17T19:22:44.245723	301	6.05000000e+02
9.00967600e+00	2022-05-17T19:22:44.245723	302	6.08000000e+02
9.02166630e+00	2022-05-17T19:22:44.261307	303	6.00000000e+02
9.04516550e+00	2022-05-17T19:22:44.283552	304	6.52000000e+02
9.06822550e+00	2022-05-17T19:22:44.315430	305	6.09000000e+02
9.07912760e+00	2022-05-17T19:22:44.315430	306	6.06000000e+02
9.08736360e+00	2022-05-17T19:22:44.331522	307	6.00000000e+02
9.11244370e+00	2022-05-17T19:22:44.362295	308	6.05000000e+02
9.13072070e+00	2022-05-17T19:22:44.377955	309	6.08000000e+02
9.14045910e+00	2022-05-17T19:22:44.383502	310	6.00000000e+02
9.14844230e+00	2022-05-17T19:22:44.383502	311	6.03000000e+02
9.15690240e+00	2022-05-17T19:22:44.399129	312	6.57000000e+02
9.16468540e+00	2022-05-17T19:22:44.414750	313	6.06000000e+02
9.18130440e+00	2022-05-17T19:22:44.430373	314	6.52000000e+02
9.20441770e+00	2022-05-17T19:22:44.446029	315	5.99000000e+02
9.21397140e+00	2022-05-17T19:22:44.461614	316	6.00000000e+02
9.22255310e+00	2022-05-17T19:22:44.461614	317	6.05000000e+02
9.24512490e+00	2022-05-17T19:22:44.483835	318	6.00000000e+02
9.26875530e+00	2022-05-17T19:22:44.516230	319	5.99000000e+02
9.27951030e+00	2022-05-17T19:22:44.516230	320	6.02000000e+02
9.28805760e+00	2022-05-17T19:22:44.532119	321	6.03000000e+02
9.29595260e+00	2022-05-17T19:22:44.532119	322	6.00000000e+02
9.31475860e+00	2022-05-17T19:22:44.563046	323	6.03000000e+02
9.33810730e+00	2022-05-17T19:22:44.583753	324	5.99000000e+02
9.34939260e+00	2022-05-17T19:22:44.599377	325	6.12000000e+02
9.35766210e+00	2022-05-17T19:22:44.599377	326	6.00000000e+02
9.36587440e+00	2022-05-17T19:22:44.614999	327	6.06000000e+02
9.38166990e+00	2022-05-17T19:22:44.630621	328	6.01000000e+02
9.40540140e+00	2022-05-17T19:22:44.646280	329	6.01000000e+02
9.41077910e+00	2022-05-17T19:22:44.646280	330	6.00000000e+02
9.41911650e+00	2022-05-17T19:22:44.662154	331	6.00000000e+02
9.44508300e+00	2022-05-17T19:22:44.683850	332	6.01000000e+02
9.46530150e+00	2022-05-17T19:22:44.715133	333	6.06000000e+02
9.47205180e+00	2022-05-17T19:22:44.715133	334	6.53000000e+02
9.48023030e+00	2022-05-17T19:22:44.715133	335	5.99000000e+02
9.48881910e+00	2022-05-17T19:22:44.730717	336	5.99000000e+02
9.51393580e+00	2022-05-17T19:22:44.761960	337	6.09000000e+02
9.53216990e+00	2022-05-17T19:22:44.777581	338	6.00000000e+02
9.53970520e+00	2022-05-17T19:22:44.784123	339	6.04000000e+02
9.55023780e+00	2022-05-17T19:22:44.799748	340	6.14000000e+02
9.56245700e+00	2022-05-17T19:22:44.799748	341	6.00000000e+02
9.58408440e+00	2022-05-17T19:22:44.830990	342	6.56000000e+02
9.60600060e+00	2022-05-17T19:22:44.846647	343	5.99000000e+02
9.61122080e+00	2022-05-17T19:22:44.846647	344	6.02000000e+02
9.61986770e+00	2022-05-17T19:22:44.862630	345	6.02000000e+02
9.63756350e+00	2022-05-17T19:22:44.884387	346	5.99000000e+02
9.64760060e+00	2022-05-17T19:22:44.884387	347	5.96000000e+02
9.66600140e+00	2022-05-17T19:22:44.915671	348	5.98000000e+02
9.66789970e+00	2022-05-17T19:22:44.915671	349	5.96000000e+02
9.67620990e+00	2022-05-17T19:22:44.915671	350	6.00000000e+02
9.68513160e+00	2022-05-17T19:22:44.931718	351	6.00000000e+02
9.69344410e+00	2022-05-17T19:22:44.931718	352	6.46000000e+02
9.71392780e+00	2022-05-17T19:22:44.962497	353	6.52000000e+02
9.73892670e+00	2022-05-17T19:22:44.984661	354	6.00000000e+02
9.74250120e+00	2022-05-17T19:22:44.984661	355	6.12000000e+02
9.75086770e+00	2022-05-17T19:22:45.000285	356	6.00000000e+02
9.76288700e+00	2022-05-17T19:22:45.000285	357	6.01000000e+02
9.78442500e+00	2022-05-17T19:22:45.031528	358	6.08000000e+02
9.80305910e+00	2022-05-17T19:22:45.047188	359	5.98000000e+02
9.81167460e+00	2022-05-17T19:22:45.047188	360	6.54000000e+02
9.82053670e+00	2022-05-17T19:22:45.063135	361	6.08000000e+02
9.83952760e+00	2022-05-17T19:22:45.084931	362	5.98000000e+02
9.84815580e+00	2022-05-17T19:22:45.084931	363	6.02000000e+02
9.87358640e+00	2022-05-17T19:22:45.116177	364	5.99000000e+02
9.88170870e+00	2022-05-17T19:22:45.131798	365	6.00000000e+02
9.89009600e+00	2022-05-17T19:22:45.131798	366	6.02000000e+02
9.89766050e+00	2022-05-17T19:22:45.147419	367	6.09000000e+02
9.91439960e+00	2022-05-17T19:22:45.163041	368	5.98000000e+02
9.93927820e+00	2022-05-17T19:22:45.185240	369	6.56000000e+02
9.94255470e+00	2022-05-17T19:22:45.185240	370	6.06000000e+02
9.95205420e+00	2022-05-17T19:22:45.200864	371	6.56000000e+02
9.96518300e+00	2022-05-17T19:22:45.200864	372	6.08000000e+02
9.98435930e+00	2022-05-17T19:22:45.232107	373	6.12000000e+02
1.00040912e+01	2022-05-17T19:22:45.247774	374	6.01000000e+02
1.00121025e+01	2022-05-17T19:22:45.247774	375	5.96000000e+02
1.00211884e+01	2022-05-17T19:22:45.263776	376	6.01000000e+02
1.00475463e+01	2022-05-17T19:22:45.285272	377	6.02000000e+02
1.00579609e+01	2022-05-17T19:22:45.300896	378	6.01000000e+02
1.00707276e+01	2022-05-17T19:22:45.318151	379	5.98000000e+02
1.00824862e+01	2022-05-17T19:22:45.318151	380	6.00000000e+02
1.00907955e+01	2022-05-17T19:22:45.334189	381	6.10000000e+02
1.01123404e+01	2022-05-17T19:22:45.349918	382	5.99000000e+02
1.01270237e+01	2022-05-17T19:22:45.365054	383	6.05000000e+02
1.01407016e+01	2022-05-17T19:22:45.385226	384	6.03000000e+02
1.01522493e+01	2022-05-17T19:22:45.401150	385	6.00000000e+02
1.01641336e+01	2022-05-17T19:22:45.401150	386	6.04000000e+02
1.01857085e+01	2022-05-17T19:22:45.432094	387	5.98000000e+02
1.02103268e+01	2022-05-17T19:22:45.447753	388	6.09000000e+02
1.02127964e+01	2022-05-17T19:22:45.447753	389	6.08000000e+02
1.02218608e+01	2022-05-17T19:22:45.463336	390	6.02000000e+02
1.02471325e+01	2022-05-17T19:22:45.485204	391	6.01000000e+02
1.02698323e+01	2022-05-17T19:22:45.519650	392	5.98000000e+02
1.02787550e+01	2022-05-17T19:22:45.519650	393	6.01000000e+02
1.02869968e+01	2022-05-17T19:22:45.535871	394	6.09000000e+02
1.02959022e+01	2022-05-17T19:22:45.535871	395	6.10000000e+02
1.03183375e+01	2022-05-17T19:22:45.566478	396	6.01000000e+02
1.03383163e+01	2022-05-17T19:22:45.585181	397	5.99000000e+02
1.03466021e+01	2022-05-17T19:22:45.585181	398	5.98000000e+02
1.03567599e+01	2022-05-17T19:22:45.601124	399	5.99000000e+02
1.03649841e+01	2022-05-17T19:22:45.601124	400	6.13000000e+02
1.03869490e+01	2022-05-17T19:22:45.632049	401	5.98000000e+02
1.04135424e+01	2022-05-17T19:22:45.663295	402	6.56000000e+02
1.04218149e+01	2022-05-17T19:22:45.663295	403	5.99000000e+02
1.04303740e+01	2022-05-17T19:22:45.679207	404	6.10000000e+02
1.04389252e+01	2022-05-17T19:22:45.685791	405	6.07000000e+02
1.04481212e+01	2022-05-17T19:22:45.685791	406	6.04000000e+02
1.04697162e+01	2022-05-17T19:22:45.717037	407	5.99000000e+02
1.04943964e+01	2022-05-17T19:22:45.732696	408	6.03000000e+02
1.05001254e+01	2022-05-17T19:22:45.748786	409	5.99000000e+02
1.05086311e+01	2022-05-17T19:22:45.748786	410	5.99000000e+02
1.05320596e+01	2022-05-17T19:22:45.779523	411	5.98000000e+02
1.05454389e+01	2022-05-17T19:22:45.786027	412	5.96000000e+02
1.05602447e+01	2022-05-17T19:22:45.801689	413	5.95000000e+02
1.05657990e+01	2022-05-17T19:22:45.801689	414	6.52000000e+02
1.05741303e+01	2022-05-17T19:22:45.817711	415	5.97000000e+02
1.05984186e+01	2022-05-17T19:22:45.848516	416	6.53000000e+02
1.06010134e+01	2022-05-17T19:22:45.848516	417	6.12000000e+02
1.06261544e+01	2022-05-17T19:22:45.864176	418	5.99000000e+02
1.06307073e+01	2022-05-17T19:22:45.879758	419	6.02000000e+02
1.06395214e+01	2022-05-17T19:22:45.886856	420	6.01000000e+02
1.06488958e+01	2022-05-17T19:22:45.886856	421	6.10000000e+02
1.06676991e+01	2022-05-17T19:22:45.903013	422	6.02000000e+02
1.06933446e+01	2022-05-17T19:22:45.933760	423	5.98000000e+02
1.07054468e+01	2022-05-17T19:22:45.949946	424	6.20000000e+02
1.07310596e+01	2022-05-17T19:22:45.980587	425	6.00000000e+02
1.07557760e+01	2022-05-17T19:22:46.002760	426	5.99000000e+02
1.07665085e+01	2022-05-17T19:22:46.002760	427	5.99000000e+02
1.07748063e+01	2022-05-17T19:22:46.018799	428	5.99000000e+02
1.07991822e+01	2022-05-17T19:22:46.034445	429	6.06000000e+02
1.08185835e+01	2022-05-17T19:22:46.065239	430	6.04000000e+02
1.08262538e+01	2022-05-17T19:22:46.065239	431	6.54000000e+02
1.08361946e+01	2022-05-17T19:22:46.080901	432	6.16000000e+02
1.08449290e+01	2022-05-17T19:22:46.087812	433	6.51000000e+02
1.08679641e+01	2022-05-17T19:22:46.103902	434	5.98000000e+02
1.08879837e+01	2022-05-17T19:22:46.134718	435	6.05000000e+02
1.08968804e+01	2022-05-17T19:22:46.134718	436	6.00000000e+02
1.09058422e+01	2022-05-17T19:22:46.150826	437	6.02000000e+02
1.09137834e+01	2022-05-17T19:22:46.150826	438	6.01000000e+02
1.09322699e+01	2022-05-17T19:22:46.181543	439	5.99000000e+02
1.09541575e+01	2022-05-17T19:22:46.203710	440	6.03000000e+02
1.09628618e+01	2022-05-17T19:22:46.203710	441	6.43000000e+02
1.09710328e+01	2022-05-17T19:22:46.219934	442	5.99000000e+02
1.09794924e+01	2022-05-17T19:22:46.219934	443	6.51000000e+02
1.10006854e+01	2022-05-17T19:22:46.250539	444	5.99000000e+02
1.10211051e+01	2022-05-17T19:22:46.266195	445	6.08000000e+02
1.10326788e+01	2022-05-17T19:22:46.281778	446	6.01000000e+02
1.10406868e+01	2022-05-17T19:22:46.288806	447	5.99000000e+02
1.10490030e+01	2022-05-17T19:22:46.288806	448	5.99000000e+02
1.10720965e+01	2022-05-17T19:22:46.310571	449	5.99000000e+02
1.10968452e+01	2022-05-17T19:22:46.341855	450	6.03000000e+02
1.11065367e+01	2022-05-17T19:22:46.341855	451	6.08000000e+02
1.11145831e+01	2022-05-17T19:22:46.357819	452	5.97000000e+02
1.11230275e+01	2022-05-17T19:22:46.373059	453	6.52000000e+02
1.11387163e+01	2022-05-17T19:22:46.388681	454	6.52000000e+02
1.11588935e+01	2022-05-17T19:22:46.404339	455	5.99000000e+02
1.11670849e+01	2022-05-17T19:22:46.404339	456	6.00000000e+02
1.11755813e+01	2022-05-17T19:22:46.420423	457	6.54000000e+02
1.11843927e+01	2022-05-17T19:22:46.420423	458	6.54000000e+02
1.12027001e+01	2022-05-17T19:22:46.451166	459	5.98000000e+02
1.12283079e+01	2022-05-17T19:22:46.466824	460	6.28000000e+02
1.12375871e+01	2022-05-17T19:22:46.482442	461	6.01000000e+02
1.12456962e+01	2022-05-17T19:22:46.489357	462	6.00000000e+02
1.12541081e+01	2022-05-17T19:22:46.489357	463	6.03000000e+02
1.12709766e+01	2022-05-17T19:22:46.515413	464	6.03000000e+02
1.12975663e+01	2022-05-17T19:22:46.546661	465	6.54000000e+02
1.13072155e+01	2022-05-17T19:22:46.546661	466	5.99000000e+02
1.13155607e+01	2022-05-17T19:22:46.562581	467	6.01000000e+02
1.13397584e+01	2022-05-17T19:22:46.589410	468	6.01000000e+02
1.13440013e+01	2022-05-17T19:22:46.589410	469	5.99000000e+02
1.13641505e+01	2022-05-17T19:22:46.605071	470	5.95000000e+02
1.13725254e+01	2022-05-17T19:22:46.620663	471	6.02000000e+02
1.13802625e+01	2022-05-17T19:22:46.620663	472	5.97000000e+02
1.13889139e+01	2022-05-17T19:22:46.636896	473	5.97000000e+02
1.13970847e+01	2022-05-17T19:22:46.636896	474	5.96000000e+02
1.14188437e+01	2022-05-17T19:22:46.667519	475	6.00000000e+02
1.14432716e+01	2022-05-17T19:22:46.689687	476	5.94000000e+02
1.14458694e+01	2022-05-17T19:22:46.689687	477	6.54000000e+02
1.14548017e+01	2022-05-17T19:22:46.689687	478	6.13000000e+02
1.14671866e+01	2022-05-17T19:22:46.705312	479	6.05000000e+02
1.14887933e+01	2022-05-17T19:22:46.736555	480	6.52000000e+02
1.15145982e+01	2022-05-17T19:22:46.752212	481	5.99000000e+02
1.15242781e+01	2022-05-17T19:22:46.768315	482	6.04000000e+02
1.15323942e+01	2022-05-17T19:22:46.768315	483	5.99000000e+02
1.15508963e+01	2022-05-17T19:22:46.789785	484	5.99000000e+02
1.15776048e+01	2022-05-17T19:22:46.821032	485	6.03000000e+02
1.15815139e+01	2022-05-17T19:22:46.821032	486	6.54000000e+02
1.15897154e+01	2022-05-17T19:22:46.837237	487	6.02000000e+02
1.15979029e+01	2022-05-17T19:22:46.837237	488	5.96000000e+02
1.16205887e+01	2022-05-17T19:22:46.867895	489	5.97000000e+02
1.16401396e+01	2022-05-17T19:22:46.890060	490	6.13000000e+02
1.16507493e+01	2022-05-17T19:22:46.890060	491	6.00000000e+02
1.16595669e+01	2022-05-17T19:22:46.906263	492	5.99000000e+02
1.16676381e+01	2022-05-17T19:22:46.906263	493	6.05000000e+02
1.16886025e+01	2022-05-17T19:22:46.936927	494	6.05000000e+02
1.17073427e+01	2022-05-17T19:22:46.952588	495	6.49000000e+02
1.17160559e+01	2022-05-17T19:22:46.952588	496	6.00000000e+02
1.17249440e+01	2022-05-17T19:22:46.968655	497	6.56000000e+02
1.17331352e+01	2022-05-17T19:22:46.968655	498	6.02000000e+02
1.17522147e+01	2022-05-17T19:22:46.990218	499	5.98000000e+02
1.17786841e+01	2022-05-17T19:22:47.021502	500	6.08000000e+02
1.17905525e+01	2022-05-17T19:22:47.037554	501	5.99000000e+02
1.18027291e+01	2022-05-17T19:22:47.052707	502	6.00000000e+02
1.18230836e+01	2022-05-17T19:22:47.068328	503	6.15000000e+02
1.18430140e+01	2022-05-17T19:22:47.090530	504	6.17000000e+02
1.18514738e+01	2022-05-17T19:22:47.090530	505	5.96000000e+02
1.18599968e+01	2022-05-17T19:22:47.106477	506	5.97000000e+02
1.18682186e+01	2022-05-17T19:22:47.106477	507	5.96000000e+02
1.18883003e+01	2022-05-17T19:22:47.137396	508	6.19000000e+02
1.19149355e+01	2022-05-17T19:22:47.153055	509	6.00000000e+02
1.19255862e+01	2022-05-17T19:22:47.169149	510	6.00000000e+02
1.19338613e+01	2022-05-17T19:22:47.169149	511	6.12000000e+02
1.19566960e+01	2022-05-17T19:22:47.206729	512	5.99000000e+02
1.19663152e+01	2022-05-17T19:22:47.206729	513	6.02000000e+02
1.19867728e+01	2022-05-17T19:22:47.222391	514	5.98000000e+02
1.19909163e+01	2022-05-17T19:22:47.237976	515	6.03000000e+02
1.19987758e+01	2022-05-17T19:22:47.237976	516	6.01000000e+02
1.20075439e+01	2022-05-17T19:22:47.254155	517	6.01000000e+02
1.20156956e+01	2022-05-17T19:22:47.254155	518	6.56000000e+02
1.20360156e+01	2022-05-17T19:22:47.284835	519	6.46000000e+02
1.20563305e+01	2022-05-17T19:22:47.291381	520	6.00000000e+02
1.20620978e+01	2022-05-17T19:22:47.307090	521	5.99000000e+02
1.20728160e+01	2022-05-17T19:22:47.317137	522	6.01000000e+02
1.20814552e+01	2022-05-17T19:22:47.317137	523	6.03000000e+02
1.20933520e+01	2022-05-17T19:22:47.332764	524	6.03000000e+02
1.21145074e+01	2022-05-17T19:22:47.364006	525	5.95000000e+02
1.21408623e+01	2022-05-17T19:22:47.379664	526	5.98000000e+02
1.21463049e+01	2022-05-17T19:22:47.391671	527	6.05000000e+02
1.21551042e+01	2022-05-17T19:22:47.391671	528	6.07000000e+02
1.21671714e+01	2022-05-17T19:22:47.407700	529	6.06000000e+02
1.21889625e+01	2022-05-17T19:22:47.438541	530	5.95000000e+02
1.22104695e+01	2022-05-17T19:22:47.454201	531	6.07000000e+02
1.22255749e+01	2022-05-17T19:22:47.469811	532	6.13000000e+02
1.22368932e+01	2022-05-17T19:22:47.485781	533	5.99000000e+02
1.22449959e+01	2022-05-17T19:22:47.492340	534	6.51000000e+02
1.22534350e+01	2022-05-17T19:22:47.492340	535	5.99000000e+02
1.22736200e+01	2022-05-17T19:22:47.518551	536	5.96000000e+02
1.23016667e+01	2022-05-17T19:22:47.549843	537	5.99000000e+02
1.23112069e+01	2022-05-17T19:22:47.549843	538	6.00000000e+02
1.23229429e+01	2022-05-17T19:22:47.565887	539	6.06000000e+02
1.23309888e+01	2022-05-17T19:22:47.581040	540	6.09000000e+02
1.23484983e+01	2022-05-17T19:22:47.592548	541	6.08000000e+02
1.23751776e+01	2022-05-17T19:22:47.623839	542	6.09000000e+02
1.23801098e+01	2022-05-17T19:22:47.623839	543	5.99000000e+02
1.23886022e+01	2022-05-17T19:22:47.623839	544	6.10000000e+02
1.24007507e+01	2022-05-17T19:22:47.639797	545	6.00000000e+02
1.24219081e+01	2022-05-17T19:22:47.670659	546	6.02000000e+02
1.24436254e+01	2022-05-17T19:22:47.692860	547	5.98000000e+02
1.24512715e+01	2022-05-17T19:22:47.692860	548	5.94000000e+02
1.24619337e+01	2022-05-17T19:22:47.708936	549	6.05000000e+02
1.24699809e+01	2022-05-17T19:22:47.708936	550	6.01000000e+02
1.24912881e+01	2022-05-17T19:22:47.739726	551	5.98000000e+02
1.25137306e+01	2022-05-17T19:22:47.755385	552	5.96000000e+02
1.25234975e+01	2022-05-17T19:22:47.771025	553	5.98000000e+02
1.25318166e+01	2022-05-17T19:22:47.771025	554	5.96000000e+02
1.25536965e+01	2022-05-17T19:22:47.793154	555	5.98000000e+02
1.25767102e+01	2022-05-17T19:22:47.824439	556	6.53000000e+02
1.25845290e+01	2022-05-17T19:22:47.824439	557	6.20000000e+02
1.25935621e+01	2022-05-17T19:22:47.840624	558	6.04000000e+02
1.26054303e+01	2022-05-17T19:22:47.855643	559	6.02000000e+02
1.26132330e+01	2022-05-17T19:22:47.855643	560	5.99000000e+02
1.26365802e+01	2022-05-17T19:22:47.886885	561	6.08000000e+02
1.26643480e+01	2022-05-17T19:22:47.909049	562	5.98000000e+02
1.26745455e+01	2022-05-17T19:22:47.924634	563	6.09000000e+02
1.26833005e+01	2022-05-17T19:22:47.924634	564	6.08000000e+02
1.27071409e+01	2022-05-17T19:22:47.955877	565	6.12000000e+02
1.27347601e+01	2022-05-17T19:22:47.971534	566	6.48000000e+02
1.27443542e+01	2022-05-17T19:22:47.993612	567	5.97000000e+02
1.27531520e+01	2022-05-17T19:22:47.993612	568	5.97000000e+02
1.27769589e+01	2022-05-17T19:22:48.024859	569	5.98000000e+02
1.27851393e+01	2022-05-17T19:22:48.024859	570	6.00000000e+02
1.28059624e+01	2022-05-17T19:22:48.056101	571	5.94000000e+02
1.28143122e+01	2022-05-17T19:22:48.056101	572	5.97000000e+02
1.28357751e+01	2022-05-17T19:22:48.071723	573	6.02000000e+02
1.28410378e+01	2022-05-17T19:22:48.087344	574	5.95000000e+02
1.28638863e+01	2022-05-17T19:22:48.109521	575	6.00000000e+02
1.28765818e+01	2022-05-17T19:22:48.125135	576	5.99000000e+02
1.28880800e+01	2022-05-17T19:22:48.125135	577	6.11000000e+02
1.29147128e+01	2022-05-17T19:22:48.156377	578	5.96000000e+02
1.29303658e+01	2022-05-17T19:22:48.172040	579	5.96000000e+02
1.29413525e+01	2022-05-17T19:22:48.187621	580	5.96000000e+02
1.29495529e+01	2022-05-17T19:22:48.194414	581	6.07000000e+02
1.29577782e+01	2022-05-17T19:22:48.194414	582	5.97000000e+02
1.29700359e+01	2022-05-17T19:22:48.210039	583	6.14000000e+02
1.29921628e+01	2022-05-17T19:22:48.241281	584	6.43000000e+02
1.30203148e+01	2022-05-17T19:22:48.256939	585	6.02000000e+02
1.30235240e+01	2022-05-17T19:22:48.272523	586	6.51000000e+02
1.30355279e+01	2022-05-17T19:22:48.272523	587	6.05000000e+02
1.30552722e+01	2022-05-17T19:22:48.294658	588	5.99000000e+02
1.30772653e+01	2022-05-17T19:22:48.326817	589	5.99000000e+02
1.30846292e+01	2022-05-17T19:22:48.326817	590	5.96000000e+02
1.30887291e+01	2022-05-17T19:22:48.326817	591	5.96000000e+02
1.30966234e+01	2022-05-17T19:22:48.342821	592	6.02000000e+02
1.31053847e+01	2022-05-17T19:22:48.342821	593	5.95000000e+02
1.31272476e+01	2022-05-17T19:22:48.373643	594	6.10000000e+02
1.31533070e+01	2022-05-17T19:22:48.394870	595	5.95000000e+02
1.31583705e+01	2022-05-17T19:22:48.394870	596	5.99000000e+02
1.31667090e+01	2022-05-17T19:22:48.410785	597	6.00000000e+02
1.31926303e+01	2022-05-17T19:22:48.441737	598	5.98000000e+02
1.32216751e+01	2022-05-17T19:22:48.457358	599	6.22000000e+02
1.32319234e+01	2022-05-17T19:22:48.473334	600	6.00000000e+02
1.32468923e+01	2022-05-17T19:22:48.494833	601	5.98000000e+02
1.32583001e+01	2022-05-17T19:22:48.494833	602	5.94000000e+02
1.32866490e+01	2022-05-17T19:22:48.526080	603	5.99000000e+02
1.32976101e+01	2022-05-17T19:22:48.542275	604	6.38000000e+02
1.33060357e+01	2022-05-17T19:22:48.542275	605	6.00000000e+02
1.33249722e+01	2022-05-17T19:22:48.572943	606	6.01000000e+02
1.33531642e+01	2022-05-17T19:22:48.595142	607	5.99000000e+02
1.33593291e+01	2022-05-17T19:22:48.595142	608	6.17000000e+02
1.33713768e+01	2022-05-17T19:22:48.611070	609	6.00000000e+02
1.33932623e+01	2022-05-17T19:22:48.642009	610	5.95000000e+02
1.34215201e+01	2022-05-17T19:22:48.657666	611	6.50000000e+02
1.34328080e+01	2022-05-17T19:22:48.673712	612	5.96000000e+02
1.34564605e+01	2022-05-17T19:22:48.695516	613	6.07000000e+02
1.34680863e+01	2022-05-17T19:22:48.711188	614	5.96000000e+02
1.34869397e+01	2022-05-17T19:22:48.726798	615	6.27000000e+02
1.34982958e+01	2022-05-17T19:22:48.742423	616	6.00000000e+02
1.35068728e+01	2022-05-17T19:22:48.742423	617	5.99000000e+02
1.35249515e+01	2022-05-17T19:22:48.773626	618	5.95000000e+02
1.35482167e+01	2022-05-17T19:22:48.795829	619	5.95000000e+02
1.35599246e+01	2022-05-17T19:22:48.795829	620	5.97000000e+02
1.35681131e+01	2022-05-17T19:22:48.811453	621	6.16000000e+02
1.35932203e+01	2022-05-17T19:22:48.842695	622	6.47000000e+02
1.36226757e+01	2022-05-17T19:22:48.858359	623	6.56000000e+02
1.36247512e+01	2022-05-17T19:22:48.873941	624	6.00000000e+02
1.36336184e+01	2022-05-17T19:22:48.873941	625	6.08000000e+02
1.36457426e+01	2022-05-17T19:22:48.890151	626	6.00000000e+02
1.36541213e+01	2022-05-17T19:22:48.896154	627	6.08000000e+02
1.36785105e+01	2022-05-17T19:22:48.927400	628	6.04000000e+02
1.37066684e+01	2022-05-17T19:22:48.943058	629	5.98000000e+02
1.37155290e+01	2022-05-17T19:22:48.959079	630	6.12000000e+02
1.37236877e+01	2022-05-17T19:22:48.959079	631	6.02000000e+02
1.37412049e+01	2022-05-17T19:22:48.989885	632	5.99000000e+02
1.37706019e+01	2022-05-17T19:22:49.012057	633	5.99000000e+02
1.37723816e+01	2022-05-17T19:22:49.012057	634	5.98000000e+02
1.37809599e+01	2022-05-17T19:22:49.027969	635	5.97000000e+02
1.37892856e+01	2022-05-17T19:22:49.027969	636	5.96000000e+02
1.38120088e+01	2022-05-17T19:22:49.058919	637	5.96000000e+02
1.38326125e+01	2022-05-17T19:22:49.074578	638	6.00000000e+02
1.38418049e+01	2022-05-17T19:22:49.090166	639	6.00000000e+02
1.38503565e+01	2022-05-17T19:22:49.096996	640	6.03000000e+02
1.38586904e+01	2022-05-17T19:22:49.096996	641	5.96000000e+02
1.38667836e+01	2022-05-17T19:22:49.112943	642	6.03000000e+02
1.38749929e+01	2022-05-17T19:22:49.112943	643	5.97000000e+02
1.38947146e+01	2022-05-17T19:22:49.143863	644	5.95000000e+02
1.39035570e+01	2022-05-17T19:22:49.143863	645	6.57000000e+02
1.39251458e+01	2022-05-17T19:22:49.175109	646	6.25000000e+02
1.39365995e+01	2022-05-17T19:22:49.175109	647	5.99000000e+02
1.39447038e+01	2022-05-17T19:22:49.191276	648	6.56000000e+02
1.39531180e+01	2022-05-17T19:22:49.197772	649	5.96000000e+02
1.39793502e+01	2022-05-17T19:22:49.229018	650	5.95000000e+02
1.40091802e+01	2022-05-17T19:22:49.244678	651	6.08000000e+02
1.40185794e+01	2022-05-17T19:22:49.260681	652	5.96000000e+02
1.40414038e+01	2022-05-17T19:22:49.291504	653	6.52000000e+02
1.40460593e+01	2022-05-17T19:22:49.291504	654	6.15000000e+02
1.40548489e+01	2022-05-17T19:22:49.298008	655	5.99000000e+02
1.40781008e+01	2022-05-17T19:22:49.314465	656	6.02000000e+02
1.40840301e+01	2022-05-17T19:22:49.330126	657	6.03000000e+02
1.40926765e+01	2022-05-17T19:22:49.330126	658	5.99000000e+02
1.41136083e+01	2022-05-17T19:22:49.361337	659	6.03000000e+02
1.41374563e+01	2022-05-17T19:22:49.376989	660	6.39000000e+02
1.41448475e+01	2022-05-17T19:22:49.392577	661	6.04000000e+02
1.41537804e+01	2022-05-17T19:22:49.398591	662	6.00000000e+02
1.41660468e+01	2022-05-17T19:22:49.414732	663	6.47000000e+02
1.41743132e+01	2022-05-17T19:22:49.414732	664	6.00000000e+02
1.41979345e+01	2022-05-17T19:22:49.445458	665	6.00000000e+02
1.42199064e+01	2022-05-17T19:22:49.461116	666	6.11000000e+02
1.42314814e+01	2022-05-17T19:22:49.476706	667	6.50000000e+02
1.42397775e+01	2022-05-17T19:22:49.476706	668	5.97000000e+02
1.42520606e+01	2022-05-17T19:22:49.499331	669	5.99000000e+02
1.42640935e+01	2022-05-17T19:22:49.499331	670	6.03000000e+02
1.42826397e+01	2022-05-17T19:22:49.530577	671	6.00000000e+02
1.43130303e+01	2022-05-17T19:22:49.561826	672	5.96000000e+02
1.43217982e+01	2022-05-17T19:22:49.561826	673	5.97000000e+02
1.43339168e+01	2022-05-17T19:22:49.577734	674	6.47000000e+02
1.43423983e+01	2022-05-17T19:22:49.577734	675	5.96000000e+02
1.43606513e+01	2022-05-17T19:22:49.599605	676	5.96000000e+02
1.43906034e+01	2022-05-17T19:22:49.630891	677	5.95000000e+02
1.43950486e+01	2022-05-17T19:22:49.630891	678	5.96000000e+02
1.44036500e+01	2022-05-17T19:22:49.646922	679	5.96000000e+02
1.44276643e+01	2022-05-17T19:22:49.677715	680	6.11000000e+02
1.44376331e+01	2022-05-17T19:22:49.677715	681	6.00000000e+02
1.44597389e+01	2022-05-17T19:22:49.699914	682	5.95000000e+02
1.44651879e+01	2022-05-17T19:22:49.699914	683	5.96000000e+02
1.44768884e+01	2022-05-17T19:22:49.715538	684	5.98000000e+02
1.44994209e+01	2022-05-17T19:22:49.746781	685	6.22000000e+02
1.45286261e+01	2022-05-17T19:22:49.778027	686	5.95000000e+02
1.45345225e+01	2022-05-17T19:22:49.778027	687	5.97000000e+02
1.45431376e+01	2022-05-17T19:22:49.778027	688	6.02000000e+02
1.45550375e+01	2022-05-17T19:22:49.800154	689	5.98000000e+02
1.45631633e+01	2022-05-17T19:22:49.800154	690	5.96000000e+02
1.45832079e+01	2022-05-17T19:22:49.831401	691	6.00000000e+02
1.46125338e+01	2022-05-17T19:22:49.862642	692	5.97000000e+02
1.46247125e+01	2022-05-17T19:22:49.862642	693	6.50000000e+02
1.46322736e+01	2022-05-17T19:22:49.878683	694	5.96000000e+02
1.46413903e+01	2022-05-17T19:22:49.878683	695	5.96000000e+02
1.46629724e+01	2022-05-17T19:22:49.900225	696	5.99000000e+02
1.46872119e+01	2022-05-17T19:22:49.931509	697	6.20000000e+02
1.46984981e+01	2022-05-17T19:22:49.947261	698	6.01000000e+02
1.47067559e+01	2022-05-17T19:22:49.947261	699	6.13000000e+02
1.47266681e+01	2022-05-17T19:22:49.963187	700	6.13000000e+02
1.47322186e+01	2022-05-17T19:22:49.978335	701	6.00000000e+02
1.47558376e+01	2022-05-17T19:22:50.000543	702	5.99000000e+02
1.47636048e+01	2022-05-17T19:22:50.000543	703	5.99000000e+02
1.47720108e+01	2022-05-17T19:22:50.016494	704	6.49000000e+02
1.47801965e+01	2022-05-17T19:22:50.016494	705	5.99000000e+02
1.48005706e+01	2022-05-17T19:22:50.047410	706	5.94000000e+02
1.48241964e+01	2022-05-17T19:22:50.063067	707	5.96000000e+02
1.48334041e+01	2022-05-17T19:22:50.078695	708	5.97000000e+02
1.48416405e+01	2022-05-17T19:22:50.078695	709	6.01000000e+02
1.48498365e+01	2022-05-17T19:22:50.094534	710	5.96000000e+02
1.48578585e+01	2022-05-17T19:22:50.100888	711	6.52000000e+02
1.48738995e+01	2022-05-17T19:22:50.116514	712	6.10000000e+02
1.48852415e+01	2022-05-17T19:22:50.132134	713	6.18000000e+02
1.49088912e+01	2022-05-17T19:22:50.147796	714	6.03000000e+02
1.49194855e+01	2022-05-17T19:22:50.163420	715	6.09000000e+02
1.49271493e+01	2022-05-17T19:22:50.163420	716	6.54000000e+02
1.49361066e+01	2022-05-17T19:22:50.179450	717	6.07000000e+02
1.49608300e+01	2022-05-17T19:22:50.201160	718	6.01000000e+02
1.49919360e+01	2022-05-17T19:22:50.232447	719	6.03000000e+02
1.49971236e+01	2022-05-17T19:22:50.232447	720	5.97000000e+02
1.50057682e+01	2022-05-17T19:22:50.248397	721	5.97000000e+02
1.50302433e+01	2022-05-17T19:22:50.279270	722	5.95000000e+02
1.50604150e+01	2022-05-17T19:22:50.301471	723	5.96000000e+02
1.50624949e+01	2022-05-17T19:22:50.301471	724	5.96000000e+02
1.50711754e+01	2022-05-17T19:22:50.317885	725	5.95000000e+02
1.50790686e+01	2022-05-17T19:22:50.317885	726	5.97000000e+02
1.51020935e+01	2022-05-17T19:22:50.349130	727	5.94000000e+02
1.51262336e+01	2022-05-17T19:22:50.364787	728	6.21000000e+02
1.51358749e+01	2022-05-17T19:22:50.380372	729	6.43000000e+02
1.51447319e+01	2022-05-17T19:22:50.380372	730	5.99000000e+02
1.51531093e+01	2022-05-17T19:22:50.402003	731	5.98000000e+02
1.51612440e+01	2022-05-17T19:22:50.402003	732	5.99000000e+02
1.51779354e+01	2022-05-17T19:22:50.418250	733	5.97000000e+02
1.51857113e+01	2022-05-17T19:22:50.433249	734	5.95000000e+02
1.52149525e+01	2022-05-17T19:22:50.464537	735	5.96000000e+02
1.52226387e+01	2022-05-17T19:22:50.464537	736	5.96000000e+02
1.52309745e+01	2022-05-17T19:22:50.480113	737	6.00000000e+02
1.52443001e+01	2022-05-17T19:22:50.480113	738	5.99000000e+02
1.52699341e+01	2022-05-17T19:22:50.517642	739	5.98000000e+02
1.52946391e+01	2022-05-17T19:22:50.533300	740	5.96000000e+02
1.53043559e+01	2022-05-17T19:22:50.548885	741	5.96000000e+02
1.53122912e+01	2022-05-17T19:22:50.548885	742	5.96000000e+02
1.53211128e+01	2022-05-17T19:22:50.564992	743	5.97000000e+02
1.53521184e+01	2022-05-17T19:22:50.602253	744	6.48000000e+02
1.53782527e+01	2022-05-17T19:22:50.617916	745	6.51000000e+02
1.53823269e+01	2022-05-17T19:22:50.617916	746	5.96000000e+02
1.53906652e+01	2022-05-17T19:22:50.633905	747	6.18000000e+02
1.54178960e+01	2022-05-17T19:22:50.664742	748	5.97000000e+02
1.54304340e+01	2022-05-17T19:22:50.680367	749	6.06000000e+02
1.54499831e+01	2022-05-17T19:22:50.696025	750	6.05000000e+02
1.54599103e+01	2022-05-17T19:22:50.703031	751	5.99000000e+02
1.54686201e+01	2022-05-17T19:22:50.718655	752	6.07000000e+02
1.54805936e+01	2022-05-17T19:22:50.718655	753	6.07000000e+02
1.55031072e+01	2022-05-17T19:22:50.749899	754	5.95000000e+02
1.55330026e+01	2022-05-17T19:22:50.781183	755	6.48000000e+02
1.55416588e+01	2022-05-17T19:22:50.781183	756	5.96000000e+02
1.55503152e+01	2022-05-17T19:22:50.797297	757	5.97000000e+02
1.55587384e+01	2022-05-17T19:22:50.803810	758	6.02000000e+02
1.55873778e+01	2022-05-17T19:22:50.835057	759	6.39000000e+02
1.56103701e+01	2022-05-17T19:22:50.850715	760	6.16000000e+02
1.56188753e+01	2022-05-17T19:22:50.866340	761	5.95000000e+02
1.56296534e+01	2022-05-17T19:22:50.866340	762	6.50000000e+02
1.56402730e+01	2022-05-17T19:22:50.882243	763	5.99000000e+02
1.56652239e+01	2022-05-17T19:22:50.904046	764	5.99000000e+02
1.56910407e+01	2022-05-17T19:22:50.935330	765	5.98000000e+02
1.57018385e+01	2022-05-17T19:22:50.950914	766	6.43000000e+02
1.57099730e+01	2022-05-17T19:22:50.950914	767	6.05000000e+02
1.57361975e+01	2022-05-17T19:22:50.982157	768	5.95000000e+02
1.57670975e+01	2022-05-17T19:22:51.004320	769	5.95000000e+02
1.57715438e+01	2022-05-17T19:22:51.020413	770	6.00000000e+02
1.57796563e+01	2022-05-17T19:22:51.020413	771	6.00000000e+02
1.58055245e+01	2022-05-17T19:22:51.051187	772	5.99000000e+02
1.58358563e+01	2022-05-17T19:22:51.082470	773	5.95000000e+02
1.58449198e+01	2022-05-17T19:22:51.082470	774	5.97000000e+02
1.58535108e+01	2022-05-17T19:22:51.098051	775	5.99000000e+02
1.58656762e+01	2022-05-17T19:22:51.104927	776	6.07000000e+02
1.58887235e+01	2022-05-17T19:22:51.136173	777	5.94000000e+02
1.58976473e+01	2022-05-17T19:22:51.136173	778	5.96000000e+02
1.59211343e+01	2022-05-17T19:22:51.167457	779	5.95000000e+02
1.59316079e+01	2022-05-17T19:22:51.167457	780	5.96000000e+02
1.59485227e+01	2022-05-17T19:22:51.198658	781	6.50000000e+02
1.59572677e+01	2022-05-17T19:22:51.205162	782	6.02000000e+02
1.59843541e+01	2022-05-17T19:22:51.220825	783	6.12000000e+02
1.59926645e+01	2022-05-17T19:22:51.236731	784	6.52000000e+02
1.60007673e+01	2022-05-17T19:22:51.236731	785	6.01000000e+02
1.60211136e+01	2022-05-17T19:22:51.267651	786	6.00000000e+02
1.60492876e+01	2022-05-17T19:22:51.298930	787	5.95000000e+02
1.60583987e+01	2022-05-17T19:22:51.305754	788	5.99000000e+02
1.60702590e+01	2022-05-17T19:22:51.305754	789	5.96000000e+02
1.60780558e+01	2022-05-17T19:22:51.322320	790	5.98000000e+02
1.60867280e+01	2022-05-17T19:22:51.322320	791	5.99000000e+02
1.61059986e+01	2022-05-17T19:22:51.353570	792	6.00000000e+02
1.61349967e+01	2022-05-17T19:22:51.384844	793	5.96000000e+02
1.61393023e+01	2022-05-17T19:22:51.384844	794	5.99000000e+02
1.61486767e+01	2022-05-17T19:22:51.384844	795	6.48000000e+02
1.61606256e+01	2022-05-17T19:22:51.406267	796	5.96000000e+02
1.61689166e+01	2022-05-17T19:22:51.406267	797	5.97000000e+02
1.61909110e+01	2022-05-17T19:22:51.437514	798	5.96000000e+02
1.62215829e+01	2022-05-17T19:22:51.468798	799	6.47000000e+02
1.62302290e+01	2022-05-17T19:22:51.468798	800	6.02000000e+02
1.62384587e+01	2022-05-17T19:22:51.484922	801	6.00000000e+02
1.62466463e+01	2022-05-17T19:22:51.484922	802	6.02000000e+02
1.62692170e+01	2022-05-17T19:22:51.506285	803	5.96000000e+02
1.62943895e+01	2022-05-17T19:22:51.537569	804	5.99000000e+02
1.63092830e+01	2022-05-17T19:22:51.553153	805	5.95000000e+02
1.63204538e+01	2022-05-17T19:22:51.569242	806	5.99000000e+02
1.63281808e+01	2022-05-17T19:22:51.569242	807	6.53000000e+02
1.63536741e+01	2022-05-17T19:22:51.600016	808	5.98000000e+02
1.63860433e+01	2022-05-17T19:22:51.622188	809	6.01000000e+02
1.63985610e+01	2022-05-17T19:22:51.638223	810	5.96000000e+02
1.64236836e+01	2022-05-17T19:22:51.669013	811	5.94000000e+02
1.64473562e+01	2022-05-17T19:22:51.684671	812	6.12000000e+02
1.64592753e+01	2022-05-17T19:22:51.707279	813	6.01000000e+02
1.64678628e+01	2022-05-17T19:22:51.707279	814	6.10000000e+02
1.64800708e+01	2022-05-17T19:22:51.723481	815	5.99000000e+02
1.64885363e+01	2022-05-17T19:22:51.738525	816	6.01000000e+02
1.65010729e+01	2022-05-17T19:22:51.738525	817	6.08000000e+02
1.65219882e+01	2022-05-17T19:22:51.769768	818	5.95000000e+02
1.65514449e+01	2022-05-17T19:22:51.801049	819	5.98000000e+02
1.65580194e+01	2022-05-17T19:22:51.807555	820	5.99000000e+02
1.65655180e+01	2022-05-17T19:22:51.807555	821	6.03000000e+02
1.65748678e+01	2022-05-17T19:22:51.823440	822	5.96000000e+02
1.65865452e+01	2022-05-17T19:22:51.823440	823	5.95000000e+02
1.66059293e+01	2022-05-17T19:22:51.854423	824	5.96000000e+02
1.66144551e+01	2022-05-17T19:22:51.854423	825	6.00000000e+02
1.66394816e+01	2022-05-17T19:22:51.885705	826	6.01000000e+02
1.66480714e+01	2022-05-17T19:22:51.885705	827	5.99000000e+02
1.66562620e+01	2022-05-17T19:22:51.901809	828	6.12000000e+02
1.66639154e+01	2022-05-17T19:22:51.908251	829	6.54000000e+02
1.66726878e+01	2022-05-17T19:22:51.908251	830	6.00000000e+02
1.66903684e+01	2022-05-17T19:22:51.939497	831	6.05000000e+02
1.67166061e+01	2022-05-17T19:22:51.955118	832	6.48000000e+02
1.67258214e+01	2022-05-17T19:22:51.970778	833	5.99000000e+02
1.67341834e+01	2022-05-17T19:22:51.970778	834	6.16000000e+02
1.67459679e+01	2022-05-17T19:22:51.986843	835	5.96000000e+02
1.67686258e+01	2022-05-17T19:22:52.008622	836	5.96000000e+02
1.68011552e+01	2022-05-17T19:22:52.039917	837	5.95000000e+02
1.68117245e+01	2022-05-17T19:22:52.056037	838	5.99000000e+02
1.68201521e+01	2022-05-17T19:22:52.056037	839	6.05000000e+02
1.68376332e+01	2022-05-17T19:22:52.086731	840	5.95000000e+02
1.68687780e+01	2022-05-17T19:22:52.108938	841	6.48000000e+02
1.68772180e+01	2022-05-17T19:22:52.124910	842	5.97000000e+02
1.68857086e+01	2022-05-17T19:22:52.124910	843	6.00000000e+02
1.69150425e+01	2022-05-17T19:22:52.155805	844	6.14000000e+02
1.69397887e+01	2022-05-17T19:22:52.187089	845	6.15000000e+02
1.69471862e+01	2022-05-17T19:22:52.187089	846	6.04000000e+02
1.69593245e+01	2022-05-17T19:22:52.209239	847	5.96000000e+02
1.69675869e+01	2022-05-17T19:22:52.209239	848	6.04000000e+02
1.69897665e+01	2022-05-17T19:22:52.224903	849	6.13000000e+02
1.70222389e+01	2022-05-17T19:22:52.271768	850	5.97000000e+02
1.70248027e+01	2022-05-17T19:22:52.271768	851	6.49000000e+02
1.70331304e+01	2022-05-17T19:22:52.271768	852	5.97000000e+02
1.70446877e+01	2022-05-17T19:22:52.287896	853	6.00000000e+02
1.70536925e+01	2022-05-17T19:22:52.302971	854	5.98000000e+02
1.70750149e+01	2022-05-17T19:22:52.309971	855	6.48000000e+02
1.71008635e+01	2022-05-17T19:22:52.341218	856	5.95000000e+02
1.71106746e+01	2022-05-17T19:22:52.356842	857	6.43000000e+02
1.71192789e+01	2022-05-17T19:22:52.356842	858	5.96000000e+02
1.71312536e+01	2022-05-17T19:22:52.372896	859	6.20000000e+02
1.71490688e+01	2022-05-17T19:22:52.388616	860	5.99000000e+02
1.71556651e+01	2022-05-17T19:22:52.403703	861	5.97000000e+02
1.71827955e+01	2022-05-17T19:22:52.425406	862	6.01000000e+02
1.71925896e+01	2022-05-17T19:22:52.441298	863	6.02000000e+02
1.72010799e+01	2022-05-17T19:22:52.441298	864	5.97000000e+02
1.72225903e+01	2022-05-17T19:22:52.472234	865	6.01000000e+02
1.72486417e+01	2022-05-17T19:22:52.488512	866	6.05000000e+02
1.72581915e+01	2022-05-17T19:22:52.504175	867	5.95000000e+02
1.72668674e+01	2022-05-17T19:22:52.509720	868	6.54000000e+02
1.72793861e+01	2022-05-17T19:22:52.525350	869	5.96000000e+02
1.72910369e+01	2022-05-17T19:22:52.540966	870	5.95000000e+02
1.73055957e+01	2022-05-17T19:22:52.540966	871	5.95000000e+02
1.73322100e+01	2022-05-17T19:22:52.572246	872	5.95000000e+02
1.73475554e+01	2022-05-17T19:22:52.588404	873	5.95000000e+02
1.73563954e+01	2022-05-17T19:22:52.604058	874	5.97000000e+02
1.73646928e+01	2022-05-17T19:22:52.609857	875	6.02000000e+02
1.73734050e+01	2022-05-17T19:22:52.609857	876	5.96000000e+02
1.73944045e+01	2022-05-17T19:22:52.641104	877	5.95000000e+02
1.74245103e+01	2022-05-17T19:22:52.672393	878	5.95000000e+02
1.74344450e+01	2022-05-17T19:22:52.672393	879	5.96000000e+02
1.74423844e+01	2022-05-17T19:22:52.688494	880	6.37000000e+02
1.74513363e+01	2022-05-17T19:22:52.688494	881	5.96000000e+02
1.74696460e+01	2022-05-17T19:22:52.710067	882	5.99000000e+02
1.74960993e+01	2022-05-17T19:22:52.741349	883	6.03000000e+02
1.75083320e+01	2022-05-17T19:22:52.757111	884	5.98000000e+02
1.75203770e+01	2022-05-17T19:22:52.757111	885	5.97000000e+02
1.75382913e+01	2022-05-17T19:22:52.788176	886	5.95000000e+02
1.75713594e+01	2022-05-17T19:22:52.810339	887	5.95000000e+02
1.75774699e+01	2022-05-17T19:22:52.826258	888	6.02000000e+02
1.75861099e+01	2022-05-17T19:22:52.826258	889	6.08000000e+02
1.76142768e+01	2022-05-17T19:22:52.857207	890	5.94000000e+02
1.76388649e+01	2022-05-17T19:22:52.888491	891	6.48000000e+02
1.76425294e+01	2022-05-17T19:22:52.888491	892	5.96000000e+02
1.76516042e+01	2022-05-17T19:22:52.888491	893	6.01000000e+02
1.76639213e+01	2022-05-17T19:22:52.910960	894	6.20000000e+02
1.76758616e+01	2022-05-17T19:22:52.910960	895	6.06000000e+02
1.76916469e+01	2022-05-17T19:22:52.926585	896	5.97000000e+02
1.77240803e+01	2022-05-17T19:22:52.973450	897	5.94000000e+02
1.77334552e+01	2022-05-17T19:22:52.973450	898	6.07000000e+02
1.77412386e+01	2022-05-17T19:22:52.989674	899	6.06000000e+02
1.77497853e+01	2022-05-17T19:22:52.989674	900	6.39000000e+02
1.77705398e+01	2022-05-17T19:22:53.011264	901	6.01000000e+02
1.77786805e+01	2022-05-17T19:22:53.026889	902	5.96000000e+02
1.78057354e+01	2022-05-17T19:22:53.042530	903	6.02000000e+02
1.78153499e+01	2022-05-17T19:22:53.058131	904	6.07000000e+02
1.78414094e+01	2022-05-17T19:22:53.089374	905	5.94000000e+02
1.78736744e+01	2022-05-17T19:22:53.111542	906	6.11000000e+02
1.78760753e+01	2022-05-17T19:22:53.111542	907	5.95000000e+02
1.78849505e+01	2022-05-17T19:22:53.127564	908	5.98000000e+02
1.78938032e+01	2022-05-17T19:22:53.142831	909	6.52000000e+02
1.79101653e+01	2022-05-17T19:22:53.158409	910	5.97000000e+02
1.79378846e+01	2022-05-17T19:22:53.174034	911	6.01000000e+02
1.79462759e+01	2022-05-17T19:22:53.189653	912	6.00000000e+02
1.79503991e+01	2022-05-17T19:22:53.189653	913	6.00000000e+02
1.79586615e+01	2022-05-17T19:22:53.205844	914	5.96000000e+02
1.79668518e+01	2022-05-17T19:22:53.212357	915	6.02000000e+02
1.79756836e+01	2022-05-17T19:22:53.212357	916	6.01000000e+02
1.79960124e+01	2022-05-17T19:22:53.243604	917	5.95000000e+02
1.80277008e+01	2022-05-17T19:22:53.274882	918	6.05000000e+02
1.80364451e+01	2022-05-17T19:22:53.274882	919	5.96000000e+02
1.80440872e+01	2022-05-17T19:22:53.291007	920	5.98000000e+02
1.80533651e+01	2022-05-17T19:22:53.291007	921	6.19000000e+02
1.80723430e+01	2022-05-17T19:22:53.312263	922	5.94000000e+02
1.81070875e+01	2022-05-17T19:22:53.343546	923	5.99000000e+02
1.81095220e+01	2022-05-17T19:22:53.359130	924	5.96000000e+02
1.81185241e+01	2022-05-17T19:22:53.359130	925	6.39000000e+02
1.81400233e+01	2022-05-17T19:22:53.374752	926	5.96000000e+02
1.81684389e+01	2022-05-17T19:22:53.412581	927	5.95000000e+02
1.81756690e+01	2022-05-17T19:22:53.412581	928	5.98000000e+02
1.81839975e+01	2022-05-17T19:22:53.428705	929	6.48000000e+02
1.81924508e+01	2022-05-17T19:22:53.428705	930	5.96000000e+02
1.82039084e+01	2022-05-17T19:22:53.443827	931	6.05000000e+02
1.82250388e+01	2022-05-17T19:22:53.475069	932	5.95000000e+02
1.82531076e+01	2022-05-17T19:22:53.491518	933	6.46000000e+02
1.82618362e+01	2022-05-17T19:22:53.507178	934	5.96000000e+02
1.82740102e+01	2022-05-17T19:22:53.513059	935	6.04000000e+02
1.82820644e+01	2022-05-17T19:22:53.529204	936	5.99000000e+02
1.82906993e+01	2022-05-17T19:22:53.529204	937	6.00000000e+02
1.83111457e+01	2022-05-17T19:22:53.559926	938	5.95000000e+02
1.83418973e+01	2022-05-17T19:22:53.591208	939	5.96000000e+02
1.83475013e+01	2022-05-17T19:22:53.591208	940	5.96000000e+02
1.83558859e+01	2022-05-17T19:22:53.591208	941	6.07000000e+02
1.83641199e+01	2022-05-17T19:22:53.613197	942	5.96000000e+02
1.83724015e+01	2022-05-17T19:22:53.613197	943	6.18000000e+02
1.83955428e+01	2022-05-17T19:22:53.644443	944	6.01000000e+02
1.84216098e+01	2022-05-17T19:22:53.660101	945	5.98000000e+02
1.84303553e+01	2022-05-17T19:22:53.675730	946	5.97000000e+02
1.84420428e+01	2022-05-17T19:22:53.691307	947	6.00000000e+02
1.84502405e+01	2022-05-17T19:22:53.691307	948	6.03000000e+02
1.84723696e+01	2022-05-17T19:22:53.713482	949	5.96000000e+02
1.84758329e+01	2022-05-17T19:22:53.713482	950	6.49000000e+02
1.85009843e+01	2022-05-17T19:22:53.744766	951	5.95000000e+02
1.85111869e+01	2022-05-17T19:22:53.760350	952	6.04000000e+02
1.85198562e+01	2022-05-17T19:22:53.760350	953	6.06000000e+02
1.85406627e+01	2022-05-17T19:22:53.776165	954	5.95000000e+02
1.85758840e+01	2022-05-17T19:22:53.813757	955	5.96000000e+02
1.85857236e+01	2022-05-17T19:22:53.829675	956	5.99000000e+02
1.86105174e+01	2022-05-17T19:22:53.860624	957	6.03000000e+02
1.86143149e+01	2022-05-17T19:22:53.860624	958	6.11000000e+02
1.86455768e+01	2022-05-17T19:22:53.891904	959	5.95000000e+02
1.86547784e+01	2022-05-17T19:22:53.891904	960	5.97000000e+02
1.86631042e+01	2022-05-17T19:22:53.907496	961	5.96000000e+02
1.86713939e+01	2022-05-17T19:22:53.914366	962	5.98000000e+02
1.87026709e+01	2022-05-17T19:22:53.945612	963	5.95000000e+02
1.87275137e+01	2022-05-17T19:22:53.976896	964	6.00000000e+02
1.87367993e+01	2022-05-17T19:22:53.976896	965	5.96000000e+02
1.87446440e+01	2022-05-17T19:22:53.992768	966	5.97000000e+02
1.87533988e+01	2022-05-17T19:22:53.992768	967	5.97000000e+02
1.87801673e+01	2022-05-17T19:22:54.030265	968	5.95000000e+02
1.88090302e+01	2022-05-17T19:22:54.045923	969	5.95000000e+02
1.88183880e+01	2022-05-17T19:22:54.062005	970	5.96000000e+02
1.88267207e+01	2022-05-17T19:22:54.062005	971	5.95000000e+02
1.88453406e+01	2022-05-17T19:22:54.092751	972	5.95000000e+02
1.88783500e+01	2022-05-17T19:22:54.114954	973	5.96000000e+02
1.88882253e+01	2022-05-17T19:22:54.130904	974	5.96000000e+02
1.89035597e+01	2022-05-17T19:22:54.146200	975	5.96000000e+02
1.89130868e+01	2022-05-17T19:22:54.161822	976	5.99000000e+02
1.89476139e+01	2022-05-17T19:22:54.193097	977	5.98000000e+02
1.89539772e+01	2022-05-17T19:22:54.193097	978	6.10000000e+02
1.89621194e+01	2022-05-17T19:22:54.208984	979	5.97000000e+02
1.89704077e+01	2022-05-17T19:22:54.215488	980	5.96000000e+02
1.89970848e+01	2022-05-17T19:22:54.246734	981	5.94000000e+02
1.90290101e+01	2022-05-17T19:22:54.278016	982	6.01000000e+02
1.90357470e+01	2022-05-17T19:22:54.278016	983	6.56000000e+02
1.90440324e+01	2022-05-17T19:22:54.293597	984	5.98000000e+02
1.90522811e+01	2022-05-17T19:22:54.293597	985	5.96000000e+02
1.90763654e+01	2022-05-17T19:22:54.315403	986	5.94000000e+02
1.91076368e+01	2022-05-17T19:22:54.346684	987	5.94000000e+02
1.91177791e+01	2022-05-17T19:22:54.362674	988	6.29000000e+02
1.91257597e+01	2022-05-17T19:22:54.362674	989	5.95000000e+02
1.91451239e+01	2022-05-17T19:22:54.393512	990	6.11000000e+02
1.91725684e+01	2022-05-17T19:22:54.415711	991	5.96000000e+02
1.91817685e+01	2022-05-17T19:22:54.431342	992	6.08000000e+02
1.91915486e+01	2022-05-17T19:22:54.431342	993	5.96000000e+02
1.92037355e+01	2022-05-17T19:22:54.447543	994	5.96000000e+02
1.92119081e+01	2022-05-17T19:22:54.447543	995	5.98000000e+02
1.92203299e+01	2022-05-17T19:22:54.462578	996	6.13000000e+02
1.92439532e+01	2022-05-17T19:22:54.493893	997	5.99000000e+02
1.92535680e+01	2022-05-17T19:22:54.494398	998	6.00000000e+02
1.92798152e+01	2022-05-17T19:22:54.515603	999	6.17000000e+02
1.92897675e+01	2022-05-17T19:22:54.531653	1000	6.01000000e+02