Time elapsed	Time stamp	Loop Index	GP2Y ADC
s			Cts

5.01416400e+00	2022-05-17T19:23:14.261033	1	5.87000000e+02
5.02499140e+00	2022-05-17T19:23:14.261033	2	5.88000000e+02
5.03708830e+00	2022-05-17T19:23:14.276481	3	5.88000000e+02
5.04924150e+00	2022-05-17T19:23:14.292219	4	5.89000000e+02
5.06549270e+00	2022-05-17T19:23:14.313882	5	5.89000000e+02
5.07835340e+00	2022-05-17T19:23:14.314464	6	5.98000000e+02
5.09037160e+00	2022-05-17T19:23:14.330125	7	5.90000000e+02
5.10810190e+00	2022-05-17T19:23:14.345740	8	5.89000000e+02
5.11514970e+00	2022-05-17T19:23:14.361896	9	5.90000000e+02
5.12753420e+00	2022-05-17T19:23:14.361896	10	5.94000000e+02
5.14991400e+00	2022-05-17T19:23:14.392613	11	5.87000000e+02
5.15931150e+00	2022-05-17T19:23:14.392613	12	5.91000000e+02
5.17046180e+00	2022-05-17T19:23:14.413785	13	5.91000000e+02
5.18055110e+00	2022-05-17T19:23:14.413785	14	5.98000000e+02
5.18864290e+00	2022-05-17T19:23:14.429415	15	5.88000000e+02
5.19725860e+00	2022-05-17T19:23:14.445097	16	5.92000000e+02
5.22146250e+00	2022-05-17T19:23:14.460696	17	5.87000000e+02
5.23439820e+00	2022-05-17T19:23:14.476320	18	5.98000000e+02
5.24638060e+00	2022-05-17T19:23:14.493119	19	5.88000000e+02
5.25820140e+00	2022-05-17T19:23:14.493119	20	5.88000000e+02
5.27916200e+00	2022-05-17T19:23:14.513784	21	5.91000000e+02
5.28774600e+00	2022-05-17T19:23:14.529436	22	5.89000000e+02
5.29846240e+00	2022-05-17T19:23:14.545073	23	5.94000000e+02
5.30249270e+00	2022-05-17T19:23:14.545073	24	5.95000000e+02
5.31175960e+00	2022-05-17T19:23:14.545073	25	5.89000000e+02
5.32380940e+00	2022-05-17T19:23:14.560652	26	6.45000000e+02
5.34855170e+00	2022-05-17T19:23:14.591897	27	5.87000000e+02
5.36627850e+00	2022-05-17T19:23:14.613648	28	5.88000000e+02
5.37710070e+00	2022-05-17T19:23:14.613648	29	5.88000000e+02
5.38577610e+00	2022-05-17T19:23:14.629804	30	5.89000000e+02
5.39755420e+00	2022-05-17T19:23:14.644898	31	5.89000000e+02
5.40567680e+00	2022-05-17T19:23:14.644898	32	6.41000000e+02
5.42914890e+00	2022-05-17T19:23:14.676165	33	6.08000000e+02
5.44261820e+00	2022-05-17T19:23:14.676165	34	5.91000000e+02
5.45027970e+00	2022-05-17T19:23:14.691800	35	5.92000000e+02
5.45946810e+00	2022-05-17T19:23:14.707411	36	5.88000000e+02
5.47060660e+00	2022-05-17T19:23:14.714397	37	5.90000000e+02
5.47963620e+00	2022-05-17T19:23:14.714397	38	5.88000000e+02
5.49916090e+00	2022-05-17T19:23:14.745670	39	5.87000000e+02
5.51313890e+00	2022-05-17T19:23:14.761302	40	5.94000000e+02
5.52446240e+00	2022-05-17T19:23:14.761302	41	5.88000000e+02
5.54827010e+00	2022-05-17T19:23:14.792532	42	6.00000000e+02
5.56627310e+00	2022-05-17T19:23:14.814651	43	5.88000000e+02
5.57759710e+00	2022-05-17T19:23:14.814651	44	5.87000000e+02
5.58591230e+00	2022-05-17T19:23:14.830802	45	5.92000000e+02
5.59434180e+00	2022-05-17T19:23:14.830802	46	5.95000000e+02
5.61335460e+00	2022-05-17T19:23:14.861545	47	5.89000000e+02
5.63208490e+00	2022-05-17T19:23:14.877186	48	6.10000000e+02
5.64330420e+00	2022-05-17T19:23:14.877186	49	5.89000000e+02
5.65539880e+00	2022-05-17T19:23:14.893161	50	5.88000000e+02
5.67921380e+00	2022-05-17T19:23:14.914937	51	6.27000000e+02
5.69933340e+00	2022-05-17T19:23:14.946213	52	5.87000000e+02
5.70880940e+00	2022-05-17T19:23:14.946213	53	5.89000000e+02
5.71689900e+00	2022-05-17T19:23:14.962338	54	5.91000000e+02
5.72531640e+00	2022-05-17T19:23:14.962338	55	5.90000000e+02
5.74673920e+00	2022-05-17T19:23:14.993085	56	5.92000000e+02
5.76390790e+00	2022-05-17T19:23:15.008710	57	6.10000000e+02
5.77437350e+00	2022-05-17T19:23:15.015703	58	5.89000000e+02
5.78305600e+00	2022-05-17T19:23:15.031329	59	5.88000000e+02
5.79478270e+00	2022-05-17T19:23:15.031329	60	5.88000000e+02
5.81646530e+00	2022-05-17T19:23:15.062597	61	5.87000000e+02
5.83000560e+00	2022-05-17T19:23:15.078232	62	6.44000000e+02
5.83977170e+00	2022-05-17T19:23:15.078232	63	6.39000000e+02
5.84797150e+00	2022-05-17T19:23:15.094391	64	5.97000000e+02
5.85629980e+00	2022-05-17T19:23:15.094391	65	5.89000000e+02
5.88050370e+00	2022-05-17T19:23:15.116044	66	5.87000000e+02
5.90262320e+00	2022-05-17T19:23:15.147320	67	5.93000000e+02
5.90949200e+00	2022-05-17T19:23:15.147320	68	5.92000000e+02
5.91800740e+00	2022-05-17T19:23:15.163332	69	6.41000000e+02
5.92986320e+00	2022-05-17T19:23:15.163332	70	5.88000000e+02
5.94738580e+00	2022-05-17T19:23:15.194190	71	5.87000000e+02
5.96565530e+00	2022-05-17T19:23:15.209819	72	5.89000000e+02
5.97053650e+00	2022-05-17T19:23:15.216618	73	5.88000000e+02
5.97929240e+00	2022-05-17T19:23:15.216618	74	5.89000000e+02
6.00235860e+00	2022-05-17T19:23:15.247891	75	5.88000000e+02
6.01561270e+00	2022-05-17T19:23:15.263564	76	6.00000000e+02
6.02352390e+00	2022-05-17T19:23:15.263564	77	5.96000000e+02
6.03281760e+00	2022-05-17T19:23:15.279724	78	5.89000000e+02
6.04466080e+00	2022-05-17T19:23:15.279724	79	5.88000000e+02
6.05253990e+00	2022-05-17T19:23:15.295170	80	5.91000000e+02
6.07265320e+00	2022-05-17T19:23:15.316567	81	5.89000000e+02
6.08571180e+00	2022-05-17T19:23:15.332230	82	5.88000000e+02
6.09344940e+00	2022-05-17T19:23:15.332230	83	5.89000000e+02
6.10151220e+00	2022-05-17T19:23:15.348390	84	6.20000000e+02
6.11036360e+00	2022-05-17T19:23:15.348390	85	5.98000000e+02
6.13337950e+00	2022-05-17T19:23:15.379094	86	5.93000000e+02
6.15216570e+00	2022-05-17T19:23:15.394717	87	6.11000000e+02
6.15930000e+00	2022-05-17T19:23:15.394717	88	5.92000000e+02
6.16769570e+00	2022-05-17T19:23:15.410799	89	5.88000000e+02
6.17976120e+00	2022-05-17T19:23:15.417075	90	5.93000000e+02
6.20045660e+00	2022-05-17T19:23:15.448359	91	6.01000000e+02
6.21413470e+00	2022-05-17T19:23:15.448359	92	5.88000000e+02
6.22447570e+00	2022-05-17T19:23:15.463982	93	5.99000000e+02
6.23320500e+00	2022-05-17T19:23:15.480160	94	6.12000000e+02
6.24539860e+00	2022-05-17T19:23:15.480160	95	5.87000000e+02
6.26250420e+00	2022-05-17T19:23:15.496198	96	5.86000000e+02
6.27517060e+00	2022-05-17T19:23:15.517359	97	5.99000000e+02
6.28691090e+00	2022-05-17T19:23:15.533173	98	5.88000000e+02
6.29852180e+00	2022-05-17T19:23:15.533173	99	6.08000000e+02
6.31733430e+00	2022-05-17T19:23:15.564263	100	6.40000000e+02
6.33745480e+00	2022-05-17T19:23:15.579849	101	6.38000000e+02
6.34794850e+00	2022-05-17T19:23:15.595508	102	5.89000000e+02
6.36002350e+00	2022-05-17T19:23:15.595508	103	5.88000000e+02
6.37978650e+00	2022-05-17T19:23:15.617626	104	5.91000000e+02
6.39907960e+00	2022-05-17T19:23:15.633290	105	5.86000000e+02
6.40922640e+00	2022-05-17T19:23:15.648872	106	5.90000000e+02
6.43176770e+00	2022-05-17T19:23:15.680141	107	5.91000000e+02
6.44643740e+00	2022-05-17T19:23:15.680141	108	5.87000000e+02
6.45400420e+00	2022-05-17T19:23:15.695779	109	5.90000000e+02
6.46256690e+00	2022-05-17T19:23:15.695779	110	6.12000000e+02
6.47043620e+00	2022-05-17T19:23:15.717963	111	5.95000000e+02
6.47901210e+00	2022-05-17T19:23:15.717963	112	5.88000000e+02
6.50276220e+00	2022-05-17T19:23:15.749242	113	5.90000000e+02
6.52056110e+00	2022-05-17T19:23:15.764870	114	5.87000000e+02
6.53210880e+00	2022-05-17T19:23:15.780452	115	5.93000000e+02
6.54020420e+00	2022-05-17T19:23:15.780452	116	5.88000000e+02
6.55985810e+00	2022-05-17T19:23:15.796118	117	5.89000000e+02
6.57210040e+00	2022-05-17T19:23:15.818250	118	5.92000000e+02
6.58494770e+00	2022-05-17T19:23:15.818250	119	5.88000000e+02
6.59365750e+00	2022-05-17T19:23:15.833875	120	5.88000000e+02
6.62531640e+00	2022-05-17T19:23:15.865152	121	5.91000000e+02
6.63832610e+00	2022-05-17T19:23:15.880776	122	5.94000000e+02
6.64679070e+00	2022-05-17T19:23:15.880776	123	6.38000000e+02
6.65522010e+00	2022-05-17T19:23:15.896762	124	5.88000000e+02
6.68125950e+00	2022-05-17T19:23:15.918471	125	5.88000000e+02
6.69062800e+00	2022-05-17T19:23:15.934127	126	5.93000000e+02
6.70645130e+00	2022-05-17T19:23:15.949720	127	5.96000000e+02
6.71561610e+00	2022-05-17T19:23:15.949720	128	5.88000000e+02
6.72466400e+00	2022-05-17T19:23:15.965548	129	5.88000000e+02
6.74821240e+00	2022-05-17T19:23:15.996607	130	5.87000000e+02
6.75762590e+00	2022-05-17T19:23:15.996607	131	6.11000000e+02
6.77092940e+00	2022-05-17T19:23:16.018737	132	5.98000000e+02
6.78227910e+00	2022-05-17T19:23:16.018737	133	5.93000000e+02
6.79409050e+00	2022-05-17T19:23:16.034820	134	6.44000000e+02
6.80241460e+00	2022-05-17T19:23:16.050030	135	5.91000000e+02
6.82609540e+00	2022-05-17T19:23:16.065631	136	5.87000000e+02
6.83940590e+00	2022-05-17T19:23:16.081277	137	5.89000000e+02
6.85189440e+00	2022-05-17T19:23:16.097332	138	6.42000000e+02
6.86415910e+00	2022-05-17T19:23:16.112507	139	5.88000000e+02
6.88139480e+00	2022-05-17T19:23:16.119048	140	6.38000000e+02
6.90161280e+00	2022-05-17T19:23:16.134714	141	5.97000000e+02
6.91294740e+00	2022-05-17T19:23:16.150308	142	5.89000000e+02
6.93624010e+00	2022-05-17T19:23:16.181538	143	5.87000000e+02
6.95626370e+00	2022-05-17T19:23:16.197192	144	5.97000000e+02
6.96638360e+00	2022-05-17T19:23:16.213290	145	5.90000000e+02
6.97837800e+00	2022-05-17T19:23:16.219800	146	5.91000000e+02
6.98769590e+00	2022-05-17T19:23:16.235426	147	5.88000000e+02
7.01157770e+00	2022-05-17T19:23:16.251072	148	5.87000000e+02
7.02658620e+00	2022-05-17T19:23:16.266704	149	5.87000000e+02
7.03544220e+00	2022-05-17T19:23:16.282289	150	5.96000000e+02
7.04408700e+00	2022-05-17T19:23:16.282289	151	6.02000000e+02
7.06832970e+00	2022-05-17T19:23:16.313557	152	6.10000000e+02
7.08227040e+00	2022-05-17T19:23:16.320745	153	5.91000000e+02
7.09253670e+00	2022-05-17T19:23:16.336407	154	5.91000000e+02
7.10151280e+00	2022-05-17T19:23:16.336407	155	5.88000000e+02
7.11361070e+00	2022-05-17T19:23:16.352462	156	5.94000000e+02
7.13707400e+00	2022-05-17T19:23:16.383258	157	5.86000000e+02
7.15160150e+00	2022-05-17T19:23:16.398913	158	5.99000000e+02
7.16547140e+00	2022-05-17T19:23:16.398913	159	6.07000000e+02
7.17505240e+00	2022-05-17T19:23:16.420487	160	5.91000000e+02
7.18402020e+00	2022-05-17T19:23:16.420487	161	5.89000000e+02
7.21287990e+00	2022-05-17T19:23:16.451760	162	6.03000000e+02
7.22778080e+00	2022-05-17T19:23:16.467392	163	5.90000000e+02
7.23664940e+00	2022-05-17T19:23:16.483272	164	5.89000000e+02
7.24861410e+00	2022-05-17T19:23:16.483272	165	5.90000000e+02
7.26899090e+00	2022-05-17T19:23:16.514916	166	6.04000000e+02
7.28926820e+00	2022-05-17T19:23:16.536144	167	5.88000000e+02
7.29821180e+00	2022-05-17T19:23:16.536144	168	5.88000000e+02
7.31020000e+00	2022-05-17T19:23:16.552155	169	5.93000000e+02
7.31838860e+00	2022-05-17T19:23:16.552155	170	5.92000000e+02
7.33769670e+00	2022-05-17T19:23:16.582968	171	5.87000000e+02
7.35837720e+00	2022-05-17T19:23:16.598602	172	5.88000000e+02
7.36345230e+00	2022-05-17T19:23:16.598602	173	5.89000000e+02
7.37167780e+00	2022-05-17T19:23:16.614672	174	5.88000000e+02
7.38001780e+00	2022-05-17T19:23:16.621085	175	5.90000000e+02
7.40559680e+00	2022-05-17T19:23:16.652367	176	5.97000000e+02
7.42608730e+00	2022-05-17T19:23:16.667990	177	6.40000000e+02
7.42827640e+00	2022-05-17T19:23:16.667990	178	6.39000000e+02
7.43657780e+00	2022-05-17T19:23:16.683636	179	5.90000000e+02
7.44570920e+00	2022-05-17T19:23:16.683636	180	5.91000000e+02
7.48203700e+00	2022-05-17T19:23:16.721364	181	5.89000000e+02
7.48938110e+00	2022-05-17T19:23:16.737018	182	5.87000000e+02
7.49877900e+00	2022-05-17T19:23:16.737018	183	6.00000000e+02
7.51126240e+00	2022-05-17T19:23:16.752609	184	6.45000000e+02
7.53222110e+00	2022-05-17T19:23:16.768653	185	5.87000000e+02
7.54180430e+00	2022-05-17T19:23:16.783927	186	5.93000000e+02
7.55971360e+00	2022-05-17T19:23:16.799607	187	5.88000000e+02
7.56814850e+00	2022-05-17T19:23:16.815094	188	5.88000000e+02
7.57643500e+00	2022-05-17T19:23:16.822201	189	5.89000000e+02
7.58517990e+00	2022-05-17T19:23:16.822201	190	5.89000000e+02
7.60777890e+00	2022-05-17T19:23:16.853487	191	5.87000000e+02
7.62847690e+00	2022-05-17T19:23:16.869095	192	6.00000000e+02
7.63789730e+00	2022-05-17T19:23:16.885093	193	5.89000000e+02
7.64622680e+00	2022-05-17T19:23:16.885093	194	5.88000000e+02
7.67118400e+00	2022-05-17T19:23:16.915970	195	5.90000000e+02
7.68566110e+00	2022-05-17T19:23:16.922518	196	5.89000000e+02
7.69460020e+00	2022-05-17T19:23:16.938182	197	5.91000000e+02
7.70305740e+00	2022-05-17T19:23:16.938182	198	5.89000000e+02
7.71165500e+00	2022-05-17T19:23:16.953802	199	5.91000000e+02
7.71957250e+00	2022-05-17T19:23:16.953802	200	5.89000000e+02
7.73875340e+00	2022-05-17T19:23:16.985034	201	6.08000000e+02
7.76008280e+00	2022-05-17T19:23:17.000664	202	5.98000000e+02
7.76491450e+00	2022-05-17T19:23:17.000664	203	5.88000000e+02
7.77324290e+00	2022-05-17T19:23:17.016581	204	5.92000000e+02
7.78578940e+00	2022-05-17T19:23:17.022637	205	6.45000000e+02
7.80828700e+00	2022-05-17T19:23:17.053919	206	5.87000000e+02
7.82970050e+00	2022-05-17T19:23:17.069578	207	5.91000000e+02
7.83854370e+00	2022-05-17T19:23:17.085709	208	5.91000000e+02
7.84700860e+00	2022-05-17T19:23:17.085709	209	5.88000000e+02
7.86927550e+00	2022-05-17T19:23:17.116393	210	5.88000000e+02
7.89051180e+00	2022-05-17T19:23:17.138593	211	5.87000000e+02
7.89595980e+00	2022-05-17T19:23:17.138593	212	5.95000000e+02
7.90381730e+00	2022-05-17T19:23:17.138593	213	5.93000000e+02
7.91244030e+00	2022-05-17T19:23:17.154722	214	6.00000000e+02
7.93718500e+00	2022-05-17T19:23:17.185493	215	5.94000000e+02
7.95853750e+00	2022-05-17T19:23:17.201118	216	5.87000000e+02
7.96943980e+00	2022-05-17T19:23:17.216700	217	5.89000000e+02
7.97779730e+00	2022-05-17T19:23:17.223815	218	6.04000000e+02
7.98650550e+00	2022-05-17T19:23:17.223815	219	6.06000000e+02
8.00696820e+00	2022-05-17T19:23:17.255100	220	6.01000000e+02
8.02881790e+00	2022-05-17T19:23:17.270725	221	5.91000000e+02
8.03950070e+00	2022-05-17T19:23:17.286518	222	5.88000000e+02
8.05132290e+00	2022-05-17T19:23:17.286518	223	5.92000000e+02
8.06927700e+00	2022-05-17T19:23:17.303087	224	6.40000000e+02
8.08452600e+00	2022-05-17T19:23:17.323807	225	5.90000000e+02
8.09976510e+00	2022-05-17T19:23:17.339730	226	5.98000000e+02
8.10844000e+00	2022-05-17T19:23:17.355595	227	6.12000000e+02
8.11727320e+00	2022-05-17T19:23:17.355595	228	5.89000000e+02
8.15004470e+00	2022-05-17T19:23:17.386295	229	5.91000000e+02
8.17238690e+00	2022-05-17T19:23:17.417582	230	6.04000000e+02
8.18271490e+00	2022-05-17T19:23:17.424374	231	5.98000000e+02
8.19087860e+00	2022-05-17T19:23:17.424374	232	5.89000000e+02
8.19921600e+00	2022-05-17T19:23:17.440379	233	6.42000000e+02
8.22257660e+00	2022-05-17T19:23:17.456052	234	5.86000000e+02
8.23873000e+00	2022-05-17T19:23:17.486930	235	5.87000000e+02
8.24019570e+00	2022-05-17T19:23:17.487433	236	6.05000000e+02
8.25226430e+00	2022-05-17T19:23:17.487433	237	5.89000000e+02
8.26058000e+00	2022-05-17T19:23:17.503492	238	6.44000000e+02
8.28546170e+00	2022-05-17T19:23:17.524670	239	6.04000000e+02
8.30699570e+00	2022-05-17T19:23:17.540325	240	5.88000000e+02
8.31756590e+00	2022-05-17T19:23:17.555916	241	5.92000000e+02
8.34072670e+00	2022-05-17T19:23:17.587184	242	5.94000000e+02
8.35784790e+00	2022-05-17T19:23:17.602821	243	5.87000000e+02
8.36635590e+00	2022-05-17T19:23:17.602821	244	5.92000000e+02
8.37510760e+00	2022-05-17T19:23:17.618892	245	5.92000000e+02
8.38390520e+00	2022-05-17T19:23:17.625333	246	6.01000000e+02
8.40828690e+00	2022-05-17T19:23:17.656630	247	5.89000000e+02
8.43031190e+00	2022-05-17T19:23:17.672238	248	5.86000000e+02
8.44072390e+00	2022-05-17T19:23:17.687906	249	5.89000000e+02
8.44906790e+00	2022-05-17T19:23:17.687906	250	6.04000000e+02
8.47237830e+00	2022-05-17T19:23:17.719090	251	5.87000000e+02
8.49380200e+00	2022-05-17T19:23:17.741280	252	6.04000000e+02
8.50310930e+00	2022-05-17T19:23:17.741280	253	5.91000000e+02
8.51481010e+00	2022-05-17T19:23:17.757460	254	5.90000000e+02
8.53353910e+00	2022-05-17T19:23:17.772983	255	5.90000000e+02
8.54191910e+00	2022-05-17T19:23:17.788138	256	6.38000000e+02
8.55796070e+00	2022-05-17T19:23:17.803771	257	5.87000000e+02
8.56724090e+00	2022-05-17T19:23:17.803771	258	5.95000000e+02
8.57602400e+00	2022-05-17T19:23:17.819811	259	5.94000000e+02
8.58757210e+00	2022-05-17T19:23:17.826261	260	5.89000000e+02
8.61033030e+00	2022-05-17T19:23:17.857551	261	5.88000000e+02
8.63161910e+00	2022-05-17T19:23:17.873165	262	5.87000000e+02
8.63729570e+00	2022-05-17T19:23:17.873165	263	6.07000000e+02
8.64593890e+00	2022-05-17T19:23:17.889258	264	6.43000000e+02
8.66673400e+00	2022-05-17T19:23:17.904899	265	5.87000000e+02
8.69051010e+00	2022-05-17T19:23:17.926522	266	5.88000000e+02
8.69801540e+00	2022-05-17T19:23:17.942183	267	5.92000000e+02
8.70700900e+00	2022-05-17T19:23:17.942183	268	5.91000000e+02
8.71906800e+00	2022-05-17T19:23:17.958255	269	6.33000000e+02
8.74259970e+00	2022-05-17T19:23:17.989036	270	5.87000000e+02
8.76308930e+00	2022-05-17T19:23:18.004658	271	5.94000000e+02
8.76792070e+00	2022-05-17T19:23:18.004658	272	6.15000000e+02
8.77655370e+00	2022-05-17T19:23:18.020795	273	5.89000000e+02
8.78467150e+00	2022-05-17T19:23:18.027259	274	6.40000000e+02
8.79350570e+00	2022-05-17T19:23:18.027259	275	6.04000000e+02
8.81009580e+00	2022-05-17T19:23:18.058506	276	5.93000000e+02
8.83213480e+00	2022-05-17T19:23:18.074170	277	5.87000000e+02
8.84215890e+00	2022-05-17T19:23:18.089783	278	6.08000000e+02
8.85422350e+00	2022-05-17T19:23:18.089783	279	5.89000000e+02
8.87513880e+00	2022-05-17T19:23:18.120991	280	5.95000000e+02
8.89629980e+00	2022-05-17T19:23:18.143190	281	5.87000000e+02
8.90788360e+00	2022-05-17T19:23:18.143190	282	5.92000000e+02
8.91952270e+00	2022-05-17T19:23:18.159220	283	5.94000000e+02
8.94205590e+00	2022-05-17T19:23:18.190015	284	6.40000000e+02
8.96605580e+00	2022-05-17T19:23:18.205666	285	6.03000000e+02
8.96876730e+00	2022-05-17T19:23:18.205666	286	5.88000000e+02
8.97732200e+00	2022-05-17T19:23:18.221683	287	5.88000000e+02
8.98968160e+00	2022-05-17T19:23:18.228157	288	5.94000000e+02
9.01465740e+00	2022-05-17T19:23:18.259429	289	5.87000000e+02
9.03679210e+00	2022-05-17T19:23:18.275062	290	5.89000000e+02
9.04679250e+00	2022-05-17T19:23:18.291005	291	5.93000000e+02
9.05508430e+00	2022-05-17T19:23:18.291005	292	5.88000000e+02
9.07470770e+00	2022-05-17T19:23:18.323057	293	5.86000000e+02
9.09418070e+00	2022-05-17T19:23:18.328105	294	5.89000000e+02
9.09584490e+00	2022-05-17T19:23:18.343730	295	5.89000000e+02
9.10944890e+00	2022-05-17T19:23:18.343730	296	6.07000000e+02
9.12061270e+00	2022-05-17T19:23:18.359699	297	5.91000000e+02
9.14644120e+00	2022-05-17T19:23:18.390632	298	6.44000000e+02
9.17139720e+00	2022-05-17T19:23:18.406258	299	6.05000000e+02
9.17762330e+00	2022-05-17T19:23:18.421874	300	5.91000000e+02
9.18739900e+00	2022-05-17T19:23:18.428910	301	5.94000000e+02
9.21360540e+00	2022-05-17T19:23:18.460185	302	5.87000000e+02
9.23700880e+00	2022-05-17T19:23:18.475818	303	5.96000000e+02
9.24364080e+00	2022-05-17T19:23:18.492085	304	5.90000000e+02
9.25571780e+00	2022-05-17T19:23:18.492085	305	5.95000000e+02
9.27875060e+00	2022-05-17T19:23:18.523356	306	6.04000000e+02
9.29577170e+00	2022-05-17T19:23:18.528909	307	6.45000000e+02
9.30438820e+00	2022-05-17T19:23:18.544534	308	5.91000000e+02
9.31335910e+00	2022-05-17T19:23:18.560456	309	6.12000000e+02
9.32561860e+00	2022-05-17T19:23:18.560456	310	5.88000000e+02
9.36253090e+00	2022-05-17T19:23:18.607059	311	5.86000000e+02
9.36994930e+00	2022-05-17T19:23:18.607059	312	6.08000000e+02
9.37864420e+00	2022-05-17T19:23:18.623195	313	5.94000000e+02
9.38665970e+00	2022-05-17T19:23:18.629684	314	5.98000000e+02
9.39522970e+00	2022-05-17T19:23:18.629684	315	6.40000000e+02
9.42076700e+00	2022-05-17T19:23:18.660956	316	6.43000000e+02
9.43843480e+00	2022-05-17T19:23:18.676590	317	5.96000000e+02
9.44853010e+00	2022-05-17T19:23:18.692547	318	5.90000000e+02
9.47709840e+00	2022-05-17T19:23:18.723442	319	5.88000000e+02
9.49604250e+00	2022-05-17T19:23:18.729983	320	5.89000000e+02
9.50494960e+00	2022-05-17T19:23:18.745645	321	5.91000000e+02
9.51398230e+00	2022-05-17T19:23:18.761229	322	5.89000000e+02
9.52612240e+00	2022-05-17T19:23:18.761229	323	6.02000000e+02
9.54734940e+00	2022-05-17T19:23:18.792497	324	5.90000000e+02
9.57082720e+00	2022-05-17T19:23:18.808132	325	6.27000000e+02
9.57931610e+00	2022-05-17T19:23:18.824268	326	5.90000000e+02
9.58751370e+00	2022-05-17T19:23:18.830769	327	6.40000000e+02
9.59586260e+00	2022-05-17T19:23:18.830769	328	5.89000000e+02
9.61575560e+00	2022-05-17T19:23:18.862045	329	6.40000000e+02
9.63886740e+00	2022-05-17T19:23:18.877675	330	5.87000000e+02
9.64898990e+00	2022-05-17T19:23:18.893724	331	6.16000000e+02
9.67619100e+00	2022-05-17T19:23:18.924538	332	5.88000000e+02
9.68529680e+00	2022-05-17T19:23:18.931086	333	5.87000000e+02
9.70302630e+00	2022-05-17T19:23:18.946752	334	5.91000000e+02
9.71444410e+00	2022-05-17T19:23:18.962410	335	5.87000000e+02
9.72274690e+00	2022-05-17T19:23:18.962410	336	5.90000000e+02
9.74112630e+00	2022-05-17T19:23:18.978108	337	5.88000000e+02
9.75707350e+00	2022-05-17T19:23:18.993648	338	5.96000000e+02
9.77066910e+00	2022-05-17T19:23:19.009200	339	6.01000000e+02
9.77997530e+00	2022-05-17T19:23:19.024855	340	5.97000000e+02
9.78824200e+00	2022-05-17T19:23:19.031650	341	5.89000000e+02
9.79641400e+00	2022-05-17T19:23:19.031650	342	5.89000000e+02
9.82263380e+00	2022-05-17T19:23:19.062922	343	6.23000000e+02
9.84106350e+00	2022-05-17T19:23:19.078554	344	5.94000000e+02
9.85020880e+00	2022-05-17T19:23:19.094574	345	5.91000000e+02
9.86197510e+00	2022-05-17T19:23:19.109816	346	5.94000000e+02
9.88004220e+00	2022-05-17T19:23:19.125407	347	5.94000000e+02
9.90374380e+00	2022-05-17T19:23:19.147618	348	5.88000000e+02
9.91106130e+00	2022-05-17T19:23:19.147618	349	5.89000000e+02
9.91866060e+00	2022-05-17T19:23:19.163739	350	5.93000000e+02
9.92759720e+00	2022-05-17T19:23:19.163739	351	5.89000000e+02
9.94887400e+00	2022-05-17T19:23:19.194467	352	5.93000000e+02
9.96827750e+00	2022-05-17T19:23:19.210100	353	5.91000000e+02
9.97606360e+00	2022-05-17T19:23:19.210100	354	5.92000000e+02
9.98467660e+00	2022-05-17T19:23:19.232225	355	6.11000000e+02
9.99322070e+00	2022-05-17T19:23:19.232225	356	5.88000000e+02
1.00168412e+01	2022-05-17T19:23:19.263498	357	6.03000000e+02
1.00250178e+01	2022-05-17T19:23:19.263498	358	5.92000000e+02
1.00438266e+01	2022-05-17T19:23:19.279170	359	5.87000000e+02
1.00544810e+01	2022-05-17T19:23:19.295243	360	5.90000000e+02
1.00783602e+01	2022-05-17T19:23:19.326702	361	5.96000000e+02
1.00811083e+01	2022-05-17T19:23:19.326702	362	6.40000000e+02
1.01055583e+01	2022-05-17T19:23:19.347915	363	5.94000000e+02
1.01117409e+01	2022-05-17T19:23:19.347915	364	5.96000000e+02
1.01198191e+01	2022-05-17T19:23:19.363502	365	5.89000000e+02
1.01282234e+01	2022-05-17T19:23:19.363502	366	5.96000000e+02
1.01585461e+01	2022-05-17T19:23:19.394738	367	6.01000000e+02
1.01766808e+01	2022-05-17T19:23:19.410415	368	6.27000000e+02
1.01867739e+01	2022-05-17T19:23:19.432532	369	5.88000000e+02
1.01981038e+01	2022-05-17T19:23:19.432532	370	5.88000000e+02
1.02100686e+01	2022-05-17T19:23:19.448592	371	6.44000000e+02
1.02392408e+01	2022-05-17T19:23:19.479438	372	5.91000000e+02
1.02583454e+01	2022-05-17T19:23:19.495666	373	5.88000000e+02
1.02670822e+01	2022-05-17T19:23:19.511846	374	5.88000000e+02
1.02756899e+01	2022-05-17T19:23:19.511846	375	5.94000000e+02
1.02976174e+01	2022-05-17T19:23:19.532424	376	5.87000000e+02
1.03218369e+01	2022-05-17T19:23:19.563706	377	5.87000000e+02
1.03327324e+01	2022-05-17T19:23:19.579802	378	5.88000000e+02
1.03413486e+01	2022-05-17T19:23:19.579802	379	5.88000000e+02
1.03647570e+01	2022-05-17T19:23:19.610560	380	5.89000000e+02
1.03730986e+01	2022-05-17T19:23:19.610560	381	5.98000000e+02
1.03915777e+01	2022-05-17T19:23:19.632741	382	5.91000000e+02
1.03938238e+01	2022-05-17T19:23:19.632741	383	5.92000000e+02
1.04018914e+01	2022-05-17T19:23:19.648663	384	5.88000000e+02
1.04108428e+01	2022-05-17T19:23:19.648663	385	5.91000000e+02
1.04369480e+01	2022-05-17T19:23:19.679634	386	5.89000000e+02
1.04600761e+01	2022-05-17T19:23:19.695265	387	5.87000000e+02
1.04721231e+01	2022-05-17T19:23:19.711348	388	5.90000000e+02
1.04968384e+01	2022-05-17T19:23:19.733102	389	5.86000000e+02
1.05161615e+01	2022-05-17T19:23:19.764383	390	5.90000000e+02
1.05237071e+01	2022-05-17T19:23:19.764383	391	5.89000000e+02
1.05292664e+01	2022-05-17T19:23:19.764383	392	5.95000000e+02
1.05378325e+01	2022-05-17T19:23:19.780441	393	5.88000000e+02
1.05590091e+01	2022-05-17T19:23:19.796084	394	5.89000000e+02
1.05677008e+01	2022-05-17T19:23:19.811286	395	5.88000000e+02
1.05921152e+01	2022-05-17T19:23:19.833414	396	5.89000000e+02
1.06031362e+01	2022-05-17T19:23:19.849334	397	5.94000000e+02
1.06115946e+01	2022-05-17T19:23:19.849334	398	5.88000000e+02
1.06376946e+01	2022-05-17T19:23:19.880281	399	5.92000000e+02
1.06552315e+01	2022-05-17T19:23:19.895938	400	5.86000000e+02
1.06649635e+01	2022-05-17T19:23:19.911804	401	5.94000000e+02
1.06769483e+01	2022-05-17T19:23:19.911804	402	5.90000000e+02
1.06986346e+01	2022-05-17T19:23:19.933648	403	5.93000000e+02
1.07224823e+01	2022-05-17T19:23:19.964897	404	5.97000000e+02
1.07264153e+01	2022-05-17T19:23:19.964897	405	5.92000000e+02
1.07387166e+01	2022-05-17T19:23:19.980516	406	5.94000000e+02
1.07635433e+01	2022-05-17T19:23:20.011784	407	6.01000000e+02
1.07902090e+01	2022-05-17T19:23:20.033954	408	5.95000000e+02
1.07974991e+01	2022-05-17T19:23:20.033954	409	5.97000000e+02
1.08081359e+01	2022-05-17T19:23:20.050000	410	5.88000000e+02
1.08324835e+01	2022-05-17T19:23:20.080853	411	6.42000000e+02
1.08381147e+01	2022-05-17T19:23:20.080853	412	5.88000000e+02
1.08555757e+01	2022-05-17T19:23:20.096481	413	5.87000000e+02
1.08648637e+01	2022-05-17T19:23:20.112065	414	6.14000000e+02
1.08737250e+01	2022-05-17T19:23:20.112065	415	5.99000000e+02
1.08973915e+01	2022-05-17T19:23:20.134273	416	5.99000000e+02
1.09231775e+01	2022-05-17T19:23:20.165547	417	6.04000000e+02
1.09267554e+01	2022-05-17T19:23:20.165547	418	5.89000000e+02
1.09345086e+01	2022-05-17T19:23:20.181429	419	5.89000000e+02
1.09433600e+01	2022-05-17T19:23:20.181429	420	5.89000000e+02
1.09640050e+01	2022-05-17T19:23:20.212412	421	5.87000000e+02
1.09892967e+01	2022-05-17T19:23:20.234588	422	5.93000000e+02
1.09915454e+01	2022-05-17T19:23:20.234588	423	6.44000000e+02
1.10000194e+01	2022-05-17T19:23:20.234588	424	5.88000000e+02
1.10088506e+01	2022-05-17T19:23:20.250674	425	5.88000000e+02
1.10344397e+01	2022-05-17T19:23:20.281455	426	6.01000000e+02
1.10537631e+01	2022-05-17T19:23:20.297114	427	5.88000000e+02
1.10615821e+01	2022-05-17T19:23:20.297114	428	5.89000000e+02
1.10701771e+01	2022-05-17T19:23:20.313980	429	5.89000000e+02
1.10785493e+01	2022-05-17T19:23:20.313980	430	6.00000000e+02
1.10976628e+01	2022-05-17T19:23:20.334605	431	5.87000000e+02
1.11172002e+01	2022-05-17T19:23:20.350273	432	5.93000000e+02
1.11311340e+01	2022-05-17T19:23:20.365888	433	6.17000000e+02
1.11397368e+01	2022-05-17T19:23:20.381763	434	5.91000000e+02
1.11482842e+01	2022-05-17T19:23:20.381763	435	5.89000000e+02
1.11654805e+01	2022-05-17T19:23:20.412741	436	6.37000000e+02
1.11843334e+01	2022-05-17T19:23:20.428373	437	6.00000000e+02
1.11928861e+01	2022-05-17T19:23:20.434919	438	5.92000000e+02
1.12019885e+01	2022-05-17T19:23:20.450589	439	5.88000000e+02
1.12135703e+01	2022-05-17T19:23:20.450589	440	5.90000000e+02
1.12346657e+01	2022-05-17T19:23:20.481813	441	6.09000000e+02
1.12583286e+01	2022-05-17T19:23:20.498038	442	5.89000000e+02
1.12665539e+01	2022-05-17T19:23:20.513663	443	5.88000000e+02
1.12756618e+01	2022-05-17T19:23:20.513663	444	5.88000000e+02
1.12924510e+01	2022-05-17T19:23:20.534855	445	5.87000000e+02
1.13221563e+01	2022-05-17T19:23:20.566138	446	5.94000000e+02
1.13324471e+01	2022-05-17T19:23:20.566138	447	5.92000000e+02
1.13445136e+01	2022-05-17T19:23:20.581939	448	5.88000000e+02
1.13654776e+01	2022-05-17T19:23:20.612964	449	5.91000000e+02
1.13843306e+01	2022-05-17T19:23:20.628612	450	5.89000000e+02
1.13920923e+01	2022-05-17T19:23:20.635157	451	5.87000000e+02
1.14014875e+01	2022-05-17T19:23:20.635157	452	6.01000000e+02
1.14102376e+01	2022-05-17T19:23:20.651190	453	6.00000000e+02
1.14332707e+01	2022-05-17T19:23:20.666847	454	5.86000000e+02
1.14529284e+01	2022-05-17T19:23:20.697682	455	5.91000000e+02
1.14633762e+01	2022-05-17T19:23:20.697682	456	5.89000000e+02
1.14715644e+01	2022-05-17T19:23:20.713267	457	5.87000000e+02
1.14798756e+01	2022-05-17T19:23:20.713267	458	5.91000000e+02
1.15032644e+01	2022-05-17T19:23:20.750963	459	5.88000000e+02
1.15192872e+01	2022-05-17T19:23:20.766622	460	5.88000000e+02
1.15285679e+01	2022-05-17T19:23:20.766622	461	5.92000000e+02
1.15369505e+01	2022-05-17T19:23:20.782516	462	6.40000000e+02
1.15456186e+01	2022-05-17T19:23:20.782516	463	6.38000000e+02
1.15717807e+01	2022-05-17T19:23:20.813473	464	5.87000000e+02
1.15911398e+01	2022-05-17T19:23:20.835653	465	5.86000000e+02
1.16026145e+01	2022-05-17T19:23:20.835653	466	5.94000000e+02
1.16109617e+01	2022-05-17T19:23:20.851306	467	5.89000000e+02
1.16334314e+01	2022-05-17T19:23:20.867316	468	5.88000000e+02
1.16581682e+01	2022-05-17T19:23:20.898179	469	5.89000000e+02
1.16640097e+01	2022-05-17T19:23:20.898179	470	5.98000000e+02
1.16723326e+01	2022-05-17T19:23:20.914052	471	5.89000000e+02
1.16804588e+01	2022-05-17T19:23:20.914052	472	6.01000000e+02
1.16964887e+01	2022-05-17T19:23:20.935921	473	5.97000000e+02
1.17218507e+01	2022-05-17T19:23:20.967208	474	5.91000000e+02
1.17332026e+01	2022-05-17T19:23:20.967208	475	6.40000000e+02
1.17419800e+01	2022-05-17T19:23:20.983212	476	6.03000000e+02
1.17656701e+01	2022-05-17T19:23:21.014032	477	6.41000000e+02
1.17708536e+01	2022-05-17T19:23:21.014032	478	5.94000000e+02
1.17948800e+01	2022-05-17T19:23:21.036195	479	5.91000000e+02
1.18034218e+01	2022-05-17T19:23:21.051854	480	6.38000000e+02
1.18114523e+01	2022-05-17T19:23:21.051854	481	5.92000000e+02
1.18205431e+01	2022-05-17T19:23:21.067441	482	6.03000000e+02
1.18364425e+01	2022-05-17T19:23:21.083087	483	5.90000000e+02
1.18441310e+01	2022-05-17T19:23:21.083087	484	5.93000000e+02
1.18633269e+01	2022-05-17T19:23:21.098720	485	5.86000000e+02
1.18729784e+01	2022-05-17T19:23:21.114514	486	5.92000000e+02
1.18811798e+01	2022-05-17T19:23:21.114514	487	5.95000000e+02
1.19001381e+01	2022-05-17T19:23:21.136494	488	5.87000000e+02
1.19265848e+01	2022-05-17T19:23:21.167778	489	5.92000000e+02
1.19382264e+01	2022-05-17T19:23:21.183681	490	5.88000000e+02
1.19464923e+01	2022-05-17T19:23:21.183681	491	5.89000000e+02
1.19676274e+01	2022-05-17T19:23:21.214630	492	5.88000000e+02
1.19922455e+01	2022-05-17T19:23:21.236769	493	5.89000000e+02
1.19955547e+01	2022-05-17T19:23:21.236769	494	6.44000000e+02
1.20047130e+01	2022-05-17T19:23:21.252406	495	5.93000000e+02
1.20164825e+01	2022-05-17T19:23:21.252406	496	5.88000000e+02
1.20364484e+01	2022-05-17T19:23:21.283688	497	5.88000000e+02
1.20624911e+01	2022-05-17T19:23:21.299345	498	5.88000000e+02
1.20736993e+01	2022-05-17T19:23:21.316144	499	6.07000000e+02
1.20996988e+01	2022-05-17T19:23:21.336817	500	5.87000000e+02
1.21260353e+01	2022-05-17T19:23:21.368101	501	5.87000000e+02
1.21345986e+01	2022-05-17T19:23:21.368101	502	5.88000000e+02
1.21437180e+01	2022-05-17T19:23:21.383685	503	5.88000000e+02
1.21662327e+01	2022-05-17T19:23:21.399728	504	5.91000000e+02
1.21933080e+01	2022-05-17T19:23:21.437133	505	5.94000000e+02
1.22050455e+01	2022-05-17T19:23:21.452801	506	5.98000000e+02
1.22130301e+01	2022-05-17T19:23:21.452801	507	5.88000000e+02
1.22352561e+01	2022-05-17T19:23:21.468381	508	5.87000000e+02
1.22431040e+01	2022-05-17T19:23:21.484002	509	5.95000000e+02
1.22684031e+01	2022-05-17T19:23:21.515931	510	6.09000000e+02
1.22739784e+01	2022-05-17T19:23:21.515931	511	5.93000000e+02
1.22827753e+01	2022-05-17T19:23:21.515931	512	5.95000000e+02
1.22946501e+01	2022-05-17T19:23:21.537638	513	5.87000000e+02
1.23029652e+01	2022-05-17T19:23:21.537638	514	6.11000000e+02
1.23216553e+01	2022-05-17T19:23:21.568911	515	5.92000000e+02
1.23471093e+01	2022-05-17T19:23:21.584542	516	5.87000000e+02
1.23522191e+01	2022-05-17T19:23:21.600158	517	5.89000000e+02
1.23607924e+01	2022-05-17T19:23:21.600158	518	5.92000000e+02
1.23837870e+01	2022-05-17T19:23:21.631369	519	6.40000000e+02
1.24097734e+01	2022-05-17T19:23:21.653559	520	5.87000000e+02
1.24173626e+01	2022-05-17T19:23:21.653559	521	5.92000000e+02
1.24258050e+01	2022-05-17T19:23:21.669673	522	6.11000000e+02
1.24340899e+01	2022-05-17T19:23:21.669673	523	5.90000000e+02
1.24520091e+01	2022-05-17T19:23:21.700415	524	5.87000000e+02
1.24731408e+01	2022-05-17T19:23:21.716044	525	6.06000000e+02
1.24824699e+01	2022-05-17T19:23:21.716044	526	6.03000000e+02
1.24915403e+01	2022-05-17T19:23:21.738706	527	5.88000000e+02
1.25034713e+01	2022-05-17T19:23:21.738706	528	5.89000000e+02
1.25222987e+01	2022-05-17T19:23:21.769991	529	6.44000000e+02
1.25485833e+01	2022-05-17T19:23:21.785610	530	6.22000000e+02
1.25561951e+01	2022-05-17T19:23:21.801738	531	5.88000000e+02
1.25653900e+01	2022-05-17T19:23:21.801738	532	5.89000000e+02
1.25868110e+01	2022-05-17T19:23:21.832481	533	5.88000000e+02
1.26328394e+01	2022-05-17T19:23:21.870312	534	5.93000000e+02
1.26429988e+01	2022-05-17T19:23:21.886045	535	5.89000000e+02
1.26695488e+01	2022-05-17T19:23:21.917159	536	5.91000000e+02
1.26975300e+01	2022-05-17T19:23:21.939285	537	5.90000000e+02
1.27082694e+01	2022-05-17T19:23:21.955442	538	5.90000000e+02
1.27165463e+01	2022-05-17T19:23:21.955442	539	5.91000000e+02
1.27400302e+01	2022-05-17T19:23:21.986184	540	6.40000000e+02
1.27669029e+01	2022-05-17T19:23:22.001812	541	6.40000000e+02
1.27782348e+01	2022-05-17T19:23:22.017433	542	5.96000000e+02
1.28017288e+01	2022-05-17T19:23:22.039507	543	5.87000000e+02
1.28282444e+01	2022-05-17T19:23:22.070794	544	5.87000000e+02
1.28352502e+01	2022-05-17T19:23:22.070794	545	5.88000000e+02
1.28436947e+01	2022-05-17T19:23:22.086889	546	5.96000000e+02
1.28512532e+01	2022-05-17T19:23:22.086889	547	6.10000000e+02
1.28702365e+01	2022-05-17T19:23:22.117653	548	6.04000000e+02
1.28967201e+01	2022-05-17T19:23:22.139794	549	5.95000000e+02
1.29004437e+01	2022-05-17T19:23:22.139794	550	5.90000000e+02
1.29093777e+01	2022-05-17T19:23:22.156021	551	5.89000000e+02
1.29212893e+01	2022-05-17T19:23:22.156021	552	5.88000000e+02
1.29408920e+01	2022-05-17T19:23:22.186706	553	5.88000000e+02
1.29672019e+01	2022-05-17T19:23:22.202321	554	6.38000000e+02
1.29790639e+01	2022-05-17T19:23:22.218395	555	6.04000000e+02
1.30028342e+01	2022-05-17T19:23:22.240053	556	6.41000000e+02
1.30294900e+01	2022-05-17T19:23:22.271339	557	5.88000000e+02
1.30402385e+01	2022-05-17T19:23:22.287428	558	5.89000000e+02
1.30523754e+01	2022-05-17T19:23:22.287428	559	6.00000000e+02
1.30713763e+01	2022-05-17T19:23:22.319280	560	5.87000000e+02
1.30978143e+01	2022-05-17T19:23:22.339949	561	6.40000000e+02
1.31015955e+01	2022-05-17T19:23:22.339949	562	5.89000000e+02
1.31092515e+01	2022-05-17T19:23:22.356163	563	5.88000000e+02
1.31178115e+01	2022-05-17T19:23:22.356163	564	5.98000000e+02
1.31429123e+01	2022-05-17T19:23:22.386842	565	5.87000000e+02
1.31635064e+01	2022-05-17T19:23:22.402482	566	6.05000000e+02
1.31782713e+01	2022-05-17T19:23:22.418411	567	5.97000000e+02
1.31872752e+01	2022-05-17T19:23:22.434190	568	5.88000000e+02
1.31957641e+01	2022-05-17T19:23:22.440766	569	6.05000000e+02
1.32043549e+01	2022-05-17T19:23:22.440766	570	6.34000000e+02
1.32305086e+01	2022-05-17T19:23:22.472077	571	5.87000000e+02
1.32509306e+01	2022-05-17T19:23:22.488307	572	5.89000000e+02
1.32525278e+01	2022-05-17T19:23:22.488307	573	5.92000000e+02
1.32614715e+01	2022-05-17T19:23:22.504258	574	5.90000000e+02
1.32886753e+01	2022-05-17T19:23:22.535215	575	6.39000000e+02
1.33103364e+01	2022-05-17T19:23:22.556438	576	5.87000000e+02
1.33182817e+01	2022-05-17T19:23:22.556438	577	5.89000000e+02
1.33263498e+01	2022-05-17T19:23:22.572612	578	6.18000000e+02
1.33345115e+01	2022-05-17T19:23:22.572612	579	5.92000000e+02
1.33573665e+01	2022-05-17T19:23:22.603259	580	5.91000000e+02
1.33789364e+01	2022-05-17T19:23:22.618926	581	6.25000000e+02
1.33879295e+01	2022-05-17T19:23:22.634799	582	5.88000000e+02
1.33965536e+01	2022-05-17T19:23:22.641384	583	6.39000000e+02
1.34048609e+01	2022-05-17T19:23:22.641384	584	5.91000000e+02
1.34272355e+01	2022-05-17T19:23:22.672670	585	5.87000000e+02
1.34546737e+01	2022-05-17T19:23:22.688328	586	5.89000000e+02
1.34655878e+01	2022-05-17T19:23:22.704201	587	5.87000000e+02
1.34892230e+01	2022-05-17T19:23:22.735115	588	5.90000000e+02
1.35174675e+01	2022-05-17T19:23:22.757318	589	5.93000000e+02
1.35275472e+01	2022-05-17T19:23:22.773353	590	5.94000000e+02
1.35398747e+01	2022-05-17T19:23:22.773353	591	5.88000000e+02
1.35648135e+01	2022-05-17T19:23:22.804134	592	6.37000000e+02
1.35870228e+01	2022-05-17T19:23:22.835382	593	5.87000000e+02
1.35971834e+01	2022-05-17T19:23:22.841887	594	5.90000000e+02
1.36055639e+01	2022-05-17T19:23:22.841887	595	6.02000000e+02
1.36174107e+01	2022-05-17T19:23:22.858040	596	5.88000000e+02
1.36331796e+01	2022-05-17T19:23:22.873169	597	5.91000000e+02
1.36435683e+01	2022-05-17T19:23:22.888782	598	6.00000000e+02
1.36648441e+01	2022-05-17T19:23:22.904418	599	5.93000000e+02
1.36749829e+01	2022-05-17T19:23:22.920038	600	5.94000000e+02
1.36830748e+01	2022-05-17T19:23:22.920038	601	5.88000000e+02
1.36914640e+01	2022-05-17T19:23:22.936171	602	5.98000000e+02
1.37000530e+01	2022-05-17T19:23:22.942661	603	5.88000000e+02
1.37132341e+01	2022-05-17T19:23:22.958795	604	5.95000000e+02
1.37274191e+01	2022-05-17T19:23:22.973933	605	6.39000000e+02
1.37504340e+01	2022-05-17T19:23:22.989573	606	5.88000000e+02
1.37604195e+01	2022-05-17T19:23:23.005190	607	6.31000000e+02
1.37688980e+01	2022-05-17T19:23:23.005190	608	5.89000000e+02
1.37775709e+01	2022-05-17T19:23:23.021004	609	5.88000000e+02
1.38043238e+01	2022-05-17T19:23:23.042963	610	6.12000000e+02
1.38061704e+01	2022-05-17T19:23:23.042963	611	5.94000000e+02
1.38341224e+01	2022-05-17T19:23:23.074247	612	5.89000000e+02
1.38433846e+01	2022-05-17T19:23:23.090353	613	5.94000000e+02
1.38553026e+01	2022-05-17T19:23:23.090353	614	5.88000000e+02
1.38830819e+01	2022-05-17T19:23:23.121112	615	6.00000000e+02
1.39044345e+01	2022-05-17T19:23:23.143353	616	5.89000000e+02
1.39176272e+01	2022-05-17T19:23:23.159498	617	5.89000000e+02
1.39453155e+01	2022-05-17T19:23:23.190260	618	5.92000000e+02
1.39717174e+01	2022-05-17T19:23:23.205915	619	5.87000000e+02
1.39823050e+01	2022-05-17T19:23:23.221936	620	6.05000000e+02
1.40086266e+01	2022-05-17T19:23:23.243273	621	5.88000000e+02
1.40154947e+01	2022-05-17T19:23:23.258939	622	5.87000000e+02
1.40371100e+01	2022-05-17T19:23:23.274590	623	5.89000000e+02
1.40479249e+01	2022-05-17T19:23:23.290729	624	5.88000000e+02
1.40755168e+01	2022-05-17T19:23:23.322546	625	5.92000000e+02
1.41043488e+01	2022-05-17T19:23:23.343291	626	5.89000000e+02
1.41132866e+01	2022-05-17T19:23:23.359516	627	5.89000000e+02
1.41216350e+01	2022-05-17T19:23:23.359516	628	6.08000000e+02
1.41446948e+01	2022-05-17T19:23:23.390200	629	5.87000000e+02
1.41731218e+01	2022-05-17T19:23:23.421401	630	5.87000000e+02
1.41829328e+01	2022-05-17T19:23:23.421401	631	5.93000000e+02
1.42066875e+01	2022-05-17T19:23:23.443220	632	5.87000000e+02
1.42296510e+01	2022-05-17T19:23:23.474504	633	5.91000000e+02
1.42377151e+01	2022-05-17T19:23:23.474504	634	5.87000000e+02
1.42490041e+01	2022-05-17T19:23:23.491994	635	5.91000000e+02
1.42825890e+01	2022-05-17T19:23:23.523266	636	5.87000000e+02
1.43049293e+01	2022-05-17T19:23:23.543515	637	6.40000000e+02
1.43140748e+01	2022-05-17T19:23:23.559648	638	5.93000000e+02
1.43265974e+01	2022-05-17T19:23:23.574760	639	5.96000000e+02
1.43386031e+01	2022-05-17T19:23:23.574760	640	5.91000000e+02
1.43593114e+01	2022-05-17T19:23:23.606028	641	5.88000000e+02
1.43871123e+01	2022-05-17T19:23:23.621662	642	6.42000000e+02
1.43917919e+01	2022-05-17T19:23:23.637283	643	6.39000000e+02
1.43998086e+01	2022-05-17T19:23:23.644322	644	5.88000000e+02
1.44082223e+01	2022-05-17T19:23:23.644322	645	5.91000000e+02
1.44288054e+01	2022-05-17T19:23:23.675594	646	5.93000000e+02
1.44575742e+01	2022-05-17T19:23:23.691226	647	5.99000000e+02
1.44616645e+01	2022-05-17T19:23:23.706849	648	5.89000000e+02
1.44736135e+01	2022-05-17T19:23:23.706849	649	6.31000000e+02
1.44822794e+01	2022-05-17T19:23:23.722456	650	5.89000000e+02
1.45057999e+01	2022-05-17T19:23:23.744468	651	5.91000000e+02
1.45077493e+01	2022-05-17T19:23:23.744468	652	5.93000000e+02
1.45307446e+01	2022-05-17T19:23:23.775752	653	5.87000000e+02
1.45392246e+01	2022-05-17T19:23:23.775752	654	6.31000000e+02
1.45469088e+01	2022-05-17T19:23:23.791872	655	5.93000000e+02
1.45558658e+01	2022-05-17T19:23:23.791872	656	5.88000000e+02
1.45835119e+01	2022-05-17T19:23:23.822604	657	6.37000000e+02
1.46072898e+01	2022-05-17T19:23:23.844778	658	5.93000000e+02
1.46169139e+01	2022-05-17T19:23:23.860709	659	5.88000000e+02
1.46251344e+01	2022-05-17T19:23:23.860709	660	6.03000000e+02
1.46455833e+01	2022-05-17T19:23:23.891671	661	6.04000000e+02
1.46537846e+01	2022-05-17T19:23:23.891671	662	5.89000000e+02
1.46755844e+01	2022-05-17T19:23:23.922926	663	5.86000000e+02
1.46820512e+01	2022-05-17T19:23:23.922926	664	5.89000000e+02
1.46909393e+01	2022-05-17T19:23:23.938546	665	5.89000000e+02
1.47032764e+01	2022-05-17T19:23:23.945542	666	5.95000000e+02
1.47304413e+01	2022-05-17T19:23:23.976816	667	5.91000000e+02
1.47608088e+01	2022-05-17T19:23:24.008067	668	5.87000000e+02
1.47641865e+01	2022-05-17T19:23:24.008067	669	5.90000000e+02
1.47722848e+01	2022-05-17T19:23:24.008067	670	6.39000000e+02
1.47814454e+01	2022-05-17T19:23:24.023691	671	6.00000000e+02
1.48090591e+01	2022-05-17T19:23:24.045814	672	5.88000000e+02
1.48110075e+01	2022-05-17T19:23:24.045814	673	6.04000000e+02
1.48341141e+01	2022-05-17T19:23:24.077103	674	5.87000000e+02
1.48421631e+01	2022-05-17T19:23:24.077103	675	5.91000000e+02
1.48501010e+01	2022-05-17T19:23:24.093167	676	5.89000000e+02
1.48589375e+01	2022-05-17T19:23:24.093167	677	5.87000000e+02
1.48995589e+01	2022-05-17T19:23:24.146123	678	6.03000000e+02
1.49071209e+01	2022-05-17T19:23:24.146123	679	5.86000000e+02
1.49157849e+01	2022-05-17T19:23:24.162131	680	6.12000000e+02
1.49246360e+01	2022-05-17T19:23:24.162131	681	6.09000000e+02
1.49406314e+01	2022-05-17T19:23:24.177936	682	6.40000000e+02
1.49696668e+01	2022-05-17T19:23:24.208652	683	5.91000000e+02
1.49780720e+01	2022-05-17T19:23:24.224271	684	5.88000000e+02
1.49898633e+01	2022-05-17T19:23:24.224271	685	5.93000000e+02
1.49987221e+01	2022-05-17T19:23:24.246406	686	5.89000000e+02
1.50106668e+01	2022-05-17T19:23:24.246406	687	6.00000000e+02
1.50311309e+01	2022-05-17T19:23:24.277715	688	5.87000000e+02
1.50601351e+01	2022-05-17T19:23:24.293315	689	5.87000000e+02
1.50716054e+01	2022-05-17T19:23:24.309731	690	5.88000000e+02
1.50981679e+01	2022-05-17T19:23:24.346568	691	5.99000000e+02
1.51259492e+01	2022-05-17T19:23:24.362227	692	5.87000000e+02
1.51283829e+01	2022-05-17T19:23:24.362227	693	6.31000000e+02
1.51372085e+01	2022-05-17T19:23:24.378187	694	6.13000000e+02
1.51628047e+01	2022-05-17T19:23:24.409086	695	6.03000000e+02
1.51868510e+01	2022-05-17T19:23:24.424722	696	5.91000000e+02
1.52017233e+01	2022-05-17T19:23:24.446911	697	6.05000000e+02
1.52109303e+01	2022-05-17T19:23:24.446911	698	5.89000000e+02
1.52189403e+01	2022-05-17T19:23:24.462537	699	5.88000000e+02
1.52277869e+01	2022-05-17T19:23:24.462537	700	5.91000000e+02
1.52538528e+01	2022-05-17T19:23:24.494374	701	6.00000000e+02
1.52755847e+01	2022-05-17T19:23:24.510037	702	5.87000000e+02
1.52846446e+01	2022-05-17T19:23:24.526089	703	6.12000000e+02
1.52930021e+01	2022-05-17T19:23:24.541280	704	5.89000000e+02
1.53114464e+01	2022-05-17T19:23:24.546850	705	5.88000000e+02
1.53410031e+01	2022-05-17T19:23:24.578104	706	5.86000000e+02
1.53498208e+01	2022-05-17T19:23:24.594164	707	5.91000000e+02
1.53585819e+01	2022-05-17T19:23:24.594164	708	5.88000000e+02
1.53864178e+01	2022-05-17T19:23:24.624993	709	5.88000000e+02
1.54095635e+01	2022-05-17T19:23:24.647188	710	6.04000000e+02
1.54198341e+01	2022-05-17T19:23:24.662812	711	5.89000000e+02
1.54284866e+01	2022-05-17T19:23:24.662812	712	5.89000000e+02
1.54546301e+01	2022-05-17T19:23:24.694081	713	5.87000000e+02
1.54778593e+01	2022-05-17T19:23:24.725327	714	6.42000000e+02
1.54894858e+01	2022-05-17T19:23:24.725327	715	5.88000000e+02
1.54981212e+01	2022-05-17T19:23:24.741437	716	5.88000000e+02
1.55099496e+01	2022-05-17T19:23:24.747826	717	6.40000000e+02
1.55322662e+01	2022-05-17T19:23:24.779098	718	5.87000000e+02
1.55349327e+01	2022-05-17T19:23:24.779098	719	5.88000000e+02
1.55636903e+01	2022-05-17T19:23:24.810352	720	6.35000000e+02
1.55671754e+01	2022-05-17T19:23:24.810352	721	5.95000000e+02
1.55756834e+01	2022-05-17T19:23:24.810352	722	5.94000000e+02
1.55878075e+01	2022-05-17T19:23:24.826401	723	5.88000000e+02
1.56116783e+01	2022-05-17T19:23:24.848187	724	5.88000000e+02
1.56408502e+01	2022-05-17T19:23:24.879470	725	5.91000000e+02
1.56490899e+01	2022-05-17T19:23:24.895143	726	5.88000000e+02
1.56574626e+01	2022-05-17T19:23:24.895143	727	6.03000000e+02
1.56814558e+01	2022-05-17T19:23:24.926327	728	5.90000000e+02
1.57104398e+01	2022-05-17T19:23:24.948500	729	5.89000000e+02
1.57187785e+01	2022-05-17T19:23:24.964414	730	6.44000000e+02
1.57271764e+01	2022-05-17T19:23:24.964414	731	5.88000000e+02
1.57571073e+01	2022-05-17T19:23:24.995393	732	5.98000000e+02
1.57759424e+01	2022-05-17T19:23:25.011029	733	5.87000000e+02
1.57838499e+01	2022-05-17T19:23:25.026636	734	5.89000000e+02
1.57927372e+01	2022-05-17T19:23:25.026636	735	5.88000000e+02
1.58047789e+01	2022-05-17T19:23:25.049071	736	5.89000000e+02
1.58133609e+01	2022-05-17T19:23:25.049071	737	5.91000000e+02
1.58332089e+01	2022-05-17T19:23:25.080343	738	5.91000000e+02
1.58574811e+01	2022-05-17T19:23:25.095977	739	5.97000000e+02
1.58658336e+01	2022-05-17T19:23:25.111600	740	5.88000000e+02
1.58746615e+01	2022-05-17T19:23:25.111600	741	5.89000000e+02
1.58866788e+01	2022-05-17T19:23:25.127730	742	5.89000000e+02
1.58951319e+01	2022-05-17T19:23:25.142846	743	5.88000000e+02
1.59189124e+01	2022-05-17T19:23:25.165325	744	5.88000000e+02
1.59489652e+01	2022-05-17T19:23:25.196546	745	5.89000000e+02
1.59517485e+01	2022-05-17T19:23:25.196546	746	5.91000000e+02
1.59610113e+01	2022-05-17T19:23:25.196546	747	5.88000000e+02
1.59727570e+01	2022-05-17T19:23:25.212463	748	5.94000000e+02
1.59982199e+01	2022-05-17T19:23:25.243433	749	5.86000000e+02
1.60281723e+01	2022-05-17T19:23:25.265638	750	6.39000000e+02
1.60296084e+01	2022-05-17T19:23:25.265638	751	5.88000000e+02
1.60381900e+01	2022-05-17T19:23:25.281547	752	5.88000000e+02
1.60464580e+01	2022-05-17T19:23:25.281547	753	5.89000000e+02
1.60668560e+01	2022-05-17T19:23:25.313227	754	5.87000000e+02
1.60977204e+01	2022-05-17T19:23:25.344490	755	5.90000000e+02
1.61076426e+01	2022-05-17T19:23:25.350321	756	5.90000000e+02
1.61158104e+01	2022-05-17T19:23:25.350321	757	5.88000000e+02
1.61241600e+01	2022-05-17T19:23:25.366266	758	5.91000000e+02
1.61325008e+01	2022-05-17T19:23:25.366266	759	6.14000000e+02
1.61504436e+01	2022-05-17T19:23:25.397225	760	5.91000000e+02
1.61813388e+01	2022-05-17T19:23:25.428465	761	6.08000000e+02
1.61900369e+01	2022-05-17T19:23:25.428465	762	6.44000000e+02
1.62020932e+01	2022-05-17T19:23:25.450690	763	5.93000000e+02
1.62105139e+01	2022-05-17T19:23:25.450690	764	6.41000000e+02
1.62399582e+01	2022-05-17T19:23:25.481961	765	5.94000000e+02
1.62715842e+01	2022-05-17T19:23:25.514355	766	5.94000000e+02
1.62800279e+01	2022-05-17T19:23:25.514355	767	5.96000000e+02
1.62920170e+01	2022-05-17T19:23:25.529929	768	5.89000000e+02
1.63163654e+01	2022-05-17T19:23:25.550592	769	5.88000000e+02
1.63396481e+01	2022-05-17T19:23:25.581875	770	5.91000000e+02
1.63491783e+01	2022-05-17T19:23:25.597490	771	5.88000000e+02
1.63582535e+01	2022-05-17T19:23:25.597490	772	5.90000000e+02
1.63811950e+01	2022-05-17T19:23:25.628730	773	6.42000000e+02
1.63858982e+01	2022-05-17T19:23:25.628730	774	5.96000000e+02
1.64164177e+01	2022-05-17T19:23:25.650876	775	6.06000000e+02
1.64273726e+01	2022-05-17T19:23:25.666927	776	5.89000000e+02
1.64427054e+01	2022-05-17T19:23:25.682615	777	5.92000000e+02
1.64534997e+01	2022-05-17T19:23:25.697768	778	6.31000000e+02
1.64623061e+01	2022-05-17T19:23:25.697768	779	6.06000000e+02
1.64893609e+01	2022-05-17T19:23:25.729021	780	5.88000000e+02
1.65010457e+01	2022-05-17T19:23:25.744634	781	5.88000000e+02
1.65094292e+01	2022-05-17T19:23:25.751605	782	5.89000000e+02
1.65379844e+01	2022-05-17T19:23:25.782876	783	5.91000000e+02
1.65666294e+01	2022-05-17T19:23:25.814130	784	5.91000000e+02
1.65745958e+01	2022-05-17T19:23:25.814130	785	6.46000000e+02
1.65841835e+01	2022-05-17T19:23:25.829723	786	5.89000000e+02
1.65956530e+01	2022-05-17T19:23:25.829723	787	5.88000000e+02
1.66161002e+01	2022-05-17T19:23:25.851634	788	5.87000000e+02
1.66472085e+01	2022-05-17T19:23:25.882921	789	5.88000000e+02
1.66519845e+01	2022-05-17T19:23:25.898993	790	5.90000000e+02
1.66610225e+01	2022-05-17T19:23:25.898993	791	5.88000000e+02
1.66851282e+01	2022-05-17T19:23:25.929816	792	5.93000000e+02
1.67159585e+01	2022-05-17T19:23:25.951932	793	5.89000000e+02
1.67176629e+01	2022-05-17T19:23:25.951932	794	5.88000000e+02
1.67265265e+01	2022-05-17T19:23:25.968004	795	5.93000000e+02
1.67605403e+01	2022-05-17T19:23:25.998844	796	5.94000000e+02
1.67868804e+01	2022-05-17T19:23:26.030070	797	5.87000000e+02
1.67961142e+01	2022-05-17T19:23:26.030070	798	5.96000000e+02
1.68084868e+01	2022-05-17T19:23:26.052416	799	6.37000000e+02
1.68378195e+01	2022-05-17T19:23:26.083693	800	6.11000000e+02
1.68450943e+01	2022-05-17T19:23:26.083693	801	6.40000000e+02
1.68689038e+01	2022-05-17T19:23:26.114957	802	5.91000000e+02
1.68781280e+01	2022-05-17T19:23:26.114957	803	5.97000000e+02
1.68902016e+01	2022-05-17T19:23:26.130948	804	5.88000000e+02
1.69164687e+01	2022-05-17T19:23:26.152473	805	5.92000000e+02
1.69261914e+01	2022-05-17T19:23:26.168130	806	6.45000000e+02
1.69515496e+01	2022-05-17T19:23:26.199371	807	5.88000000e+02
1.69600377e+01	2022-05-17T19:23:26.199371	808	5.98000000e+02
1.69726410e+01	2022-05-17T19:23:26.215183	809	5.88000000e+02
1.69993331e+01	2022-05-17T19:23:26.246230	810	5.88000000e+02
1.70312972e+01	2022-05-17T19:23:26.268447	811	5.94000000e+02
1.70329745e+01	2022-05-17T19:23:26.268447	812	5.95000000e+02
1.70418669e+01	2022-05-17T19:23:26.284534	813	6.09000000e+02
1.70714733e+01	2022-05-17T19:23:26.315891	814	5.89000000e+02
1.70800347e+01	2022-05-17T19:23:26.315891	815	5.88000000e+02
1.71050689e+01	2022-05-17T19:23:26.352721	816	5.93000000e+02
1.71152391e+01	2022-05-17T19:23:26.352721	817	5.93000000e+02
1.71238851e+01	2022-05-17T19:23:26.368907	818	5.99000000e+02
1.71359363e+01	2022-05-17T19:23:26.383996	819	5.88000000e+02
1.71442338e+01	2022-05-17T19:23:26.383996	820	6.44000000e+02
1.71715135e+01	2022-05-17T19:23:26.415259	821	5.87000000e+02
1.72029934e+01	2022-05-17T19:23:26.446497	822	5.87000000e+02
1.72143932e+01	2022-05-17T19:23:26.453200	823	5.88000000e+02
1.72254961e+01	2022-05-17T19:23:26.469133	824	5.95000000e+02
1.72343821e+01	2022-05-17T19:23:26.469133	825	5.91000000e+02
1.72543555e+01	2022-05-17T19:23:26.501754	826	5.96000000e+02
1.72853997e+01	2022-05-17T19:23:26.533040	827	5.87000000e+02
1.72957508e+01	2022-05-17T19:23:26.533040	828	5.94000000e+02
1.73077969e+01	2022-05-17T19:23:26.553699	829	5.90000000e+02
1.73162246e+01	2022-05-17T19:23:26.553699	830	5.95000000e+02
1.73372558e+01	2022-05-17T19:23:26.584987	831	5.91000000e+02
1.73616225e+01	2022-05-17T19:23:26.600638	832	5.87000000e+02
1.73734862e+01	2022-05-17T19:23:26.616188	833	6.33000000e+02
1.73815349e+01	2022-05-17T19:23:26.616188	834	6.40000000e+02
1.73900302e+01	2022-05-17T19:23:26.632316	835	5.95000000e+02
1.74138543e+01	2022-05-17T19:23:26.654004	836	5.88000000e+02
1.74160270e+01	2022-05-17T19:23:26.654004	837	5.99000000e+02
1.74481824e+01	2022-05-17T19:23:26.685324	838	5.87000000e+02
1.74594925e+01	2022-05-17T19:23:26.701448	839	6.06000000e+02
1.74677305e+01	2022-05-17T19:23:26.701448	840	5.89000000e+02
1.74760390e+01	2022-05-17T19:23:26.716493	841	6.09000000e+02
1.74988185e+01	2022-05-17T19:23:26.732509	842	5.89000000e+02
1.75311064e+01	2022-05-17T19:23:26.769958	843	5.88000000e+02
1.75414573e+01	2022-05-17T19:23:26.785938	844	6.08000000e+02
1.75493180e+01	2022-05-17T19:23:26.785938	845	5.98000000e+02
1.75706317e+01	2022-05-17T19:23:26.816809	846	5.90000000e+02
1.76000155e+01	2022-05-17T19:23:26.848064	847	5.87000000e+02
1.76068083e+01	2022-05-17T19:23:26.854597	848	6.09000000e+02
1.76149934e+01	2022-05-17T19:23:26.854597	849	5.90000000e+02
1.76234327e+01	2022-05-17T19:23:26.870342	850	6.02000000e+02
1.76354269e+01	2022-05-17T19:23:26.870342	851	5.91000000e+02
1.76618382e+01	2022-05-17T19:23:26.901464	852	5.87000000e+02
1.76873026e+01	2022-05-17T19:23:26.932749	853	5.89000000e+02
1.76971965e+01	2022-05-17T19:23:26.932749	854	5.89000000e+02
1.77092130e+01	2022-05-17T19:23:26.955325	855	6.46000000e+02
1.77173985e+01	2022-05-17T19:23:26.955325	856	5.89000000e+02
1.77392865e+01	2022-05-17T19:23:26.986598	857	6.37000000e+02
1.77716105e+01	2022-05-17T19:23:27.017851	858	6.44000000e+02
1.77825912e+01	2022-05-17T19:23:27.017851	859	5.94000000e+02
1.77915993e+01	2022-05-17T19:23:27.033471	860	5.89000000e+02
1.78163993e+01	2022-05-17T19:23:27.055619	861	5.88000000e+02
1.78483802e+01	2022-05-17T19:23:27.086901	862	5.96000000e+02
1.78567759e+01	2022-05-17T19:23:27.102983	863	5.94000000e+02
1.78659287e+01	2022-05-17T19:23:27.102983	864	6.05000000e+02
1.78858064e+01	2022-05-17T19:23:27.133756	865	6.12000000e+02
1.79165915e+01	2022-05-17T19:23:27.155937	866	5.87000000e+02
1.79222271e+01	2022-05-17T19:23:27.155937	867	5.91000000e+02
1.79305309e+01	2022-05-17T19:23:27.171927	868	5.88000000e+02
1.79389945e+01	2022-05-17T19:23:27.187238	869	5.90000000e+02
1.79560373e+01	2022-05-17T19:23:27.202836	870	5.88000000e+02
1.79872422e+01	2022-05-17T19:23:27.234087	871	5.94000000e+02
1.79913588e+01	2022-05-17T19:23:27.234087	872	5.88000000e+02
1.79998891e+01	2022-05-17T19:23:27.234087	873	6.38000000e+02
1.80085800e+01	2022-05-17T19:23:27.256155	874	6.33000000e+02
1.80206504e+01	2022-05-17T19:23:27.256155	875	5.96000000e+02
1.80406888e+01	2022-05-17T19:23:27.287458	876	5.92000000e+02
1.80707792e+01	2022-05-17T19:23:27.318964	877	5.87000000e+02
1.80732802e+01	2022-05-17T19:23:27.319516	878	5.97000000e+02
1.80822182e+01	2022-05-17T19:23:27.319516	879	5.92000000e+02
1.80937835e+01	2022-05-17T19:23:27.342112	880	5.96000000e+02
1.81020601e+01	2022-05-17T19:23:27.350341	881	5.89000000e+02
1.81186418e+01	2022-05-17T19:23:27.356456	882	5.87000000e+02
1.81516986e+01	2022-05-17T19:23:27.387739	883	5.88000000e+02
1.81599993e+01	2022-05-17T19:23:27.403771	884	6.46000000e+02
1.81782443e+01	2022-05-17T19:23:27.419360	885	6.41000000e+02
1.81889575e+01	2022-05-17T19:23:27.434591	886	5.87000000e+02
1.82229451e+01	2022-05-17T19:23:27.456792	887	5.87000000e+02
1.82336597e+01	2022-05-17T19:23:27.472859	888	5.89000000e+02
1.82418105e+01	2022-05-17T19:23:27.490275	889	6.40000000e+02
1.82584630e+01	2022-05-17T19:23:27.505936	890	6.40000000e+02
1.82840886e+01	2022-05-17T19:23:27.521594	891	5.95000000e+02
1.82949474e+01	2022-05-17T19:23:27.537187	892	5.91000000e+02
1.83039196e+01	2022-05-17T19:23:27.537187	893	5.89000000e+02
1.83153478e+01	2022-05-17T19:23:27.557424	894	5.95000000e+02
1.83239698e+01	2022-05-17T19:23:27.557424	895	6.05000000e+02
1.83413304e+01	2022-05-17T19:23:27.588707	896	5.86000000e+02
1.83737152e+01	2022-05-17T19:23:27.619954	897	5.99000000e+02
1.83851558e+01	2022-05-17T19:23:27.619954	898	5.88000000e+02
1.83934831e+01	2022-05-17T19:23:27.636040	899	5.92000000e+02
1.84192937e+01	2022-05-17T19:23:27.657760	900	5.88000000e+02
1.84513738e+01	2022-05-17T19:23:27.689081	901	5.87000000e+02
1.84544453e+01	2022-05-17T19:23:27.689081	902	6.33000000e+02
1.84624525e+01	2022-05-17T19:23:27.704628	903	5.88000000e+02
1.84714339e+01	2022-05-17T19:23:27.704628	904	5.94000000e+02
1.84879975e+01	2022-05-17T19:23:27.735922	905	5.91000000e+02
1.85210091e+01	2022-05-17T19:23:27.758071	906	5.89000000e+02
1.85240524e+01	2022-05-17T19:23:27.758071	907	5.99000000e+02
1.85320536e+01	2022-05-17T19:23:27.774123	908	5.91000000e+02
1.85409678e+01	2022-05-17T19:23:27.789316	909	5.88000000e+02
1.85589175e+01	2022-05-17T19:23:27.804991	910	5.91000000e+02
1.85900761e+01	2022-05-17T19:23:27.836238	911	6.33000000e+02
1.86021865e+01	2022-05-17T19:23:27.836238	912	5.95000000e+02
1.86108767e+01	2022-05-17T19:23:27.858259	913	5.97000000e+02
1.86229930e+01	2022-05-17T19:23:27.858259	914	5.90000000e+02
1.86408526e+01	2022-05-17T19:23:27.874357	915	5.89000000e+02
1.86726388e+01	2022-05-17T19:23:27.920788	916	5.88000000e+02
1.86840734e+01	2022-05-17T19:23:27.920788	917	5.99000000e+02
1.86923720e+01	2022-05-17T19:23:27.936945	918	5.88000000e+02
1.87046799e+01	2022-05-17T19:23:27.951991	919	5.93000000e+02
1.87284598e+01	2022-05-17T19:23:27.974768	920	5.87000000e+02
1.87603152e+01	2022-05-17T19:23:28.006012	921	5.87000000e+02
1.87701465e+01	2022-05-17T19:23:28.006012	922	5.88000000e+02
1.87779451e+01	2022-05-17T19:23:28.022116	923	5.92000000e+02
1.87866227e+01	2022-05-17T19:23:28.022116	924	5.95000000e+02
1.88044037e+01	2022-05-17T19:23:28.052837	925	5.88000000e+02
1.88364718e+01	2022-05-17T19:23:28.075044	926	5.88000000e+02
1.88394855e+01	2022-05-17T19:23:28.075044	927	5.90000000e+02
1.88478162e+01	2022-05-17T19:23:28.091128	928	5.88000000e+02
1.88563346e+01	2022-05-17T19:23:28.091128	929	5.88000000e+02
1.88744915e+01	2022-05-17T19:23:28.121907	930	5.90000000e+02
1.89018218e+01	2022-05-17T19:23:28.137531	931	5.88000000e+02
1.89097550e+01	2022-05-17T19:23:28.153151	932	5.89000000e+02
1.89216089e+01	2022-05-17T19:23:28.160110	933	5.89000000e+02
1.89297993e+01	2022-05-17T19:23:28.176333	934	5.88000000e+02
1.89385557e+01	2022-05-17T19:23:28.176333	935	6.12000000e+02
1.89599390e+01	2022-05-17T19:23:28.207038	936	5.87000000e+02
1.89920063e+01	2022-05-17T19:23:28.238262	937	5.96000000e+02
1.90034842e+01	2022-05-17T19:23:28.238262	938	5.89000000e+02
1.90119806e+01	2022-05-17T19:23:28.260316	939	5.95000000e+02
1.90239461e+01	2022-05-17T19:23:28.260316	940	5.89000000e+02
1.90508282e+01	2022-05-17T19:23:28.291588	941	5.88000000e+02
1.90784023e+01	2022-05-17T19:23:28.325975	942	5.91000000e+02
1.90897165e+01	2022-05-17T19:23:28.325975	943	5.94000000e+02
1.90976765e+01	2022-05-17T19:23:28.342112	944	6.11000000e+02
1.91062983e+01	2022-05-17T19:23:28.342112	945	6.44000000e+02
1.91251407e+01	2022-05-17T19:23:28.360246	946	5.86000000e+02
1.91581195e+01	2022-05-17T19:23:28.391529	947	5.87000000e+02
1.91674191e+01	2022-05-17T19:23:28.407411	948	5.89000000e+02
1.91904510e+01	2022-05-17T19:23:28.438424	949	5.89000000e+02
1.92177415e+01	2022-05-17T19:23:28.460560	950	6.03000000e+02
1.92282354e+01	2022-05-17T19:23:28.476232	951	6.14000000e+02
1.92372392e+01	2022-05-17T19:23:28.476232	952	5.88000000e+02
1.92661719e+01	2022-05-17T19:23:28.513655	953	5.87000000e+02
1.92863727e+01	2022-05-17T19:23:28.529284	954	5.88000000e+02
1.93022205e+01	2022-05-17T19:23:28.544920	955	5.89000000e+02
1.93108518e+01	2022-05-17T19:23:28.544920	956	5.89000000e+02
1.93228617e+01	2022-05-17T19:23:28.560709	957	6.42000000e+02
1.93453689e+01	2022-05-17T19:23:28.591981	958	5.88000000e+02
1.93783035e+01	2022-05-17T19:23:28.623236	959	6.31000000e+02
1.93885863e+01	2022-05-17T19:23:28.623236	960	5.91000000e+02
1.93962454e+01	2022-05-17T19:23:28.639289	961	5.88000000e+02
1.94052349e+01	2022-05-17T19:23:28.639289	962	5.94000000e+02
1.94258293e+01	2022-05-17T19:23:28.660845	963	5.97000000e+02
1.94523752e+01	2022-05-17T19:23:28.692127	964	5.86000000e+02
1.94547305e+01	2022-05-17T19:23:28.692127	965	6.00000000e+02
1.94664247e+01	2022-05-17T19:23:28.707752	966	6.11000000e+02
1.94749882e+01	2022-05-17T19:23:28.723334	967	5.88000000e+02
1.94874980e+01	2022-05-17T19:23:28.723334	968	5.90000000e+02
1.95087201e+01	2022-05-17T19:23:28.754603	969	6.35000000e+02
1.95425296e+01	2022-05-17T19:23:28.776808	970	6.12000000e+02
1.95479733e+01	2022-05-17T19:23:28.792430	971	5.89000000e+02
1.95563915e+01	2022-05-17T19:23:28.792430	972	5.97000000e+02
1.95773858e+01	2022-05-17T19:23:28.823662	973	5.96000000e+02
1.96036208e+01	2022-05-17T19:23:28.839296	974	6.39000000e+02
1.96072365e+01	2022-05-17T19:23:28.854922	975	5.97000000e+02
1.96176983e+01	2022-05-17T19:23:28.861471	976	5.98000000e+02
1.96260061e+01	2022-05-17T19:23:28.861471	977	5.90000000e+02
1.96344901e+01	2022-05-17T19:23:28.877376	978	6.44000000e+02
1.96424402e+01	2022-05-17T19:23:28.877376	979	5.92000000e+02
1.96610244e+01	2022-05-17T19:23:28.908369	980	6.02000000e+02
1.96919825e+01	2022-05-17T19:23:28.939625	981	5.87000000e+02
1.97001105e+01	2022-05-17T19:23:28.939625	982	5.89000000e+02
1.97122808e+01	2022-05-17T19:23:28.955223	983	6.42000000e+02
1.97244833e+01	2022-05-17T19:23:28.961730	984	5.90000000e+02
1.97474677e+01	2022-05-17T19:23:28.992978	985	5.88000000e+02
1.97792108e+01	2022-05-17T19:23:29.024259	986	6.44000000e+02
1.97860072e+01	2022-05-17T19:23:29.024259	987	5.88000000e+02
1.97978758e+01	2022-05-17T19:23:29.040443	988	5.89000000e+02
1.98069651e+01	2022-05-17T19:23:29.055460	989	6.12000000e+02
1.98300094e+01	2022-05-17T19:23:29.077629	990	5.91000000e+02
1.98583392e+01	2022-05-17T19:23:29.093219	991	5.87000000e+02
1.98672133e+01	2022-05-17T19:23:29.108882	992	5.88000000e+02
1.98762456e+01	2022-05-17T19:23:29.124514	993	6.07000000e+02
1.98882072e+01	2022-05-17T19:23:29.124514	994	5.91000000e+02
1.99088342e+01	2022-05-17T19:23:29.155733	995	6.02000000e+02
1.99353946e+01	2022-05-17T19:23:29.177942	996	5.88000000e+02
1.99443034e+01	2022-05-17T19:23:29.177942	997	5.87000000e+02
1.99538860e+01	2022-05-17T19:23:29.193813	998	5.88000000e+02
1.99781919e+01	2022-05-17T19:23:29.224793	999	5.87000000e+02
2.00049108e+01	2022-05-17T19:23:29.240425	1000	6.30000000e+02