Time elapsed	Time stamp	Loop Index	GP2Y ADC
s			Cts

5.01610800e+00	2022-05-17T19:23:47.188027	1	5.88000000e+02
5.02584560e+00	2022-05-17T19:23:47.193628	2	5.90000000e+02
5.04705370e+00	2022-05-17T19:23:47.209713	3	5.75000000e+02
5.06840060e+00	2022-05-17T19:23:47.240496	4	5.79000000e+02
5.07574210e+00	2022-05-17T19:23:47.240496	5	5.82000000e+02
5.09070200e+00	2022-05-17T19:23:47.256117	6	5.77000000e+02
5.10265040e+00	2022-05-17T19:23:47.271739	7	5.77000000e+02
5.11156890e+00	2022-05-17T19:23:47.271739	8	6.33000000e+02
5.11977800e+00	2022-05-17T19:23:47.287652	9	5.79000000e+02
5.12842880e+00	2022-05-17T19:23:47.293978	10	5.78000000e+02
5.15785830e+00	2022-05-17T19:23:47.326167	11	5.80000000e+02
5.17182810e+00	2022-05-17T19:23:47.341793	12	6.02000000e+02
5.18086440e+00	2022-05-17T19:23:47.341793	13	6.32000000e+02
5.18964720e+00	2022-05-17T19:23:47.357919	14	6.30000000e+02
5.19803400e+00	2022-05-17T19:23:47.357919	15	5.79000000e+02
5.21740700e+00	2022-05-17T19:23:47.388652	16	5.78000000e+02
5.23521580e+00	2022-05-17T19:23:47.394159	17	5.75000000e+02
5.24687550e+00	2022-05-17T19:23:47.410239	18	5.77000000e+02
5.27171110e+00	2022-05-17T19:23:47.441027	19	5.76000000e+02
5.28999670e+00	2022-05-17T19:23:47.456647	20	6.14000000e+02
5.30093760e+00	2022-05-17T19:23:47.472356	21	6.35000000e+02
5.31248850e+00	2022-05-17T19:23:47.472356	22	6.34000000e+02
5.33772310e+00	2022-05-17T19:23:47.509774	23	5.79000000e+02
5.35440880e+00	2022-05-17T19:23:47.525395	24	5.77000000e+02
5.36151650e+00	2022-05-17T19:23:47.525395	25	5.77000000e+02
5.36984780e+00	2022-05-17T19:23:47.541584	26	5.78000000e+02
5.38203750e+00	2022-05-17T19:23:47.541584	27	5.89000000e+02
5.40339910e+00	2022-05-17T19:23:47.572261	28	5.76000000e+02
5.41473830e+00	2022-05-17T19:23:47.587881	29	5.77000000e+02
5.42692070e+00	2022-05-17T19:23:47.594387	30	5.86000000e+02
5.43541110e+00	2022-05-17T19:23:47.594387	31	5.77000000e+02
5.44365990e+00	2022-05-17T19:23:47.610395	32	5.83000000e+02
5.46940790e+00	2022-05-17T19:23:47.641257	33	5.77000000e+02
5.48787260e+00	2022-05-17T19:23:47.656879	34	5.89000000e+02
5.49683930e+00	2022-05-17T19:23:47.656879	35	5.81000000e+02
5.50900620e+00	2022-05-17T19:23:47.672987	36	5.82000000e+02
5.53245790e+00	2022-05-17T19:23:47.694704	37	5.78000000e+02
5.55159100e+00	2022-05-17T19:23:47.710329	38	5.76000000e+02
5.56264450e+00	2022-05-17T19:23:47.726402	39	5.82000000e+02
5.58595970e+00	2022-05-17T19:23:47.757193	40	5.86000000e+02
5.59396470e+00	2022-05-17T19:23:47.757193	41	5.77000000e+02
5.60694000e+00	2022-05-17T19:23:47.772815	42	5.78000000e+02
5.61731670e+00	2022-05-17T19:23:47.788548	43	5.82000000e+02
5.62798560e+00	2022-05-17T19:23:47.795133	44	5.82000000e+02
5.65353390e+00	2022-05-17T19:23:47.826412	45	5.79000000e+02
5.66079650e+00	2022-05-17T19:23:47.826412	46	6.15000000e+02
5.67343280e+00	2022-05-17T19:23:47.842000	47	5.77000000e+02
5.68528170e+00	2022-05-17T19:23:47.857692	48	6.23000000e+02
5.69790480e+00	2022-05-17T19:23:47.857692	49	5.77000000e+02
5.71255710e+00	2022-05-17T19:23:47.873738	50	5.78000000e+02
5.72465940e+00	2022-05-17T19:23:47.895367	51	5.85000000e+02
5.73749230e+00	2022-05-17T19:23:47.895367	52	5.80000000e+02
5.74679750e+00	2022-05-17T19:23:47.910992	53	5.77000000e+02
5.77076430e+00	2022-05-17T19:23:47.942235	54	5.77000000e+02
5.78951670e+00	2022-05-17T19:23:47.957855	55	5.76000000e+02
5.79927540e+00	2022-05-17T19:23:47.957855	56	5.78000000e+02
5.80817940e+00	2022-05-17T19:23:47.973920	57	6.28000000e+02
5.82934420e+00	2022-05-17T19:23:47.995600	58	5.76000000e+02
5.84013540e+00	2022-05-17T19:23:48.011224	59	5.75000000e+02
5.85280340e+00	2022-05-17T19:23:48.011224	60	5.75000000e+02
5.86115580e+00	2022-05-17T19:23:48.027258	61	5.80000000e+02
5.86958890e+00	2022-05-17T19:23:48.042468	62	5.77000000e+02
5.88838020e+00	2022-05-17T19:23:48.058088	63	5.76000000e+02
5.90705870e+00	2022-05-17T19:23:48.073709	64	5.82000000e+02
5.91002590e+00	2022-05-17T19:23:48.073709	65	5.78000000e+02
5.93444050e+00	2022-05-17T19:23:48.095838	66	5.77000000e+02
5.95261390e+00	2022-05-17T19:23:48.111462	67	5.78000000e+02
5.95932030e+00	2022-05-17T19:23:48.127083	68	5.77000000e+02
5.96754480e+00	2022-05-17T19:23:48.127083	69	5.83000000e+02
5.97585840e+00	2022-05-17T19:23:48.143064	70	5.77000000e+02
5.98409080e+00	2022-05-17T19:23:48.143064	71	5.77000000e+02
6.00341780e+00	2022-05-17T19:23:48.173947	72	5.84000000e+02
6.02175860e+00	2022-05-17T19:23:48.189646	73	5.78000000e+02
6.02436510e+00	2022-05-17T19:23:48.196150	74	5.76000000e+02
6.03278360e+00	2022-05-17T19:23:48.196150	75	5.92000000e+02
6.04113560e+00	2022-05-17T19:23:48.212378	76	5.77000000e+02
6.04949810e+00	2022-05-17T19:23:48.212378	77	5.84000000e+02
6.07224820e+00	2022-05-17T19:23:48.243043	78	5.77000000e+02
6.09050560e+00	2022-05-17T19:23:48.258639	79	5.98000000e+02
6.09854380e+00	2022-05-17T19:23:48.258639	80	5.77000000e+02
6.10713650e+00	2022-05-17T19:23:48.274747	81	5.78000000e+02
6.13528570e+00	2022-05-17T19:23:48.296390	82	6.27000000e+02
6.14318890e+00	2022-05-17T19:23:48.312172	83	5.77000000e+02
6.15708740e+00	2022-05-17T19:23:48.327796	84	5.77000000e+02
6.16834800e+00	2022-05-17T19:23:48.327796	85	5.94000000e+02
6.17671020e+00	2022-05-17T19:23:48.343888	86	5.77000000e+02
6.18489000e+00	2022-05-17T19:23:48.343888	87	6.06000000e+02
6.20704320e+00	2022-05-17T19:23:48.374659	88	5.76000000e+02
6.22022710e+00	2022-05-17T19:23:48.390281	89	5.76000000e+02
6.23040170e+00	2022-05-17T19:23:48.396805	90	5.77000000e+02
6.24203900e+00	2022-05-17T19:23:48.412916	91	5.78000000e+02
6.25026600e+00	2022-05-17T19:23:48.412916	92	5.95000000e+02
6.27165370e+00	2022-05-17T19:23:48.443673	93	5.76000000e+02
6.28706470e+00	2022-05-17T19:23:48.459293	94	5.77000000e+02
6.29480340e+00	2022-05-17T19:23:48.459293	95	5.78000000e+02
6.30379110e+00	2022-05-17T19:23:48.475557	96	6.21000000e+02
6.31699420e+00	2022-05-17T19:23:48.475557	97	5.80000000e+02
6.33571730e+00	2022-05-17T19:23:48.498344	98	5.77000000e+02
6.34251100e+00	2022-05-17T19:23:48.513970	99	5.90000000e+02
6.35673310e+00	2022-05-17T19:23:48.529591	100	5.80000000e+02
6.36431390e+00	2022-05-17T19:23:48.529591	101	6.30000000e+02
6.37274670e+00	2022-05-17T19:23:48.545211	102	5.77000000e+02
6.38130450e+00	2022-05-17T19:23:48.545211	103	5.82000000e+02
6.39994010e+00	2022-05-17T19:23:48.561464	104	5.81000000e+02
6.40737290e+00	2022-05-17T19:23:48.576454	105	5.77000000e+02
6.42710620e+00	2022-05-17T19:23:48.597582	106	5.83000000e+02
6.43020170e+00	2022-05-17T19:23:48.597582	107	5.79000000e+02
6.43927120e+00	2022-05-17T19:23:48.597582	108	5.79000000e+02
6.45097430e+00	2022-05-17T19:23:48.613208	109	5.77000000e+02
6.47361420e+00	2022-05-17T19:23:48.644450	110	5.73000000e+02
6.49284780e+00	2022-05-17T19:23:48.660072	111	5.76000000e+02
6.50451530e+00	2022-05-17T19:23:48.676218	112	5.78000000e+02
6.51606770e+00	2022-05-17T19:23:48.676218	113	5.78000000e+02
6.53421560e+00	2022-05-17T19:23:48.697835	114	5.76000000e+02
6.55537950e+00	2022-05-17T19:23:48.713459	115	5.76000000e+02
6.56541310e+00	2022-05-17T19:23:48.729374	116	5.96000000e+02
6.58977580e+00	2022-05-17T19:23:48.760349	117	5.76000000e+02
6.59956090e+00	2022-05-17T19:23:48.760349	118	5.88000000e+02
6.61347990e+00	2022-05-17T19:23:48.775959	119	6.27000000e+02
6.62303300e+00	2022-05-17T19:23:48.792039	120	5.99000000e+02
6.63119940e+00	2022-05-17T19:23:48.798537	121	5.86000000e+02
6.63963260e+00	2022-05-17T19:23:48.798537	122	5.97000000e+02
6.65919600e+00	2022-05-17T19:23:48.829783	123	5.79000000e+02
6.68019500e+00	2022-05-17T19:23:48.845405	124	5.73000000e+02
6.68877550e+00	2022-05-17T19:23:48.861071	125	5.77000000e+02
6.70082650e+00	2022-05-17T19:23:48.861071	126	5.79000000e+02
6.72089930e+00	2022-05-17T19:23:48.892268	127	5.77000000e+02
6.74177900e+00	2022-05-17T19:23:48.914400	128	5.79000000e+02
6.74593500e+00	2022-05-17T19:23:48.914400	129	6.33000000e+02
6.75434200e+00	2022-05-17T19:23:48.914400	130	5.77000000e+02
6.76631790e+00	2022-05-17T19:23:48.930515	131	5.77000000e+02
6.78975570e+00	2022-05-17T19:23:48.961261	132	5.78000000e+02
6.79821210e+00	2022-05-17T19:23:48.961261	133	5.78000000e+02
6.80695410e+00	2022-05-17T19:23:48.976883	134	5.77000000e+02
6.81491390e+00	2022-05-17T19:23:48.976883	135	5.81000000e+02
6.82383030e+00	2022-05-17T19:23:48.993065	136	6.15000000e+02
6.83176370e+00	2022-05-17T19:23:48.999548	137	6.00000000e+02
6.84040020e+00	2022-05-17T19:23:48.999548	138	5.77000000e+02
6.88106010e+00	2022-05-17T19:23:49.046415	139	5.76000000e+02
6.88968790e+00	2022-05-17T19:23:49.062037	140	5.80000000e+02
6.90153620e+00	2022-05-17T19:23:49.062037	141	5.77000000e+02
6.92355340e+00	2022-05-17T19:23:49.093279	142	5.76000000e+02
6.94500260e+00	2022-05-17T19:23:49.115408	143	5.76000000e+02
6.95487900e+00	2022-05-17T19:23:49.115408	144	5.83000000e+02
6.96374400e+00	2022-05-17T19:23:49.131572	145	5.78000000e+02
6.99120440e+00	2022-05-17T19:23:49.162298	146	5.79000000e+02
6.99386540e+00	2022-05-17T19:23:49.162298	147	5.83000000e+02
7.01498760e+00	2022-05-17T19:23:49.177921	148	5.79000000e+02
7.02044530e+00	2022-05-17T19:23:49.193513	149	5.80000000e+02
7.03230330e+00	2022-05-17T19:23:49.200641	150	5.78000000e+02
7.04103420e+00	2022-05-17T19:23:49.200641	151	5.77000000e+02
7.06329140e+00	2022-05-17T19:23:49.231914	152	5.76000000e+02
7.07804130e+00	2022-05-17T19:23:49.247509	153	5.77000000e+02
7.09271680e+00	2022-05-17T19:23:49.263131	154	5.78000000e+02
7.10181360e+00	2022-05-17T19:23:49.263131	155	5.77000000e+02
7.11040420e+00	2022-05-17T19:23:49.279308	156	5.77000000e+02
7.11865380e+00	2022-05-17T19:23:49.279308	157	5.77000000e+02
7.14005060e+00	2022-05-17T19:23:49.300932	158	5.78000000e+02
7.16037980e+00	2022-05-17T19:23:49.332791	159	5.77000000e+02
7.16322440e+00	2022-05-17T19:23:49.332791	160	5.78000000e+02
7.17208850e+00	2022-05-17T19:23:49.332791	161	5.81000000e+02
7.18415460e+00	2022-05-17T19:23:49.348935	162	5.85000000e+02
7.19207670e+00	2022-05-17T19:23:49.364072	163	5.78000000e+02
7.20095530e+00	2022-05-17T19:23:49.364072	164	5.81000000e+02
7.21316600e+00	2022-05-17T19:23:49.380183	165	6.32000000e+02
7.23964980e+00	2022-05-17T19:23:49.401258	166	5.89000000e+02
7.26159840e+00	2022-05-17T19:23:49.432508	167	5.76000000e+02
7.27037030e+00	2022-05-17T19:23:49.432508	168	5.77000000e+02
7.28342270e+00	2022-05-17T19:23:49.448709	169	6.22000000e+02
7.30901360e+00	2022-05-17T19:23:49.479373	170	5.93000000e+02
7.31835210e+00	2022-05-17T19:23:49.479373	171	5.74000000e+02
7.33257080e+00	2022-05-17T19:23:49.501202	172	5.90000000e+02
7.33495930e+00	2022-05-17T19:23:49.501202	173	5.75000000e+02
7.34432120e+00	2022-05-17T19:23:49.516827	174	5.77000000e+02
7.35623300e+00	2022-05-17T19:23:49.516827	175	5.79000000e+02
7.38486170e+00	2022-05-17T19:23:49.548069	176	6.23000000e+02
7.39996110e+00	2022-05-17T19:23:49.563690	177	5.75000000e+02
7.41018480e+00	2022-05-17T19:23:49.579789	178	5.74000000e+02
7.42431540e+00	2022-05-17T19:23:49.594934	179	5.75000000e+02
7.44238150e+00	2022-05-17T19:23:49.601439	180	5.79000000e+02
7.46363280e+00	2022-05-17T19:23:49.632687	181	5.86000000e+02
7.47098750e+00	2022-05-17T19:23:49.632687	182	5.76000000e+02
7.48308450e+00	2022-05-17T19:23:49.648861	183	5.77000000e+02
7.49153700e+00	2022-05-17T19:23:49.663962	184	5.83000000e+02
7.50363250e+00	2022-05-17T19:23:49.663962	185	5.77000000e+02
7.52564360e+00	2022-05-17T19:23:49.695197	186	5.72000000e+02
7.54202960e+00	2022-05-17T19:23:49.701701	187	5.79000000e+02
7.55278910e+00	2022-05-17T19:23:49.717325	188	6.32000000e+02
7.56206710e+00	2022-05-17T19:23:49.733133	189	5.79000000e+02
7.57331940e+00	2022-05-17T19:23:49.733133	190	6.18000000e+02
7.59609080e+00	2022-05-17T19:23:49.764215	191	5.88000000e+02
7.60681230e+00	2022-05-17T19:23:49.779811	192	5.89000000e+02
7.61912170e+00	2022-05-17T19:23:49.779811	193	6.07000000e+02
7.63046690e+00	2022-05-17T19:23:49.801962	194	5.78000000e+02
7.63905520e+00	2022-05-17T19:23:49.801962	195	5.80000000e+02
7.66420260e+00	2022-05-17T19:23:49.833207	196	5.76000000e+02
7.68555540e+00	2022-05-17T19:23:49.848828	197	6.33000000e+02
7.69211660e+00	2022-05-17T19:23:49.864487	198	5.82000000e+02
7.70028570e+00	2022-05-17T19:23:49.864487	199	5.77000000e+02
7.72660430e+00	2022-05-17T19:23:49.895692	200	5.83000000e+02
7.74846730e+00	2022-05-17T19:23:49.917821	201	5.76000000e+02
7.75784470e+00	2022-05-17T19:23:49.917821	202	5.87000000e+02
7.76986640e+00	2022-05-17T19:23:49.933968	203	5.78000000e+02
7.79531060e+00	2022-05-17T19:23:49.964685	204	6.28000000e+02
7.81724110e+00	2022-05-17T19:23:49.980306	205	5.76000000e+02
7.82726870e+00	2022-05-17T19:23:49.996295	206	5.78000000e+02
7.83557420e+00	2022-05-17T19:23:50.002584	207	5.74000000e+02
7.86141630e+00	2022-05-17T19:23:50.033831	208	5.76000000e+02
7.87759470e+00	2022-05-17T19:23:50.049451	209	6.27000000e+02
7.88838890e+00	2022-05-17T19:23:50.049451	210	5.77000000e+02
7.89694070e+00	2022-05-17T19:23:50.065640	211	5.74000000e+02
7.90516550e+00	2022-05-17T19:23:50.065640	212	5.85000000e+02
7.92319850e+00	2022-05-17T19:23:50.096315	213	5.73000000e+02
7.94480980e+00	2022-05-17T19:23:50.102819	214	5.75000000e+02
7.95430580e+00	2022-05-17T19:23:50.118659	215	5.78000000e+02
7.97738170e+00	2022-05-17T19:23:50.149687	216	5.75000000e+02
8.00015130e+00	2022-05-17T19:23:50.165307	217	5.77000000e+02
8.01137060e+00	2022-05-17T19:23:50.181365	218	5.77000000e+02
8.01984280e+00	2022-05-17T19:23:50.181365	219	5.78000000e+02
8.04261640e+00	2022-05-17T19:23:50.203148	220	5.81000000e+02
8.06372840e+00	2022-05-17T19:23:50.234413	221	5.76000000e+02
8.07314630e+00	2022-05-17T19:23:50.234413	222	5.84000000e+02
8.08103930e+00	2022-05-17T19:23:50.250487	223	5.81000000e+02
8.08960430e+00	2022-05-17T19:23:50.250487	224	5.76000000e+02
8.11152020e+00	2022-05-17T19:23:50.281840	225	5.82000000e+02
8.12022070e+00	2022-05-17T19:23:50.281840	226	5.78000000e+02
8.12980520e+00	2022-05-17T19:23:50.297501	227	5.77000000e+02
8.13804290e+00	2022-05-17T19:23:50.303541	228	5.83000000e+02
8.14700530e+00	2022-05-17T19:23:50.319318	229	6.27000000e+02
8.15895890e+00	2022-05-17T19:23:50.319318	230	5.81000000e+02
8.17823470e+00	2022-05-17T19:23:50.350563	231	5.88000000e+02
8.19527020e+00	2022-05-17T19:23:50.366224	232	5.85000000e+02
8.20226240e+00	2022-05-17T19:23:50.366224	233	5.80000000e+02
8.20798710e+00	2022-05-17T19:23:50.366224	234	5.77000000e+02
8.21657910e+00	2022-05-17T19:23:50.382167	235	5.80000000e+02
8.23975260e+00	2022-05-17T19:23:50.403855	236	5.84000000e+02
8.26246430e+00	2022-05-17T19:23:50.435101	237	5.75000000e+02
8.27370140e+00	2022-05-17T19:23:50.435101	238	6.15000000e+02
8.28138540e+00	2022-05-17T19:23:50.451254	239	5.74000000e+02
8.29014730e+00	2022-05-17T19:23:50.451254	240	5.77000000e+02
8.31298190e+00	2022-05-17T19:23:50.481965	241	5.82000000e+02
8.33442030e+00	2022-05-17T19:23:50.503794	242	5.76000000e+02
8.33914360e+00	2022-05-17T19:23:50.503794	243	6.03000000e+02
8.34729100e+00	2022-05-17T19:23:50.519418	244	5.82000000e+02
8.35573320e+00	2022-05-17T19:23:50.519418	245	6.32000000e+02
8.37877890e+00	2022-05-17T19:23:50.550661	246	5.81000000e+02
8.39544600e+00	2022-05-17T19:23:50.566321	247	5.72000000e+02
8.40472500e+00	2022-05-17T19:23:50.566321	248	5.77000000e+02
8.41300510e+00	2022-05-17T19:23:50.582444	249	5.79000000e+02
8.42052800e+00	2022-05-17T19:23:50.582444	250	5.80000000e+02
8.44209710e+00	2022-05-17T19:23:50.604108	251	5.75000000e+02
8.45913420e+00	2022-05-17T19:23:50.619776	252	6.34000000e+02
8.47021250e+00	2022-05-17T19:23:50.635391	253	5.81000000e+02
8.47884020e+00	2022-05-17T19:23:50.650976	254	5.77000000e+02
8.49073360e+00	2022-05-17T19:23:50.650976	255	5.78000000e+02
8.51056720e+00	2022-05-17T19:23:50.682218	256	5.82000000e+02
8.53418550e+00	2022-05-17T19:23:50.704419	257	5.76000000e+02
8.53974630e+00	2022-05-17T19:23:50.704419	258	5.78000000e+02
8.54999820e+00	2022-05-17T19:23:50.720047	259	5.93000000e+02
8.56036110e+00	2022-05-17T19:23:50.720047	260	5.77000000e+02
8.57932710e+00	2022-05-17T19:23:50.751288	261	5.80000000e+02
8.60187340e+00	2022-05-17T19:23:50.766948	262	5.76000000e+02
8.60478690e+00	2022-05-17T19:23:50.766948	263	5.83000000e+02
8.61327100e+00	2022-05-17T19:23:50.783105	264	6.15000000e+02
8.62201620e+00	2022-05-17T19:23:50.783105	265	5.78000000e+02
8.64180040e+00	2022-05-17T19:23:50.804564	266	5.76000000e+02
8.66518260e+00	2022-05-17T19:23:50.835845	267	5.76000000e+02
8.67507610e+00	2022-05-17T19:23:50.835845	268	5.77000000e+02
8.68321530e+00	2022-05-17T19:23:50.851451	269	5.77000000e+02
8.69161100e+00	2022-05-17T19:23:50.851451	270	5.84000000e+02
8.71254210e+00	2022-05-17T19:23:50.882674	271	5.80000000e+02
8.73424180e+00	2022-05-17T19:23:50.904848	272	5.73000000e+02
8.74058690e+00	2022-05-17T19:23:50.904848	273	5.78000000e+02
8.74829440e+00	2022-05-17T19:23:50.920473	274	5.78000000e+02
8.75718880e+00	2022-05-17T19:23:50.920473	275	5.74000000e+02
8.78609220e+00	2022-05-17T19:23:50.951717	276	5.95000000e+02
8.80302440e+00	2022-05-17T19:23:50.967373	277	5.76000000e+02
8.81398290e+00	2022-05-17T19:23:50.983314	278	5.74000000e+02
8.82265640e+00	2022-05-17T19:23:50.983314	279	5.74000000e+02
8.84338060e+00	2022-05-17T19:23:51.005132	280	5.77000000e+02
8.86477140e+00	2022-05-17T19:23:51.036417	281	5.88000000e+02
8.87094590e+00	2022-05-17T19:23:51.036417	282	5.73000000e+02
8.88065980e+00	2022-05-17T19:23:51.052000	283	5.75000000e+02
8.89245660e+00	2022-05-17T19:23:51.052000	284	5.90000000e+02
8.91747750e+00	2022-05-17T19:23:51.083241	285	5.72000000e+02
8.93415710e+00	2022-05-17T19:23:51.105443	286	5.74000000e+02
8.93666240e+00	2022-05-17T19:23:51.105443	287	5.76000000e+02
8.94579120e+00	2022-05-17T19:23:51.105443	288	5.75000000e+02
8.95767450e+00	2022-05-17T19:23:51.121081	289	5.87000000e+02
8.98908790e+00	2022-05-17T19:23:51.152311	290	5.78000000e+02
8.99962800e+00	2022-05-17T19:23:51.167971	291	5.78000000e+02
9.01099060e+00	2022-05-17T19:23:51.183554	292	5.78000000e+02
9.01924460e+00	2022-05-17T19:23:51.183554	293	6.34000000e+02
9.04423800e+00	2022-05-17T19:23:51.205376	294	6.34000000e+02
9.06370530e+00	2022-05-17T19:23:51.236665	295	5.81000000e+02
9.07227520e+00	2022-05-17T19:23:51.236665	296	5.81000000e+02
9.08048510e+00	2022-05-17T19:23:51.252243	297	5.77000000e+02
9.08891570e+00	2022-05-17T19:23:51.252243	298	5.79000000e+02
9.11291660e+00	2022-05-17T19:23:51.283486	299	5.73000000e+02
9.12999010e+00	2022-05-17T19:23:51.299144	300	5.73000000e+02
9.14460680e+00	2022-05-17T19:23:51.306141	301	5.74000000e+02
9.15420020e+00	2022-05-17T19:23:51.322633	302	5.81000000e+02
9.16284090e+00	2022-05-17T19:23:51.322633	303	6.00000000e+02
9.18331340e+00	2022-05-17T19:23:51.353878	304	5.75000000e+02
9.20629360e+00	2022-05-17T19:23:51.369540	305	5.75000000e+02
9.21129570e+00	2022-05-17T19:23:51.369540	306	5.74000000e+02
9.21997290e+00	2022-05-17T19:23:51.385415	307	5.74000000e+02
9.24748500e+00	2022-05-17T19:23:51.406529	308	5.74000000e+02
9.27160450e+00	2022-05-17T19:23:51.437813	309	5.72000000e+02
9.28105400e+00	2022-05-17T19:23:51.453396	310	5.78000000e+02
9.28939860e+00	2022-05-17T19:23:51.453396	311	6.29000000e+02
9.30362910e+00	2022-05-17T19:23:51.469225	312	5.73000000e+02
9.31505500e+00	2022-05-17T19:23:51.484639	313	5.78000000e+02
9.33879650e+00	2022-05-17T19:23:51.506459	314	5.73000000e+02
9.35055340e+00	2022-05-17T19:23:51.522592	315	5.74000000e+02
9.35924660e+00	2022-05-17T19:23:51.522592	316	5.75000000e+02
9.38206130e+00	2022-05-17T19:23:51.553327	317	5.76000000e+02
9.39992530e+00	2022-05-17T19:23:51.568987	318	5.83000000e+02
9.40777780e+00	2022-05-17T19:23:51.568987	319	5.87000000e+02
9.41581260e+00	2022-05-17T19:23:51.584569	320	5.77000000e+02
9.42500740e+00	2022-05-17T19:23:51.584569	321	6.28000000e+02
9.44615240e+00	2022-05-17T19:23:51.606714	322	5.77000000e+02
9.46487910e+00	2022-05-17T19:23:51.638000	323	6.24000000e+02
9.47374320e+00	2022-05-17T19:23:51.638000	324	5.75000000e+02
9.48150250e+00	2022-05-17T19:23:51.653582	325	5.74000000e+02
9.49037650e+00	2022-05-17T19:23:51.653582	326	5.79000000e+02
9.51170410e+00	2022-05-17T19:23:51.684824	327	6.17000000e+02
9.53160130e+00	2022-05-17T19:23:51.700503	328	5.83000000e+02
9.54308350e+00	2022-05-17T19:23:51.707047	329	5.81000000e+02
9.55136440e+00	2022-05-17T19:23:51.723083	330	5.81000000e+02
9.55992450e+00	2022-05-17T19:23:51.723083	331	5.87000000e+02
9.58237900e+00	2022-05-17T19:23:51.753915	332	5.82000000e+02
9.60762510e+00	2022-05-17T19:23:51.769573	333	5.93000000e+02
9.61711940e+00	2022-05-17T19:23:51.785447	334	5.77000000e+02
9.62533990e+00	2022-05-17T19:23:51.785447	335	5.88000000e+02
9.64518830e+00	2022-05-17T19:23:51.806945	336	5.76000000e+02
9.66402600e+00	2022-05-17T19:23:51.822607	337	5.74000000e+02
9.67129360e+00	2022-05-17T19:23:51.838234	338	5.75000000e+02
9.68234560e+00	2022-05-17T19:23:51.854272	339	5.74000000e+02
9.69108720e+00	2022-05-17T19:23:51.854272	340	5.78000000e+02
9.71461960e+00	2022-05-17T19:23:51.885055	341	5.84000000e+02
9.73242170e+00	2022-05-17T19:23:51.900714	342	5.79000000e+02
9.74006200e+00	2022-05-17T19:23:51.907236	343	5.76000000e+02
9.75168270e+00	2022-05-17T19:23:51.923243	344	5.78000000e+02
9.76062000e+00	2022-05-17T19:23:51.923243	345	5.82000000e+02
9.78306650e+00	2022-05-17T19:23:51.954103	346	5.73000000e+02
9.79196600e+00	2022-05-17T19:23:51.954103	347	5.86000000e+02
9.80869580e+00	2022-05-17T19:23:51.969763	348	5.75000000e+02
9.81319710e+00	2022-05-17T19:23:51.985345	349	5.75000000e+02
9.82203540e+00	2022-05-17T19:23:51.985345	350	5.75000000e+02
9.84551600e+00	2022-05-17T19:23:52.007472	351	5.72000000e+02
9.87003120e+00	2022-05-17T19:23:52.038752	352	5.76000000e+02
9.87446570e+00	2022-05-17T19:23:52.038752	353	5.78000000e+02
9.88279520e+00	2022-05-17T19:23:52.054663	354	5.91000000e+02
9.89172560e+00	2022-05-17T19:23:52.054663	355	5.82000000e+02
9.92297130e+00	2022-05-17T19:23:52.085581	356	5.73000000e+02
9.94025110e+00	2022-05-17T19:23:52.107786	357	6.26000000e+02
9.94878150e+00	2022-05-17T19:23:52.107786	358	5.74000000e+02
9.95648880e+00	2022-05-17T19:23:52.123862	359	5.74000000e+02
9.96561660e+00	2022-05-17T19:23:52.123862	360	5.74000000e+02
9.98258500e+00	2022-05-17T19:23:52.154653	361	5.78000000e+02
1.00068653e+01	2022-05-17T19:23:52.170310	362	5.72000000e+02
1.00095899e+01	2022-05-17T19:23:52.170310	363	5.96000000e+02
1.00185433e+01	2022-05-17T19:23:52.185963	364	5.81000000e+02
1.00481490e+01	2022-05-17T19:23:52.207809	365	5.73000000e+02
1.00717488e+01	2022-05-17T19:23:52.239068	366	5.75000000e+02
1.00834586e+01	2022-05-17T19:23:52.255159	367	5.77000000e+02
1.00923979e+01	2022-05-17T19:23:52.255159	368	6.26000000e+02
1.01149514e+01	2022-05-17T19:23:52.285919	369	5.96000000e+02
1.01394566e+01	2022-05-17T19:23:52.307748	370	5.82000000e+02
1.01487655e+01	2022-05-17T19:23:52.307748	371	5.73000000e+02
1.01577823e+01	2022-05-17T19:23:52.323802	372	5.74000000e+02
1.01664328e+01	2022-05-17T19:23:52.338994	373	5.92000000e+02
1.01918442e+01	2022-05-17T19:23:52.354616	374	5.76000000e+02
1.02091386e+01	2022-05-17T19:23:52.370275	375	6.21000000e+02
1.02146659e+01	2022-05-17T19:23:52.385895	376	5.79000000e+02
1.02234848e+01	2022-05-17T19:23:52.385895	377	5.79000000e+02
1.02490955e+01	2022-05-17T19:23:52.407997	378	6.21000000e+02
1.02731669e+01	2022-05-17T19:23:52.439281	379	6.29000000e+02
1.02757946e+01	2022-05-17T19:23:52.439281	380	5.77000000e+02
1.02844914e+01	2022-05-17T19:23:52.455364	381	5.73000000e+02
1.02929770e+01	2022-05-17T19:23:52.455364	382	5.75000000e+02
1.03162555e+01	2022-05-17T19:23:52.486685	383	5.72000000e+02
1.03404196e+01	2022-05-17T19:23:52.507853	384	6.28000000e+02
1.03455598e+01	2022-05-17T19:23:52.507853	385	5.76000000e+02
1.03545682e+01	2022-05-17T19:23:52.524045	386	5.74000000e+02
1.03658447e+01	2022-05-17T19:23:52.539098	387	5.81000000e+02
1.03748039e+01	2022-05-17T19:23:52.539098	388	5.77000000e+02
1.04005363e+01	2022-05-17T19:23:52.570340	389	5.76000000e+02
1.04086249e+01	2022-05-17T19:23:52.570340	390	5.85000000e+02
1.04263843e+01	2022-05-17T19:23:52.586007	391	5.80000000e+02
1.04363420e+01	2022-05-17T19:23:52.608196	392	5.74000000e+02
1.04484003e+01	2022-05-17T19:23:52.608196	393	5.74000000e+02
1.04706982e+01	2022-05-17T19:23:52.639452	394	5.73000000e+02
1.04959111e+01	2022-05-17T19:23:52.655065	395	5.73000000e+02
1.05063040e+01	2022-05-17T19:23:52.671140	396	5.88000000e+02
1.05317629e+01	2022-05-17T19:23:52.701929	397	5.77000000e+02
1.05567175e+01	2022-05-17T19:23:52.724098	398	5.73000000e+02
1.05628756e+01	2022-05-17T19:23:52.724098	399	5.86000000e+02
1.05708428e+01	2022-05-17T19:23:52.740259	400	5.80000000e+02
1.05802079e+01	2022-05-17T19:23:52.740259	401	5.74000000e+02
1.06004860e+01	2022-05-17T19:23:52.770963	402	5.73000000e+02
1.06247401e+01	2022-05-17T19:23:52.786625	403	5.72000000e+02
1.06286265e+01	2022-05-17T19:23:52.786625	404	5.76000000e+02
1.06371144e+01	2022-05-17T19:23:52.809000	405	5.84000000e+02
1.06490832e+01	2022-05-17T19:23:52.809000	406	5.79000000e+02
1.06702046e+01	2022-05-17T19:23:52.840247	407	5.72000000e+02
1.06899256e+01	2022-05-17T19:23:52.855905	408	5.76000000e+02
1.06979484e+01	2022-05-17T19:23:52.855905	409	5.75000000e+02
1.07067100e+01	2022-05-17T19:23:52.871490	410	5.74000000e+02
1.07323660e+01	2022-05-17T19:23:52.902733	411	5.72000000e+02
1.07413464e+01	2022-05-17T19:23:52.909277	412	5.87000000e+02
1.07595558e+01	2022-05-17T19:23:52.924940	413	5.73000000e+02
1.07686713e+01	2022-05-17T19:23:52.940522	414	6.12000000e+02
1.07801815e+01	2022-05-17T19:23:52.940522	415	6.23000000e+02
1.07999666e+01	2022-05-17T19:23:52.971764	416	5.82000000e+02
1.08242060e+01	2022-05-17T19:23:52.987423	417	5.76000000e+02
1.08288768e+01	2022-05-17T19:23:52.987423	418	5.78000000e+02
1.08377791e+01	2022-05-17T19:23:53.009705	419	5.82000000e+02
1.08495239e+01	2022-05-17T19:23:53.009705	420	5.83000000e+02
1.08757278e+01	2022-05-17T19:23:53.040952	421	5.77000000e+02
1.08948865e+01	2022-05-17T19:23:53.056610	422	5.81000000e+02
1.08990936e+01	2022-05-17T19:23:53.072196	423	5.77000000e+02
1.09072054e+01	2022-05-17T19:23:53.072196	424	5.95000000e+02
1.09292494e+01	2022-05-17T19:23:53.087816	425	5.85000000e+02
1.09497471e+01	2022-05-17T19:23:53.109941	426	5.77000000e+02
1.09569817e+01	2022-05-17T19:23:53.125605	427	5.73000000e+02
1.09640786e+01	2022-05-17T19:23:53.125605	428	5.79000000e+02
1.09728016e+01	2022-05-17T19:23:53.141745	429	5.80000000e+02
1.09806981e+01	2022-05-17T19:23:53.141745	430	5.74000000e+02
1.09994068e+01	2022-05-17T19:23:53.172430	431	5.82000000e+02
1.10235056e+01	2022-05-17T19:23:53.188088	432	5.73000000e+02
1.10298018e+01	2022-05-17T19:23:53.188088	433	5.73000000e+02
1.10384027e+01	2022-05-17T19:23:53.210312	434	5.74000000e+02
1.10505188e+01	2022-05-17T19:23:53.210312	435	6.28000000e+02
1.10687954e+01	2022-05-17T19:23:53.241559	436	5.78000000e+02
1.10932118e+01	2022-05-17T19:23:53.257218	437	5.88000000e+02
1.10997406e+01	2022-05-17T19:23:53.272800	438	5.73000000e+02
1.11081020e+01	2022-05-17T19:23:53.272800	439	6.28000000e+02
1.11306794e+01	2022-05-17T19:23:53.288423	440	6.24000000e+02
1.11400296e+01	2022-05-17T19:23:53.310632	441	5.77000000e+02
1.11526348e+01	2022-05-17T19:23:53.310632	442	5.78000000e+02
1.11610586e+01	2022-05-17T19:23:53.326531	443	5.81000000e+02
1.11697384e+01	2022-05-17T19:23:53.341883	444	5.86000000e+02
1.11820355e+01	2022-05-17T19:23:53.341883	445	5.78000000e+02
1.11999756e+01	2022-05-17T19:23:53.373121	446	5.76000000e+02
1.12249452e+01	2022-05-17T19:23:53.388742	447	5.77000000e+02
1.12301903e+01	2022-05-17T19:23:53.388742	448	5.97000000e+02
1.12390889e+01	2022-05-17T19:23:53.411015	449	5.84000000e+02
1.12512849e+01	2022-05-17T19:23:53.411015	450	5.78000000e+02
1.12711300e+01	2022-05-17T19:23:53.442262	451	5.73000000e+02
1.12792021e+01	2022-05-17T19:23:53.442262	452	5.76000000e+02
1.12990221e+01	2022-05-17T19:23:53.457924	453	5.74000000e+02
1.13086725e+01	2022-05-17T19:23:53.473957	454	5.76000000e+02
1.13312838e+01	2022-05-17T19:23:53.489757	455	5.73000000e+02
1.13572229e+01	2022-05-17T19:23:53.526553	456	5.73000000e+02
1.13659621e+01	2022-05-17T19:23:53.526553	457	5.81000000e+02
1.13742641e+01	2022-05-17T19:23:53.542655	458	5.74000000e+02
1.14005158e+01	2022-05-17T19:23:53.573377	459	5.78000000e+02
1.14273906e+01	2022-05-17T19:23:53.589036	460	6.19000000e+02
1.14308319e+01	2022-05-17T19:23:53.589036	461	5.74000000e+02
1.14394707e+01	2022-05-17T19:23:53.611382	462	5.74000000e+02
1.14477315e+01	2022-05-17T19:23:53.611382	463	5.74000000e+02
1.14713407e+01	2022-05-17T19:23:53.642629	464	6.17000000e+02
1.14968261e+01	2022-05-17T19:23:53.658294	465	5.94000000e+02
1.15003744e+01	2022-05-17T19:23:53.658294	466	6.30000000e+02
1.15094947e+01	2022-05-17T19:23:53.673871	467	5.78000000e+02
1.15316074e+01	2022-05-17T19:23:53.689492	468	5.75000000e+02
1.15551302e+01	2022-05-17T19:23:53.727283	469	6.28000000e+02
1.15622695e+01	2022-05-17T19:23:53.727283	470	5.73000000e+02
1.15709850e+01	2022-05-17T19:23:53.742875	471	5.77000000e+02
1.15829845e+01	2022-05-17T19:23:53.742875	472	5.74000000e+02
1.16028701e+01	2022-05-17T19:23:53.774107	473	5.72000000e+02
1.16108758e+01	2022-05-17T19:23:53.774107	474	5.78000000e+02
1.16300430e+01	2022-05-17T19:23:53.789769	475	5.77000000e+02
1.16403881e+01	2022-05-17T19:23:53.812343	476	5.74000000e+02
1.16485426e+01	2022-05-17T19:23:53.812343	477	5.79000000e+02
1.16713446e+01	2022-05-17T19:23:53.843589	478	5.81000000e+02
1.16978075e+01	2022-05-17T19:23:53.859250	479	6.24000000e+02
1.17017124e+01	2022-05-17T19:23:53.874833	480	5.76000000e+02
1.17102302e+01	2022-05-17T19:23:53.874833	481	5.88000000e+02
1.17337245e+01	2022-05-17T19:23:53.906075	482	5.88000000e+02
1.17550489e+01	2022-05-17T19:23:53.928203	483	5.76000000e+02
1.17628274e+01	2022-05-17T19:23:53.928203	484	5.76000000e+02
1.17716659e+01	2022-05-17T19:23:53.943824	485	5.89000000e+02
1.17837218e+01	2022-05-17T19:23:53.943824	486	5.80000000e+02
1.18313647e+01	2022-05-17T19:23:53.990726	487	5.78000000e+02
1.18411512e+01	2022-05-17T19:23:54.013087	488	5.74000000e+02
1.18533676e+01	2022-05-17T19:23:54.013087	489	5.74000000e+02
1.18795414e+01	2022-05-17T19:23:54.044370	490	5.86000000e+02
1.18993960e+01	2022-05-17T19:23:54.059995	491	5.95000000e+02
1.19107030e+01	2022-05-17T19:23:54.076076	492	5.74000000e+02
1.19190547e+01	2022-05-17T19:23:54.091197	493	5.73000000e+02
1.19305932e+01	2022-05-17T19:23:54.091197	494	6.26000000e+02
1.19499678e+01	2022-05-17T19:23:54.113339	495	5.74000000e+02
1.19770841e+01	2022-05-17T19:23:54.144622	496	6.15000000e+02
1.19844106e+01	2022-05-17T19:23:54.144622	497	5.83000000e+02
1.19927106e+01	2022-05-17T19:23:54.160715	498	5.73000000e+02
1.20134673e+01	2022-05-17T19:23:54.176077	499	5.73000000e+02
1.20237508e+01	2022-05-17T19:23:54.191449	500	5.75000000e+02
1.20448537e+01	2022-05-17T19:23:54.213654	501	5.84000000e+02
1.20539935e+01	2022-05-17T19:23:54.213654	502	5.77000000e+02
1.20619294e+01	2022-05-17T19:23:54.229768	503	5.75000000e+02
1.20705878e+01	2022-05-17T19:23:54.229768	504	5.76000000e+02
1.20894344e+01	2022-05-17T19:23:54.260525	505	5.75000000e+02
1.21154987e+01	2022-05-17T19:23:54.276181	506	5.73000000e+02
1.21195403e+01	2022-05-17T19:23:54.291764	507	5.75000000e+02
1.21282753e+01	2022-05-17T19:23:54.291764	508	5.77000000e+02
1.21519419e+01	2022-05-17T19:23:54.313981	509	5.72000000e+02
1.21602568e+01	2022-05-17T19:23:54.329649	510	5.83000000e+02
1.21742140e+01	2022-05-17T19:23:54.345265	511	5.73000000e+02
1.21887013e+01	2022-05-17T19:23:54.360851	512	5.74000000e+02
1.21981421e+01	2022-05-17T19:23:54.360851	513	5.87000000e+02
1.22091704e+01	2022-05-17T19:23:54.377040	514	5.77000000e+02
1.22179860e+01	2022-05-17T19:23:54.377040	515	5.75000000e+02
1.22362844e+01	2022-05-17T19:23:54.407712	516	5.77000000e+02
1.22636179e+01	2022-05-17T19:23:54.429842	517	5.76000000e+02
1.22751412e+01	2022-05-17T19:23:54.445956	518	5.87000000e+02
1.22835171e+01	2022-05-17T19:23:54.445956	519	5.74000000e+02
1.23072344e+01	2022-05-17T19:23:54.476704	520	5.72000000e+02
1.23326340e+01	2022-05-17T19:23:54.492927	521	5.75000000e+02
1.23359750e+01	2022-05-17T19:23:54.508551	522	5.76000000e+02
1.23448294e+01	2022-05-17T19:23:54.515141	523	5.74000000e+02
1.23532628e+01	2022-05-17T19:23:54.515141	524	5.90000000e+02
1.23749831e+01	2022-05-17T19:23:54.546387	525	5.99000000e+02
1.23960359e+01	2022-05-17T19:23:54.562047	526	5.73000000e+02
1.24030235e+01	2022-05-17T19:23:54.562047	527	5.97000000e+02
1.24056625e+01	2022-05-17T19:23:54.577632	528	6.19000000e+02
1.24141347e+01	2022-05-17T19:23:54.577632	529	5.75000000e+02
1.24399601e+01	2022-05-17T19:23:54.608872	530	5.89000000e+02
1.24586659e+01	2022-05-17T19:23:54.631039	531	5.78000000e+02
1.24664091e+01	2022-05-17T19:23:54.631039	532	5.73000000e+02
1.24756502e+01	2022-05-17T19:23:54.647166	533	5.74000000e+02
1.24842118e+01	2022-05-17T19:23:54.647166	534	5.75000000e+02
1.25056568e+01	2022-05-17T19:23:54.677864	535	5.72000000e+02
1.25277270e+01	2022-05-17T19:23:54.693523	536	5.99000000e+02
1.25366507e+01	2022-05-17T19:23:54.709107	537	5.84000000e+02
1.25466606e+01	2022-05-17T19:23:54.716149	538	5.84000000e+02
1.25578539e+01	2022-05-17T19:23:54.716149	539	5.75000000e+02
1.25774454e+01	2022-05-17T19:23:54.747396	540	5.73000000e+02
1.26030499e+01	2022-05-17T19:23:54.763055	541	5.85000000e+02
1.26151791e+01	2022-05-17T19:23:54.779144	542	5.75000000e+02
1.26231874e+01	2022-05-17T19:23:54.794260	543	5.75000000e+02
1.26313254e+01	2022-05-17T19:23:54.794260	544	5.83000000e+02
1.26540361e+01	2022-05-17T19:23:54.816461	545	5.94000000e+02
1.26800562e+01	2022-05-17T19:23:54.847742	546	5.75000000e+02
1.26886358e+01	2022-05-17T19:23:54.847742	547	6.13000000e+02
1.26965703e+01	2022-05-17T19:23:54.863648	548	5.74000000e+02
1.27050299e+01	2022-05-17T19:23:54.863648	549	5.73000000e+02
1.27232039e+01	2022-05-17T19:23:54.894571	550	6.28000000e+02
1.27496250e+01	2022-05-17T19:23:54.916733	551	5.79000000e+02
1.27543792e+01	2022-05-17T19:23:54.916733	552	5.77000000e+02
1.27624075e+01	2022-05-17T19:23:54.932933	553	5.75000000e+02
1.27709183e+01	2022-05-17T19:23:54.932933	554	5.82000000e+02
1.27919449e+01	2022-05-17T19:23:54.963601	555	5.77000000e+02
1.28191344e+01	2022-05-17T19:23:54.979259	556	5.72000000e+02
1.28235826e+01	2022-05-17T19:23:54.995201	557	5.80000000e+02
1.28322768e+01	2022-05-17T19:23:54.995201	558	5.90000000e+02
1.28543758e+01	2022-05-17T19:23:55.017084	559	5.72000000e+02
1.28816742e+01	2022-05-17T19:23:55.048336	560	5.75000000e+02
1.28940449e+01	2022-05-17T19:23:55.064448	561	5.74000000e+02
1.29059505e+01	2022-05-17T19:23:55.064448	562	5.75000000e+02
1.29228635e+01	2022-05-17T19:23:55.095200	563	5.94000000e+02
1.29443538e+01	2022-05-17T19:23:55.117390	564	5.76000000e+02
1.29550656e+01	2022-05-17T19:23:55.117390	565	6.26000000e+02
1.29632105e+01	2022-05-17T19:23:55.133020	566	5.77000000e+02
1.29716660e+01	2022-05-17T19:23:55.133020	567	5.74000000e+02
1.29936708e+01	2022-05-17T19:23:55.164257	568	5.73000000e+02
1.30212672e+01	2022-05-17T19:23:55.179927	569	5.75000000e+02
1.30328408e+01	2022-05-17T19:23:55.195912	570	5.73000000e+02
1.30548520e+01	2022-05-17T19:23:55.217701	571	5.84000000e+02
1.30829280e+01	2022-05-17T19:23:55.248948	572	5.88000000e+02
1.30943923e+01	2022-05-17T19:23:55.265062	573	5.74000000e+02
1.31026357e+01	2022-05-17T19:23:55.265062	574	5.81000000e+02
1.31256840e+01	2022-05-17T19:23:55.295814	575	5.73000000e+02
1.31538141e+01	2022-05-17T19:23:55.317691	576	5.73000000e+02
1.31634697e+01	2022-05-17T19:23:55.333603	577	5.73000000e+02
1.31723734e+01	2022-05-17T19:23:55.333603	578	5.75000000e+02
1.31946957e+01	2022-05-17T19:23:55.364557	579	5.73000000e+02
1.32164199e+01	2022-05-17T19:23:55.380215	580	5.75000000e+02
1.32249997e+01	2022-05-17T19:23:55.396451	581	5.74000000e+02
1.32337460e+01	2022-05-17T19:23:55.396451	582	6.00000000e+02
1.32416634e+01	2022-05-17T19:23:55.411829	583	5.74000000e+02
1.32498908e+01	2022-05-17T19:23:55.418137	584	5.87000000e+02
1.32586268e+01	2022-05-17T19:23:55.418137	585	5.86000000e+02
1.32762640e+01	2022-05-17T19:23:55.449390	586	5.74000000e+02
1.32994447e+01	2022-05-17T19:23:55.465049	587	5.74000000e+02
1.33071639e+01	2022-05-17T19:23:55.465049	588	5.73000000e+02
1.33108256e+01	2022-05-17T19:23:55.480637	589	5.75000000e+02
1.33198104e+01	2022-05-17T19:23:55.480637	590	5.74000000e+02
1.33318022e+01	2022-05-17T19:23:55.497318	591	5.91000000e+02
1.33503841e+01	2022-05-17T19:23:55.518495	592	6.28000000e+02
1.33567937e+01	2022-05-17T19:23:55.518495	593	5.80000000e+02
1.33834897e+01	2022-05-17T19:23:55.549783	594	5.77000000e+02
1.33891896e+01	2022-05-17T19:23:55.549783	595	6.25000000e+02
1.33973463e+01	2022-05-17T19:23:55.565879	596	5.73000000e+02
1.34055363e+01	2022-05-17T19:23:55.565879	597	5.74000000e+02
1.34302696e+01	2022-05-17T19:23:55.596604	598	5.80000000e+02
1.34524593e+01	2022-05-17T19:23:55.618802	599	5.74000000e+02
1.34538887e+01	2022-05-17T19:23:55.618802	600	5.81000000e+02
1.34626306e+01	2022-05-17T19:23:55.634510	601	5.81000000e+02
1.34712489e+01	2022-05-17T19:23:55.634510	602	6.31000000e+02
1.34964755e+01	2022-05-17T19:23:55.665670	603	5.76000000e+02
1.35214513e+01	2022-05-17T19:23:55.681328	604	5.74000000e+02
1.35283128e+01	2022-05-17T19:23:55.697305	605	5.75000000e+02
1.35367774e+01	2022-05-17T19:23:55.697305	606	5.81000000e+02
1.35578101e+01	2022-05-17T19:23:55.719068	607	5.72000000e+02
1.35794872e+01	2022-05-17T19:23:55.750358	608	5.76000000e+02
1.35894108e+01	2022-05-17T19:23:55.750358	609	6.31000000e+02
1.35981017e+01	2022-05-17T19:23:55.765999	610	5.75000000e+02
1.36067663e+01	2022-05-17T19:23:55.765999	611	5.75000000e+02
1.36257763e+01	2022-05-17T19:23:55.797178	612	5.76000000e+02
1.36537067e+01	2022-05-17T19:23:55.819381	613	6.21000000e+02
1.36597102e+01	2022-05-17T19:23:55.819381	614	5.86000000e+02
1.36717908e+01	2022-05-17T19:23:55.835408	615	5.78000000e+02
1.36946071e+01	2022-05-17T19:23:55.866248	616	5.75000000e+02
1.37169992e+01	2022-05-17T19:23:55.881908	617	5.74000000e+02
1.37251035e+01	2022-05-17T19:23:55.897492	618	5.81000000e+02
1.37334152e+01	2022-05-17T19:23:55.897492	619	5.74000000e+02
1.37413547e+01	2022-05-17T19:23:55.913252	620	5.75000000e+02
1.37494861e+01	2022-05-17T19:23:55.919574	621	5.74000000e+02
1.37577646e+01	2022-05-17T19:23:55.919574	622	5.75000000e+02
1.37871347e+01	2022-05-17T19:23:55.950820	623	5.75000000e+02
1.38091604e+01	2022-05-17T19:23:55.982065	624	5.81000000e+02
1.38195956e+01	2022-05-17T19:23:55.982065	625	5.90000000e+02
1.38315202e+01	2022-05-17T19:23:55.998262	626	5.73000000e+02
1.38399525e+01	2022-05-17T19:23:55.998262	627	6.13000000e+02
1.38642180e+01	2022-05-17T19:23:56.035440	628	5.79000000e+02
1.38905453e+01	2022-05-17T19:23:56.051096	629	5.72000000e+02
1.38970145e+01	2022-05-17T19:23:56.066980	630	5.76000000e+02
1.39054996e+01	2022-05-17T19:23:56.066980	631	5.74000000e+02
1.39265378e+01	2022-05-17T19:23:56.097925	632	5.74000000e+02
1.39499806e+01	2022-05-17T19:23:56.120127	633	5.72000000e+02
1.39584584e+01	2022-05-17T19:23:56.120127	634	5.77000000e+02
1.39667639e+01	2022-05-17T19:23:56.136007	635	6.15000000e+02
1.39751228e+01	2022-05-17T19:23:56.136007	636	5.76000000e+02
1.39965851e+01	2022-05-17T19:23:56.166997	637	5.74000000e+02
1.40166409e+01	2022-05-17T19:23:56.182659	638	5.91000000e+02
1.40282953e+01	2022-05-17T19:23:56.198696	639	6.15000000e+02
1.40365104e+01	2022-05-17T19:23:56.198696	640	5.76000000e+02
1.40592189e+01	2022-05-17T19:23:56.220459	641	5.81000000e+02
1.40828478e+01	2022-05-17T19:23:56.251746	642	6.23000000e+02
1.40939568e+01	2022-05-17T19:23:56.251746	643	5.84000000e+02
1.41057653e+01	2022-05-17T19:23:56.267327	644	5.78000000e+02
1.41267429e+01	2022-05-17T19:23:56.298568	645	5.79000000e+02
1.41547374e+01	2022-05-17T19:23:56.320438	646	5.77000000e+02
1.41594185e+01	2022-05-17T19:23:56.320438	647	5.78000000e+02
1.41715549e+01	2022-05-17T19:23:56.336557	648	5.74000000e+02
1.41942150e+01	2022-05-17T19:23:56.367305	649	5.73000000e+02
1.41964531e+01	2022-05-17T19:23:56.367305	650	5.75000000e+02
1.42193187e+01	2022-05-17T19:23:56.382964	651	5.72000000e+02
1.42282088e+01	2022-05-17T19:23:56.398575	652	5.74000000e+02
1.42366280e+01	2022-05-17T19:23:56.398575	653	5.74000000e+02
1.42471340e+01	2022-05-17T19:23:56.414653	654	6.28000000e+02
1.42571562e+01	2022-05-17T19:23:56.420657	655	5.74000000e+02
1.42801991e+01	2022-05-17T19:23:56.451903	656	5.95000000e+02
1.43102106e+01	2022-05-17T19:23:56.483148	657	5.75000000e+02
1.43145572e+01	2022-05-17T19:23:56.483148	658	5.77000000e+02
1.43229476e+01	2022-05-17T19:23:56.483148	659	6.25000000e+02
1.43311963e+01	2022-05-17T19:23:56.499432	660	5.77000000e+02
1.43392869e+01	2022-05-17T19:23:56.499432	661	5.75000000e+02
1.43601850e+01	2022-05-17T19:23:56.520887	662	6.26000000e+02
1.43878581e+01	2022-05-17T19:23:56.552170	663	5.75000000e+02
1.43964314e+01	2022-05-17T19:23:56.567771	664	5.79000000e+02
1.44050974e+01	2022-05-17T19:23:56.567771	665	5.82000000e+02
1.44277382e+01	2022-05-17T19:23:56.598997	666	5.74000000e+02
1.44555811e+01	2022-05-17T19:23:56.621199	667	5.72000000e+02
1.44621731e+01	2022-05-17T19:23:56.621199	668	5.74000000e+02
1.44703756e+01	2022-05-17T19:23:56.637150	669	5.94000000e+02
1.44785965e+01	2022-05-17T19:23:56.637150	670	5.76000000e+02
1.44963108e+01	2022-05-17T19:23:56.668066	671	5.72000000e+02
1.45251271e+01	2022-05-17T19:23:56.683724	672	5.89000000e+02
1.45319758e+01	2022-05-17T19:23:56.699311	673	5.74000000e+02
1.45403836e+01	2022-05-17T19:23:56.699311	674	5.74000000e+02
1.45524746e+01	2022-05-17T19:23:56.721854	675	5.81000000e+02
1.45611812e+01	2022-05-17T19:23:56.721854	676	6.21000000e+02
1.45819332e+01	2022-05-17T19:23:56.753100	677	5.85000000e+02
1.46114704e+01	2022-05-17T19:23:56.784346	678	5.83000000e+02
1.46131982e+01	2022-05-17T19:23:56.784346	679	5.74000000e+02
1.46222666e+01	2022-05-17T19:23:56.784346	680	5.73000000e+02
1.46344030e+01	2022-05-17T19:23:56.800254	681	5.88000000e+02
1.46430450e+01	2022-05-17T19:23:56.815585	682	6.26000000e+02
1.46603411e+01	2022-05-17T19:23:56.822100	683	5.73000000e+02
1.46845998e+01	2022-05-17T19:23:56.853385	684	5.73000000e+02
1.46953975e+01	2022-05-17T19:23:56.853385	685	5.73000000e+02
1.47041425e+01	2022-05-17T19:23:56.868966	686	5.74000000e+02
1.47289354e+01	2022-05-17T19:23:56.900210	687	5.73000000e+02
1.47516929e+01	2022-05-17T19:23:56.922411	688	5.80000000e+02
1.47596077e+01	2022-05-17T19:23:56.922411	689	5.75000000e+02
1.47689876e+01	2022-05-17T19:23:56.938396	690	5.76000000e+02
1.47772351e+01	2022-05-17T19:23:56.938396	691	5.76000000e+02
1.48002237e+01	2022-05-17T19:23:56.969279	692	5.72000000e+02
1.48281260e+01	2022-05-17T19:23:57.000559	693	5.73000000e+02
1.48350371e+01	2022-05-17T19:23:57.000559	694	5.73000000e+02
1.48446726e+01	2022-05-17T19:23:57.016142	695	5.72000000e+02
1.48555199e+01	2022-05-17T19:23:57.023159	696	5.74000000e+02
1.48640562e+01	2022-05-17T19:23:57.023159	697	5.76000000e+02
1.48829221e+01	2022-05-17T19:23:57.054406	698	5.76000000e+02
1.49132695e+01	2022-05-17T19:23:57.085649	699	5.76000000e+02
1.49169258e+01	2022-05-17T19:23:57.085649	700	5.77000000e+02
1.49253272e+01	2022-05-17T19:23:57.085649	701	5.73000000e+02
1.49373811e+01	2022-05-17T19:23:57.101709	702	5.74000000e+02
1.49535953e+01	2022-05-17T19:23:57.123228	703	5.75000000e+02
1.49636563e+01	2022-05-17T19:23:57.123228	704	5.72000000e+02
1.49931844e+01	2022-05-17T19:23:57.154546	705	5.75000000e+02
1.49987287e+01	2022-05-17T19:23:57.170608	706	5.73000000e+02
1.50070981e+01	2022-05-17T19:23:57.170608	707	5.82000000e+02
1.50310175e+01	2022-05-17T19:23:57.201338	708	5.73000000e+02
1.50547881e+01	2022-05-17T19:23:57.223533	709	5.79000000e+02
1.50643445e+01	2022-05-17T19:23:57.223533	710	5.75000000e+02
1.50727195e+01	2022-05-17T19:23:57.239620	711	5.76000000e+02
1.51011136e+01	2022-05-17T19:23:57.270400	712	5.73000000e+02
1.51101468e+01	2022-05-17T19:23:57.270400	713	5.79000000e+02
1.51324985e+01	2022-05-17T19:23:57.302288	714	5.79000000e+02
1.51423716e+01	2022-05-17T19:23:57.302288	715	5.74000000e+02
1.51545017e+01	2022-05-17T19:23:57.323762	716	5.74000000e+02
1.51622309e+01	2022-05-17T19:23:57.323762	717	5.87000000e+02
1.51834910e+01	2022-05-17T19:23:57.355008	718	6.14000000e+02
1.52123990e+01	2022-05-17T19:23:57.370666	719	5.74000000e+02
1.52156290e+01	2022-05-17T19:23:57.386278	720	6.23000000e+02
1.52242305e+01	2022-05-17T19:23:57.386278	721	5.74000000e+02
1.52463935e+01	2022-05-17T19:23:57.417493	722	5.74000000e+02
1.52699778e+01	2022-05-17T19:23:57.439702	723	5.84000000e+02
1.52719517e+01	2022-05-17T19:23:57.439702	724	5.74000000e+02
1.52873705e+01	2022-05-17T19:23:57.455374	725	5.77000000e+02
1.52978027e+01	2022-05-17T19:23:57.470908	726	5.96000000e+02
1.53061345e+01	2022-05-17T19:23:57.470908	727	5.74000000e+02
1.53287831e+01	2022-05-17T19:23:57.487198	728	5.76000000e+02
1.53534591e+01	2022-05-17T19:23:57.524031	729	5.90000000e+02
1.53621048e+01	2022-05-17T19:23:57.524031	730	5.76000000e+02
1.53674775e+01	2022-05-17T19:23:57.539655	731	5.74000000e+02
1.53759845e+01	2022-05-17T19:23:57.539655	732	5.83000000e+02
1.54003542e+01	2022-05-17T19:23:57.570899	733	5.73000000e+02
1.54287861e+01	2022-05-17T19:23:57.602144	734	5.78000000e+02
1.54334236e+01	2022-05-17T19:23:57.602144	735	6.28000000e+02
1.54451792e+01	2022-05-17T19:23:57.617762	736	5.81000000e+02
1.54533670e+01	2022-05-17T19:23:57.624591	737	5.75000000e+02
1.54615311e+01	2022-05-17T19:23:57.624591	738	6.19000000e+02
1.54850695e+01	2022-05-17T19:23:57.655837	739	5.72000000e+02
1.55146864e+01	2022-05-17T19:23:57.687084	740	5.75000000e+02
1.55236634e+01	2022-05-17T19:23:57.687084	741	5.74000000e+02
1.55354474e+01	2022-05-17T19:23:57.703199	742	5.75000000e+02
1.55441704e+01	2022-05-17T19:23:57.703199	743	5.74000000e+02
1.55624482e+01	2022-05-17T19:23:57.724722	744	5.76000000e+02
1.55878410e+01	2022-05-17T19:23:57.755987	745	5.73000000e+02
1.55961689e+01	2022-05-17T19:23:57.755987	746	6.26000000e+02
1.56051253e+01	2022-05-17T19:23:57.772074	747	5.86000000e+02
1.56320392e+01	2022-05-17T19:23:57.802832	748	5.73000000e+02
1.56624961e+01	2022-05-17T19:23:57.825033	749	5.72000000e+02
1.56746693e+01	2022-05-17T19:23:57.841249	750	5.78000000e+02
1.56829231e+01	2022-05-17T19:23:57.841249	751	5.99000000e+02
1.56949467e+01	2022-05-17T19:23:57.856278	752	5.88000000e+02
1.57166025e+01	2022-05-17T19:23:57.887521	753	5.75000000e+02
1.57459355e+01	2022-05-17T19:23:57.918795	754	5.73000000e+02
1.57479929e+01	2022-05-17T19:23:57.918795	755	5.78000000e+02
1.57565988e+01	2022-05-17T19:23:57.925871	756	5.77000000e+02
1.57648268e+01	2022-05-17T19:23:57.925871	757	5.73000000e+02
1.57729900e+01	2022-05-17T19:23:57.942028	758	5.83000000e+02
1.57811811e+01	2022-05-17T19:23:57.942028	759	5.74000000e+02
1.58024938e+01	2022-05-17T19:23:57.972738	760	5.72000000e+02
1.58309436e+01	2022-05-17T19:23:58.004020	761	5.82000000e+02
1.58384758e+01	2022-05-17T19:23:58.004020	762	5.83000000e+02
1.58468053e+01	2022-05-17T19:23:58.019602	763	5.78000000e+02
1.58598347e+01	2022-05-17T19:23:58.026714	764	5.73000000e+02
1.58869126e+01	2022-05-17T19:23:58.057961	765	5.89000000e+02
1.58903390e+01	2022-05-17T19:23:58.057961	766	6.26000000e+02
1.59177728e+01	2022-05-17T19:23:58.089240	767	6.01000000e+02
1.59244407e+01	2022-05-17T19:23:58.089240	768	5.76000000e+02
1.59328904e+01	2022-05-17T19:23:58.104825	769	5.74000000e+02
1.59448503e+01	2022-05-17T19:23:58.104825	770	5.81000000e+02
1.59663416e+01	2022-05-17T19:23:58.126993	771	5.75000000e+02
1.59950341e+01	2022-05-17T19:23:58.158277	772	5.73000000e+02
1.59977005e+01	2022-05-17T19:23:58.158277	773	5.75000000e+02
1.60064194e+01	2022-05-17T19:23:58.174389	774	5.75000000e+02
1.60148267e+01	2022-05-17T19:23:58.174389	775	5.74000000e+02
1.60352907e+01	2022-05-17T19:23:58.205103	776	5.91000000e+02
1.60645376e+01	2022-05-17T19:23:58.227309	777	5.94000000e+02
1.60672976e+01	2022-05-17T19:23:58.227309	778	5.74000000e+02
1.60760838e+01	2022-05-17T19:23:58.243254	779	5.74000000e+02
1.60841799e+01	2022-05-17T19:23:58.243254	780	5.95000000e+02
1.61056324e+01	2022-05-17T19:23:58.274176	781	5.73000000e+02
1.61331209e+01	2022-05-17T19:23:58.306073	782	5.73000000e+02
1.61367987e+01	2022-05-17T19:23:58.306073	783	5.90000000e+02
1.61451353e+01	2022-05-17T19:23:58.306073	784	5.76000000e+02
1.61535669e+01	2022-05-17T19:23:58.322234	785	5.82000000e+02
1.61634204e+01	2022-05-17T19:23:58.327240	786	5.79000000e+02
1.61884494e+01	2022-05-17T19:23:58.358486	787	6.22000000e+02
1.62172809e+01	2022-05-17T19:23:58.389768	788	5.72000000e+02
1.62233865e+01	2022-05-17T19:23:58.389768	789	5.74000000e+02
1.62317778e+01	2022-05-17T19:23:58.389768	790	5.78000000e+02
1.62402493e+01	2022-05-17T19:23:58.405350	791	5.94000000e+02
1.62652243e+01	2022-05-17T19:23:58.427373	792	5.73000000e+02
1.62901462e+01	2022-05-17T19:23:58.458655	793	5.72000000e+02
1.63048090e+01	2022-05-17T19:23:58.474282	794	5.75000000e+02
1.63134884e+01	2022-05-17T19:23:58.474282	795	5.89000000e+02
1.63217163e+01	2022-05-17T19:23:58.491407	796	5.76000000e+02
1.63298309e+01	2022-05-17T19:23:58.491407	797	5.74000000e+02
1.63538026e+01	2022-05-17T19:23:58.522654	798	5.74000000e+02
1.63632303e+01	2022-05-17T19:23:58.527660	799	5.74000000e+02
1.63859868e+01	2022-05-17T19:23:58.558906	800	5.79000000e+02
1.63951979e+01	2022-05-17T19:23:58.558906	801	5.75000000e+02
1.64033251e+01	2022-05-17T19:23:58.575133	802	5.74000000e+02
1.64116973e+01	2022-05-17T19:23:58.575133	803	5.74000000e+02
1.64430041e+01	2022-05-17T19:23:58.605769	804	5.75000000e+02
1.64665456e+01	2022-05-17T19:23:58.627935	805	5.92000000e+02
1.64687856e+01	2022-05-17T19:23:58.627935	806	6.28000000e+02
1.64773650e+01	2022-05-17T19:23:58.644008	807	6.32000000e+02
1.64857727e+01	2022-05-17T19:23:58.644008	808	5.74000000e+02
1.65061345e+01	2022-05-17T19:23:58.674802	809	5.75000000e+02
1.65363636e+01	2022-05-17T19:23:58.706086	810	5.74000000e+02
1.65469858e+01	2022-05-17T19:23:58.706086	811	5.76000000e+02
1.65554640e+01	2022-05-17T19:23:58.728119	812	5.90000000e+02
1.65676401e+01	2022-05-17T19:23:58.728119	813	5.75000000e+02
1.65887535e+01	2022-05-17T19:23:58.759366	814	5.76000000e+02
1.66206425e+01	2022-05-17T19:23:58.790647	815	6.24000000e+02
1.66284777e+01	2022-05-17T19:23:58.790647	816	6.20000000e+02
1.66369213e+01	2022-05-17T19:23:58.806803	817	5.73000000e+02
1.66451095e+01	2022-05-17T19:23:58.806803	818	6.18000000e+02
1.66685116e+01	2022-05-17T19:23:58.828430	819	5.93000000e+02
1.66989680e+01	2022-05-17T19:23:58.859713	820	5.79000000e+02
1.67022594e+01	2022-05-17T19:23:58.875302	821	5.74000000e+02
1.67106971e+01	2022-05-17T19:23:58.875302	822	5.80000000e+02
1.67271847e+01	2022-05-17T19:23:58.891101	823	5.74000000e+02
1.67370608e+01	2022-05-17T19:23:58.906540	824	6.11000000e+02
1.67683123e+01	2022-05-17T19:23:58.928738	825	5.77000000e+02
1.67717906e+01	2022-05-17T19:23:58.944372	826	5.75000000e+02
1.67803000e+01	2022-05-17T19:23:58.944372	827	5.75000000e+02
1.68047566e+01	2022-05-17T19:23:58.975605	828	5.96000000e+02
1.68138944e+01	2022-05-17T19:23:58.975605	829	5.75000000e+02
1.68376964e+01	2022-05-17T19:23:59.006888	830	5.73000000e+02
1.68460926e+01	2022-05-17T19:23:59.006888	831	6.32000000e+02
1.68580766e+01	2022-05-17T19:23:59.029123	832	5.80000000e+02
1.68663317e+01	2022-05-17T19:23:59.029123	833	5.73000000e+02
1.68886351e+01	2022-05-17T19:23:59.060369	834	5.78000000e+02
1.69126677e+01	2022-05-17T19:23:59.076027	835	5.72000000e+02
1.69238551e+01	2022-05-17T19:23:59.091648	836	5.74000000e+02
1.69321882e+01	2022-05-17T19:23:59.091648	837	5.81000000e+02
1.69446017e+01	2022-05-17T19:23:59.107708	838	6.22000000e+02
1.69669195e+01	2022-05-17T19:23:59.129439	839	5.74000000e+02
1.69976615e+01	2022-05-17T19:23:59.160685	840	5.76000000e+02
1.70096533e+01	2022-05-17T19:23:59.176905	841	5.75000000e+02
1.70183165e+01	2022-05-17T19:23:59.176905	842	5.75000000e+02
1.70361888e+01	2022-05-17T19:23:59.207549	843	5.75000000e+02
1.70663077e+01	2022-05-17T19:23:59.229748	844	5.72000000e+02
1.70890739e+01	2022-05-17T19:23:59.260994	845	5.73000000e+02
1.71150677e+01	2022-05-17T19:23:59.276652	846	5.75000000e+02
1.71248275e+01	2022-05-17T19:23:59.292275	847	5.74000000e+02
1.71509025e+01	2022-05-17T19:23:59.308946	848	5.72000000e+02
1.71759168e+01	2022-05-17T19:23:59.345746	849	5.75000000e+02
1.71784220e+01	2022-05-17T19:23:59.345746	850	5.73000000e+02
1.71900349e+01	2022-05-17T19:23:59.361804	851	5.75000000e+02
1.71983834e+01	2022-05-17T19:23:59.361804	852	5.89000000e+02
1.72222406e+01	2022-05-17T19:23:59.392567	853	5.72000000e+02
1.72515898e+01	2022-05-17T19:23:59.423848	854	5.80000000e+02
1.72550179e+01	2022-05-17T19:23:59.423848	855	5.89000000e+02
1.72638694e+01	2022-05-17T19:23:59.430846	856	5.75000000e+02
1.72721988e+01	2022-05-17T19:23:59.430846	857	5.73000000e+02
1.72847269e+01	2022-05-17T19:23:59.446890	858	5.76000000e+02
1.73045466e+01	2022-05-17T19:23:59.477714	859	5.72000000e+02
1.73301386e+01	2022-05-17T19:23:59.493985	860	5.84000000e+02
1.73446017e+01	2022-05-17T19:23:59.509609	861	5.74000000e+02
1.73539394e+01	2022-05-17T19:23:59.525754	862	5.76000000e+02
1.73617361e+01	2022-05-17T19:23:59.531154	863	5.76000000e+02
1.73703649e+01	2022-05-17T19:23:59.531154	864	5.76000000e+02
1.73904882e+01	2022-05-17T19:23:59.562401	865	6.29000000e+02
1.74160763e+01	2022-05-17T19:23:59.578063	866	5.80000000e+02
1.74244771e+01	2022-05-17T19:23:59.593684	867	5.91000000e+02
1.74359067e+01	2022-05-17T19:23:59.593684	868	5.76000000e+02
1.74458901e+01	2022-05-17T19:23:59.609265	869	5.74000000e+02
1.74678750e+01	2022-05-17T19:23:59.631280	870	5.78000000e+02
1.74773096e+01	2022-05-17T19:23:59.646904	871	5.78000000e+02
1.75016489e+01	2022-05-17T19:23:59.662563	872	5.78000000e+02
1.75136073e+01	2022-05-17T19:23:59.678691	873	5.85000000e+02
1.75375644e+01	2022-05-17T19:23:59.709389	874	5.72000000e+02
1.75460498e+01	2022-05-17T19:23:59.709389	875	5.76000000e+02
1.75694244e+01	2022-05-17T19:23:59.731593	876	5.75000000e+02
1.75791760e+01	2022-05-17T19:23:59.747217	877	5.74000000e+02
1.75875732e+01	2022-05-17T19:23:59.747217	878	6.21000000e+02
1.76076522e+01	2022-05-17T19:23:59.778460	879	5.75000000e+02
1.76381029e+01	2022-05-17T19:23:59.809708	880	5.74000000e+02
1.76488897e+01	2022-05-17T19:23:59.809708	881	5.74000000e+02
1.76570460e+01	2022-05-17T19:23:59.825360	882	5.75000000e+02
1.76653647e+01	2022-05-17T19:23:59.832162	883	5.74000000e+02
1.76899981e+01	2022-05-17T19:23:59.847792	884	5.73000000e+02
1.76977634e+01	2022-05-17T19:23:59.863412	885	5.77000000e+02
1.77224696e+01	2022-05-17T19:23:59.894658	886	5.78000000e+02
1.77308527e+01	2022-05-17T19:23:59.894658	887	5.73000000e+02
1.77394879e+01	2022-05-17T19:23:59.910584	888	5.74000000e+02
1.77515708e+01	2022-05-17T19:23:59.910584	889	5.95000000e+02
1.77686276e+01	2022-05-17T19:23:59.932413	890	5.72000000e+02
1.77996054e+01	2022-05-17T19:23:59.963696	891	5.79000000e+02
1.78043909e+01	2022-05-17T19:23:59.963696	892	5.81000000e+02
1.78126037e+01	2022-05-17T19:23:59.979743	893	5.73000000e+02
1.78210098e+01	2022-05-17T19:23:59.979743	894	5.81000000e+02
1.78636026e+01	2022-05-17T19:24:00.032727	895	5.72000000e+02
1.78724695e+01	2022-05-17T19:24:00.032727	896	6.24000000e+02
1.78823637e+01	2022-05-17T19:24:00.048640	897	5.84000000e+02
1.78949690e+01	2022-05-17T19:24:00.064206	898	5.75000000e+02
1.79093356e+01	2022-05-17T19:24:00.079594	899	5.74000000e+02
1.79345785e+01	2022-05-17T19:24:00.095252	900	5.73000000e+02
1.79431422e+01	2022-05-17T19:24:00.110876	901	5.77000000e+02
1.79520844e+01	2022-05-17T19:24:00.110876	902	5.75000000e+02
1.79641302e+01	2022-05-17T19:24:00.133117	903	5.74000000e+02
1.79729348e+01	2022-05-17T19:24:00.133117	904	6.23000000e+02
1.79913238e+01	2022-05-17T19:24:00.164365	905	5.77000000e+02
1.80012138e+01	2022-05-17T19:24:00.164365	906	5.75000000e+02
1.80262174e+01	2022-05-17T19:24:00.195650	907	5.74000000e+02
1.80380908e+01	2022-05-17T19:24:00.211228	908	5.76000000e+02
1.80457832e+01	2022-05-17T19:24:00.211228	909	5.74000000e+02
1.80682944e+01	2022-05-17T19:24:00.233395	910	5.75000000e+02
1.80700838e+01	2022-05-17T19:24:00.233395	911	5.87000000e+02
1.80966018e+01	2022-05-17T19:24:00.264678	912	5.72000000e+02
1.81070195e+01	2022-05-17T19:24:00.280262	913	5.83000000e+02
1.81160003e+01	2022-05-17T19:24:00.280262	914	5.74000000e+02
1.81405537e+01	2022-05-17T19:24:00.312071	915	5.75000000e+02
1.81725069e+01	2022-05-17T19:24:00.333775	916	5.74000000e+02
1.81770580e+01	2022-05-17T19:24:00.349399	917	5.97000000e+02
1.81855917e+01	2022-05-17T19:24:00.349399	918	5.75000000e+02
1.82009662e+01	2022-05-17T19:24:00.365020	919	5.74000000e+02
1.82091417e+01	2022-05-17T19:24:00.380642	920	5.94000000e+02
1.82341391e+01	2022-05-17T19:24:00.396299	921	5.73000000e+02
1.82430284e+01	2022-05-17T19:24:00.411926	922	5.73000000e+02
1.82548319e+01	2022-05-17T19:24:00.427505	923	5.79000000e+02
1.82627912e+01	2022-05-17T19:24:00.434331	924	5.98000000e+02
1.82712717e+01	2022-05-17T19:24:00.434331	925	5.74000000e+02
1.82942740e+01	2022-05-17T19:24:00.465576	926	5.85000000e+02
1.83255510e+01	2022-05-17T19:24:00.498553	927	5.75000000e+02
1.83370751e+01	2022-05-17T19:24:00.498553	928	5.83000000e+02
1.83493032e+01	2022-05-17T19:24:00.514199	929	5.74000000e+02
1.83576411e+01	2022-05-17T19:24:00.529799	930	5.73000000e+02
1.83732438e+01	2022-05-17T19:24:00.534341	931	5.77000000e+02
1.84050880e+01	2022-05-17T19:24:00.565622	932	5.96000000e+02
1.84104869e+01	2022-05-17T19:24:00.581499	933	5.78000000e+02
1.84187000e+01	2022-05-17T19:24:00.581499	934	5.74000000e+02
1.84399238e+01	2022-05-17T19:24:00.612451	935	5.73000000e+02
1.84653431e+01	2022-05-17T19:24:00.634654	936	5.73000000e+02
1.84757163e+01	2022-05-17T19:24:00.634654	937	5.75000000e+02
1.84842676e+01	2022-05-17T19:24:00.650598	938	6.28000000e+02
1.84929936e+01	2022-05-17T19:24:00.665905	939	5.74000000e+02
1.85100058e+01	2022-05-17T19:24:00.681521	940	5.72000000e+02
1.85359104e+01	2022-05-17T19:24:00.697143	941	5.88000000e+02
1.85453832e+01	2022-05-17T19:24:00.712802	942	5.74000000e+02
1.85542096e+01	2022-05-17T19:24:00.712802	943	5.74000000e+02
1.85661902e+01	2022-05-17T19:24:00.735150	944	6.28000000e+02
1.85753690e+01	2022-05-17T19:24:00.735150	945	5.82000000e+02
1.85946414e+01	2022-05-17T19:24:00.766396	946	5.73000000e+02
1.86264268e+01	2022-05-17T19:24:00.797661	947	5.72000000e+02
1.86360413e+01	2022-05-17T19:24:00.797661	948	5.76000000e+02
1.86438165e+01	2022-05-17T19:24:00.813742	949	5.75000000e+02
1.86524573e+01	2022-05-17T19:24:00.813742	950	5.77000000e+02
1.86779825e+01	2022-05-17T19:24:00.851074	951	5.76000000e+02
1.87047238e+01	2022-05-17T19:24:00.866734	952	5.73000000e+02
1.87137983e+01	2022-05-17T19:24:00.882549	953	5.81000000e+02
1.87325611e+01	2022-05-17T19:24:00.897946	954	5.76000000e+02
1.87405199e+01	2022-05-17T19:24:00.913559	955	5.75000000e+02
1.87520921e+01	2022-05-17T19:24:00.913559	956	6.31000000e+02
1.87770471e+01	2022-05-17T19:24:00.935763	957	5.83000000e+02
1.87875372e+01	2022-05-17T19:24:00.951423	958	5.73000000e+02
1.88103249e+01	2022-05-17T19:24:00.982630	959	5.76000000e+02
1.88199240e+01	2022-05-17T19:24:00.982630	960	5.90000000e+02
1.88461244e+01	2022-05-17T19:24:01.013873	961	5.75000000e+02
1.88568769e+01	2022-05-17T19:24:01.029493	962	6.12000000e+02
1.88649967e+01	2022-05-17T19:24:01.036073	963	5.74000000e+02
1.88730608e+01	2022-05-17T19:24:01.036073	964	5.76000000e+02
1.88958457e+01	2022-05-17T19:24:01.067325	965	5.74000000e+02
1.89221613e+01	2022-05-17T19:24:01.082982	966	6.22000000e+02
1.89303654e+01	2022-05-17T19:24:01.098606	967	5.84000000e+02
1.89388116e+01	2022-05-17T19:24:01.098606	968	5.73000000e+02
1.89470547e+01	2022-05-17T19:24:01.114479	969	5.80000000e+02
1.89552578e+01	2022-05-17T19:24:01.114479	970	5.74000000e+02
1.89743465e+01	2022-05-17T19:24:01.136638	971	5.75000000e+02
1.90070107e+01	2022-05-17T19:24:01.167919	972	5.72000000e+02
1.90168952e+01	2022-05-17T19:24:01.183971	973	5.73000000e+02
1.90369884e+01	2022-05-17T19:24:01.199241	974	5.81000000e+02
1.90436830e+01	2022-05-17T19:24:01.214748	975	6.24000000e+02
1.90763359e+01	2022-05-17T19:24:01.236939	976	5.73000000e+02
1.90865164e+01	2022-05-17T19:24:01.253101	977	5.80000000e+02
1.90941113e+01	2022-05-17T19:24:01.253101	978	5.73000000e+02
1.91125905e+01	2022-05-17T19:24:01.283806	979	5.73000000e+02
1.91449888e+01	2022-05-17T19:24:01.315682	980	5.79000000e+02
1.91561069e+01	2022-05-17T19:24:01.315682	981	5.74000000e+02
1.91682936e+01	2022-05-17T19:24:01.337202	982	5.86000000e+02
1.91766886e+01	2022-05-17T19:24:01.337202	983	5.74000000e+02
1.91961855e+01	2022-05-17T19:24:01.368448	984	5.73000000e+02
1.92280690e+01	2022-05-17T19:24:01.399730	985	6.04000000e+02
1.92337897e+01	2022-05-17T19:24:01.399730	986	5.83000000e+02
1.92419606e+01	2022-05-17T19:24:01.399730	987	5.74000000e+02
1.92504792e+01	2022-05-17T19:24:01.415312	988	5.73000000e+02
1.92745690e+01	2022-05-17T19:24:01.437512	989	6.18000000e+02
1.93075287e+01	2022-05-17T19:24:01.468798	990	5.75000000e+02
1.93110102e+01	2022-05-17T19:24:01.468798	991	5.80000000e+02
1.93200259e+01	2022-05-17T19:24:01.484378	992	5.74000000e+02
1.93443462e+01	2022-05-17T19:24:01.516625	993	5.75000000e+02
1.93717972e+01	2022-05-17T19:24:01.537831	994	5.73000000e+02
1.93873067e+01	2022-05-17T19:24:01.553506	995	5.73000000e+02
1.93982748e+01	2022-05-17T19:24:01.569594	996	5.75000000e+02
1.94101451e+01	2022-05-17T19:24:01.569594	997	5.73000000e+02
1.94302736e+01	2022-05-17T19:24:01.600319	998	5.82000000e+02
1.94561128e+01	2022-05-17T19:24:01.615992	999	5.95000000e+02
1.94666652e+01	2022-05-17T19:24:01.638574	1000	5.79000000e+02