Time elapsed	Time stamp	Loop Index	GP2Y ADC
s			Cts

5.01409660e+00	2022-05-17T19:24:16.376686	1	5.68000000e+02
5.02432340e+00	2022-05-17T19:24:16.376686	2	5.67000000e+02
5.03227750e+00	2022-05-17T19:24:16.391607	3	5.83000000e+02
5.04137420e+00	2022-05-17T19:24:16.391607	4	5.72000000e+02
5.05415420e+00	2022-05-17T19:24:16.407628	5	5.69000000e+02
5.08468940e+00	2022-05-17T19:24:16.445047	6	5.65000000e+02
5.09603290e+00	2022-05-17T19:24:16.445047	7	5.66000000e+02
5.10723110e+00	2022-05-17T19:24:16.460725	8	5.67000000e+02
5.11902900e+00	2022-05-17T19:24:16.476276	9	6.03000000e+02
5.12882310e+00	2022-05-17T19:24:16.492970	10	5.67000000e+02
5.14931220e+00	2022-05-17T19:24:16.509163	11	5.70000000e+02
5.15943020e+00	2022-05-17T19:24:16.509163	12	5.70000000e+02
5.17103680e+00	2022-05-17T19:24:16.529300	13	5.74000000e+02
5.17994530e+00	2022-05-17T19:24:16.529300	14	5.71000000e+02
5.18874390e+00	2022-05-17T19:24:16.545314	15	5.71000000e+02
5.20327370e+00	2022-05-17T19:24:16.560615	16	5.67000000e+02
5.21183770e+00	2022-05-17T19:24:16.576195	17	5.67000000e+02
5.22324920e+00	2022-05-17T19:24:16.576195	18	5.81000000e+02
5.23423270e+00	2022-05-17T19:24:16.591830	19	6.24000000e+02
5.24573300e+00	2022-05-17T19:24:16.607585	20	5.66000000e+02
5.25439830e+00	2022-05-17T19:24:16.607585	21	5.67000000e+02
5.27973350e+00	2022-05-17T19:24:16.629600	22	5.65000000e+02
5.29908290e+00	2022-05-17T19:24:16.660890	23	5.67000000e+02
5.30756490e+00	2022-05-17T19:24:16.660890	24	5.82000000e+02
5.31974380e+00	2022-05-17T19:24:16.676780	25	5.67000000e+02
5.34314760e+00	2022-05-17T19:24:16.692099	26	5.69000000e+02
5.34710300e+00	2022-05-17T19:24:16.707745	27	5.66000000e+02
5.36648110e+00	2022-05-17T19:24:16.729920	28	5.67000000e+02
5.36889480e+00	2022-05-17T19:24:16.729920	29	5.67000000e+02
5.37751490e+00	2022-05-17T19:24:16.729920	30	5.67000000e+02
5.38892040e+00	2022-05-17T19:24:16.745546	31	5.68000000e+02
5.39737210e+00	2022-05-17T19:24:16.761167	32	5.66000000e+02
5.42937440e+00	2022-05-17T19:24:16.792446	33	5.76000000e+02
5.43930550e+00	2022-05-17T19:24:16.792446	34	5.66000000e+02
5.45078770e+00	2022-05-17T19:24:16.808318	35	6.16000000e+02
5.45926550e+00	2022-05-17T19:24:16.823653	36	5.67000000e+02
5.47837650e+00	2022-05-17T19:24:16.830221	37	5.65000000e+02
5.49654600e+00	2022-05-17T19:24:16.845877	38	5.69000000e+02
5.50809630e+00	2022-05-17T19:24:16.861467	39	5.67000000e+02
5.53049290e+00	2022-05-17T19:24:16.892710	40	5.67000000e+02
5.55039680e+00	2022-05-17T19:24:16.908532	41	5.69000000e+02
5.55269220e+00	2022-05-17T19:24:16.908532	42	5.69000000e+02
5.56135020e+00	2022-05-17T19:24:16.924236	43	5.78000000e+02
5.56959300e+00	2022-05-17T19:24:16.930796	44	5.68000000e+02
5.57846620e+00	2022-05-17T19:24:16.930796	45	5.69000000e+02
5.59911060e+00	2022-05-17T19:24:16.962043	46	5.66000000e+02
5.61435020e+00	2022-05-17T19:24:16.977706	47	5.66000000e+02
5.61859260e+00	2022-05-17T19:24:16.977706	48	5.70000000e+02
5.62819760e+00	2022-05-17T19:24:16.977706	49	5.70000000e+02
5.63916280e+00	2022-05-17T19:24:16.993355	50	6.22000000e+02
5.66146280e+00	2022-05-17T19:24:17.024564	51	6.21000000e+02
5.67940420e+00	2022-05-17T19:24:17.031112	52	5.66000000e+02
5.68407110e+00	2022-05-17T19:24:17.047214	53	6.18000000e+02
5.69266820e+00	2022-05-17T19:24:17.047214	54	5.68000000e+02
5.71378160e+00	2022-05-17T19:24:17.078040	55	5.65000000e+02
5.72974730e+00	2022-05-17T19:24:17.093605	56	5.69000000e+02
5.73726890e+00	2022-05-17T19:24:17.093605	57	5.68000000e+02
5.74559830e+00	2022-05-17T19:24:17.109221	58	5.84000000e+02
5.75396570e+00	2022-05-17T19:24:17.109221	59	5.67000000e+02
5.77678070e+00	2022-05-17T19:24:17.131384	60	5.77000000e+02
5.79703120e+00	2022-05-17T19:24:17.147041	61	5.67000000e+02
5.80722110e+00	2022-05-17T19:24:17.163065	62	5.73000000e+02
5.83230930e+00	2022-05-17T19:24:17.193927	63	5.65000000e+02
5.85146450e+00	2022-05-17T19:24:17.209530	64	5.66000000e+02
5.85621000e+00	2022-05-17T19:24:17.209530	65	5.69000000e+02
5.86443210e+00	2022-05-17T19:24:17.225403	66	5.67000000e+02
5.87275170e+00	2022-05-17T19:24:17.231904	67	5.71000000e+02
5.88084220e+00	2022-05-17T19:24:17.231904	68	5.67000000e+02
5.90008590e+00	2022-05-17T19:24:17.263175	69	5.72000000e+02
5.91982510e+00	2022-05-17T19:24:17.278811	70	5.77000000e+02
5.92576620e+00	2022-05-17T19:24:17.278811	71	5.67000000e+02
5.93345710e+00	2022-05-17T19:24:17.294463	72	5.67000000e+02
5.94287360e+00	2022-05-17T19:24:17.294463	73	5.66000000e+02
5.96242930e+00	2022-05-17T19:24:17.326723	74	5.66000000e+02
5.97150780e+00	2022-05-17T19:24:17.332261	75	5.68000000e+02
5.98403460e+00	2022-05-17T19:24:17.347912	76	5.67000000e+02
5.99520920e+00	2022-05-17T19:24:17.347912	77	6.20000000e+02
6.00376710e+00	2022-05-17T19:24:17.364050	78	5.67000000e+02
6.01175540e+00	2022-05-17T19:24:17.364050	79	5.67000000e+02
6.03744960e+00	2022-05-17T19:24:17.394782	80	5.88000000e+02
6.05192050e+00	2022-05-17T19:24:17.410412	81	5.72000000e+02
6.06064240e+00	2022-05-17T19:24:17.410412	82	5.66000000e+02
6.06917330e+00	2022-05-17T19:24:17.432355	83	5.67000000e+02
6.07766380e+00	2022-05-17T19:24:17.432355	84	5.70000000e+02
6.08964180e+00	2022-05-17T19:24:17.448573	85	5.66000000e+02
6.09781200e+00	2022-05-17T19:24:17.448573	86	5.83000000e+02
6.11658940e+00	2022-05-17T19:24:17.479268	87	5.73000000e+02
6.13476710e+00	2022-05-17T19:24:17.495506	88	5.87000000e+02
6.14309670e+00	2022-05-17T19:24:17.495506	89	5.67000000e+02
6.15503780e+00	2022-05-17T19:24:17.511639	90	5.67000000e+02
6.17685590e+00	2022-05-17T19:24:17.532343	91	5.67000000e+02
6.17854950e+00	2022-05-17T19:24:17.532343	92	5.67000000e+02
6.19987310e+00	2022-05-17T19:24:17.563596	93	5.75000000e+02
6.20450370e+00	2022-05-17T19:24:17.563596	94	5.69000000e+02
6.21244840e+00	2022-05-17T19:24:17.563596	95	5.66000000e+02
6.22091630e+00	2022-05-17T19:24:17.579734	96	5.66000000e+02
6.24498720e+00	2022-05-17T19:24:17.595337	97	5.89000000e+02
6.25921390e+00	2022-05-17T19:24:17.610493	98	5.77000000e+02
6.26648630e+00	2022-05-17T19:24:17.626112	99	6.21000000e+02
6.27791170e+00	2022-05-17T19:24:17.632655	100	5.69000000e+02
6.28593610e+00	2022-05-17T19:24:17.648826	101	5.71000000e+02
6.29452610e+00	2022-05-17T19:24:17.648826	102	5.66000000e+02
6.32251400e+00	2022-05-17T19:24:17.679532	103	6.16000000e+02
6.33711250e+00	2022-05-17T19:24:17.695184	104	5.66000000e+02
6.34781880e+00	2022-05-17T19:24:17.710923	105	5.71000000e+02
6.35622180e+00	2022-05-17T19:24:17.710923	106	5.71000000e+02
6.37780160e+00	2022-05-17T19:24:17.732931	107	5.65000000e+02
6.39748720e+00	2022-05-17T19:24:17.748614	108	6.16000000e+02
6.40927460e+00	2022-05-17T19:24:17.764707	109	5.71000000e+02
6.43919890e+00	2022-05-17T19:24:17.795477	110	5.83000000e+02
6.45328140e+00	2022-05-17T19:24:17.811079	111	5.67000000e+02
6.46241890e+00	2022-05-17T19:24:17.826663	112	5.68000000e+02
6.47060100e+00	2022-05-17T19:24:17.833674	113	5.75000000e+02
6.47931230e+00	2022-05-17T19:24:17.833674	114	5.78000000e+02
6.50094390e+00	2022-05-17T19:24:17.864957	115	5.75000000e+02
6.52043230e+00	2022-05-17T19:24:17.880584	116	5.74000000e+02
6.53217530e+00	2022-05-17T19:24:17.896201	117	5.66000000e+02
6.54442500e+00	2022-05-17T19:24:17.896201	118	5.67000000e+02
6.56457280e+00	2022-05-17T19:24:17.927437	119	5.66000000e+02
6.57987030e+00	2022-05-17T19:24:17.933979	120	5.74000000e+02
6.58873570e+00	2022-05-17T19:24:17.949606	121	5.76000000e+02
6.59787620e+00	2022-05-17T19:24:17.949606	122	5.68000000e+02
6.60984660e+00	2022-05-17T19:24:17.965749	123	5.66000000e+02
6.63368550e+00	2022-05-17T19:24:17.996493	124	5.74000000e+02
6.65366610e+00	2022-05-17T19:24:18.012162	125	5.65000000e+02
6.65899740e+00	2022-05-17T19:24:18.012162	126	5.77000000e+02
6.66726480e+00	2022-05-17T19:24:18.028222	127	5.66000000e+02
6.67562250e+00	2022-05-17T19:24:18.034726	128	5.69000000e+02
6.70326780e+00	2022-05-17T19:24:18.065997	129	5.74000000e+02
6.71864720e+00	2022-05-17T19:24:18.081643	130	5.67000000e+02
6.72839570e+00	2022-05-17T19:24:18.081643	131	5.66000000e+02
6.73688720e+00	2022-05-17T19:24:18.097780	132	5.87000000e+02
6.74498650e+00	2022-05-17T19:24:18.097780	133	5.69000000e+02
6.77064270e+00	2022-05-17T19:24:18.134999	134	5.65000000e+02
6.78583030e+00	2022-05-17T19:24:18.134999	135	5.66000000e+02
6.78935900e+00	2022-05-17T19:24:18.150625	136	5.70000000e+02
6.79835750e+00	2022-05-17T19:24:18.150625	137	5.82000000e+02
6.80666040e+00	2022-05-17T19:24:18.166771	138	5.66000000e+02
6.83428720e+00	2022-05-17T19:24:18.197512	139	5.66000000e+02
6.84948540e+00	2022-05-17T19:24:18.213148	140	5.67000000e+02
6.85701100e+00	2022-05-17T19:24:18.213148	141	5.75000000e+02
6.86791270e+00	2022-05-17T19:24:18.229192	142	5.70000000e+02
6.87671200e+00	2022-05-17T19:24:18.235695	143	5.69000000e+02
6.90263210e+00	2022-05-17T19:24:18.266968	144	5.67000000e+02
6.90607780e+00	2022-05-17T19:24:18.266968	145	6.17000000e+02
6.92574740e+00	2022-05-17T19:24:18.282599	146	5.66000000e+02
6.92872740e+00	2022-05-17T19:24:18.282599	147	5.68000000e+02
6.93767090e+00	2022-05-17T19:24:18.298693	148	6.14000000e+02
6.95004710e+00	2022-05-17T19:24:18.314422	149	5.67000000e+02
6.96934470e+00	2022-05-17T19:24:18.330073	150	5.70000000e+02
6.98857240e+00	2022-05-17T19:24:18.351275	151	5.80000000e+02
6.99461350e+00	2022-05-17T19:24:18.351275	152	5.72000000e+02
7.00331750e+00	2022-05-17T19:24:18.366890	153	5.66000000e+02
7.01532400e+00	2022-05-17T19:24:18.366890	154	5.70000000e+02
7.03192670e+00	2022-05-17T19:24:18.382981	155	5.66000000e+02
7.04253500e+00	2022-05-17T19:24:18.398094	156	5.67000000e+02
7.06210770e+00	2022-05-17T19:24:18.413758	157	5.68000000e+02
7.07310200e+00	2022-05-17T19:24:18.435956	158	5.67000000e+02
7.08475890e+00	2022-05-17T19:24:18.435956	159	5.68000000e+02
7.10716950e+00	2022-05-17T19:24:18.467229	160	5.65000000e+02
7.12810880e+00	2022-05-17T19:24:18.482826	161	5.66000000e+02
7.13470360e+00	2022-05-17T19:24:18.499098	162	5.70000000e+02
7.14595680e+00	2022-05-17T19:24:18.499098	163	5.69000000e+02
7.16977410e+00	2022-05-17T19:24:18.530370	164	5.69000000e+02
7.19142100e+00	2022-05-17T19:24:18.551591	165	5.71000000e+02
7.19992550e+00	2022-05-17T19:24:18.551591	166	5.67000000e+02
7.21151060e+00	2022-05-17T19:24:18.567205	167	5.66000000e+02
7.24001030e+00	2022-05-17T19:24:18.598414	168	5.66000000e+02
7.26173850e+00	2022-05-17T19:24:18.614045	169	5.81000000e+02
7.27330670e+00	2022-05-17T19:24:18.636489	170	5.66000000e+02
7.28136640e+00	2022-05-17T19:24:18.636489	171	5.83000000e+02
7.30349850e+00	2022-05-17T19:24:18.667761	172	5.68000000e+02
7.30668900e+00	2022-05-17T19:24:18.667761	173	5.80000000e+02
7.32165230e+00	2022-05-17T19:24:18.683394	174	5.68000000e+02
7.33043350e+00	2022-05-17T19:24:18.683394	175	5.69000000e+02
7.33903740e+00	2022-05-17T19:24:18.699534	176	5.73000000e+02
7.34716640e+00	2022-05-17T19:24:18.699534	177	5.68000000e+02
7.36862160e+00	2022-05-17T19:24:18.730220	178	5.66000000e+02
7.39560800e+00	2022-05-17T19:24:18.752426	179	5.65000000e+02
7.39992300e+00	2022-05-17T19:24:18.752426	180	5.67000000e+02
7.40825490e+00	2022-05-17T19:24:18.768382	181	5.80000000e+02
7.41647420e+00	2022-05-17T19:24:18.768382	182	5.67000000e+02
7.44014580e+00	2022-05-17T19:24:18.799290	183	5.65000000e+02
7.44972750e+00	2022-05-17T19:24:18.799290	184	5.77000000e+02
7.46468600e+00	2022-05-17T19:24:18.814874	185	5.65000000e+02
7.47421540e+00	2022-05-17T19:24:18.837257	186	5.66000000e+02
7.48628730e+00	2022-05-17T19:24:18.837257	187	5.78000000e+02
7.50678810e+00	2022-05-17T19:24:18.868540	188	5.65000000e+02
7.52249330e+00	2022-05-17T19:24:18.884139	189	5.70000000e+02
7.53091170e+00	2022-05-17T19:24:18.884139	190	6.09000000e+02
7.53966260e+00	2022-05-17T19:24:18.900302	191	5.71000000e+02
7.54793410e+00	2022-05-17T19:24:18.900302	192	5.66000000e+02
7.56665100e+00	2022-05-17T19:24:18.931019	193	5.71000000e+02
7.57824800e+00	2022-05-17T19:24:18.937559	194	6.20000000e+02
7.59376680e+00	2022-05-17T19:24:18.953222	195	5.72000000e+02
7.60072700e+00	2022-05-17T19:24:18.953222	196	5.70000000e+02
7.61000420e+00	2022-05-17T19:24:18.969342	197	6.15000000e+02
7.62240160e+00	2022-05-17T19:24:18.984733	198	5.65000000e+02
7.64062080e+00	2022-05-17T19:24:19.000073	199	5.65000000e+02
7.65655420e+00	2022-05-17T19:24:19.015672	200	5.65000000e+02
7.66648220e+00	2022-05-17T19:24:19.015672	201	5.66000000e+02
7.67478020e+00	2022-05-17T19:24:19.037958	202	5.70000000e+02
7.68301970e+00	2022-05-17T19:24:19.037958	203	5.66000000e+02
7.70883950e+00	2022-05-17T19:24:19.069230	204	5.66000000e+02
7.71088820e+00	2022-05-17T19:24:19.069230	205	5.71000000e+02
7.73124290e+00	2022-05-17T19:24:19.084882	206	6.15000000e+02
7.73625580e+00	2022-05-17T19:24:19.100510	207	5.70000000e+02
7.74405550e+00	2022-05-17T19:24:19.100510	208	5.67000000e+02
7.76738170e+00	2022-05-17T19:24:19.131715	209	5.69000000e+02
7.76934820e+00	2022-05-17T19:24:19.131715	210	5.74000000e+02
7.79184090e+00	2022-05-17T19:24:19.153907	211	5.70000000e+02
7.80223230e+00	2022-05-17T19:24:19.153907	212	6.07000000e+02
7.81398300e+00	2022-05-17T19:24:19.169997	213	5.92000000e+02
7.83607080e+00	2022-05-17T19:24:19.185563	214	5.69000000e+02
7.85281220e+00	2022-05-17T19:24:19.216411	215	5.76000000e+02
7.86320320e+00	2022-05-17T19:24:19.216411	216	5.70000000e+02
7.87142720e+00	2022-05-17T19:24:19.232553	217	5.70000000e+02
7.87916700e+00	2022-05-17T19:24:19.239061	218	5.67000000e+02
7.88812130e+00	2022-05-17T19:24:19.239061	219	6.20000000e+02
7.90856350e+00	2022-05-17T19:24:19.270351	220	6.20000000e+02
7.92980880e+00	2022-05-17T19:24:19.285967	221	6.16000000e+02
7.93288510e+00	2022-05-17T19:24:19.285967	222	5.67000000e+02
7.94098210e+00	2022-05-17T19:24:19.302961	223	5.77000000e+02
7.94930440e+00	2022-05-17T19:24:19.302961	224	5.68000000e+02
7.97037700e+00	2022-05-17T19:24:19.334234	225	5.69000000e+02
7.99060110e+00	2022-05-17T19:24:19.354907	226	6.03000000e+02
8.00295080e+00	2022-05-17T19:24:19.354907	227	5.66000000e+02
8.02381110e+00	2022-05-17T19:24:19.386184	228	5.67000000e+02
8.04104270e+00	2022-05-17T19:24:19.401796	229	5.64000000e+02
8.05159840e+00	2022-05-17T19:24:19.401796	230	5.67000000e+02
8.06001990e+00	2022-05-17T19:24:19.417830	231	5.81000000e+02
8.08647670e+00	2022-05-17T19:24:19.439478	232	6.21000000e+02
8.10226250e+00	2022-05-17T19:24:19.455128	233	5.66000000e+02
8.11715280e+00	2022-05-17T19:24:19.471187	234	5.67000000e+02
8.12514010e+00	2022-05-17T19:24:19.488209	235	6.17000000e+02
8.13379900e+00	2022-05-17T19:24:19.488209	236	5.66000000e+02
8.15700990e+00	2022-05-17T19:24:19.519455	237	5.88000000e+02
8.17366930e+00	2022-05-17T19:24:19.535113	238	5.65000000e+02
8.18196410e+00	2022-05-17T19:24:19.539657	239	5.77000000e+02
8.19110030e+00	2022-05-17T19:24:19.555344	240	5.68000000e+02
8.20309940e+00	2022-05-17T19:24:19.555344	241	6.07000000e+02
8.22482120e+00	2022-05-17T19:24:19.586560	242	5.65000000e+02
8.24610190e+00	2022-05-17T19:24:19.602220	243	5.65000000e+02
8.25631150e+00	2022-05-17T19:24:19.618315	244	5.72000000e+02
8.26442870e+00	2022-05-17T19:24:19.618315	245	5.66000000e+02
8.28589860e+00	2022-05-17T19:24:19.639936	246	5.65000000e+02
8.30758510e+00	2022-05-17T19:24:19.671191	247	5.67000000e+02
8.31371670e+00	2022-05-17T19:24:19.671191	248	5.75000000e+02
8.32208080e+00	2022-05-17T19:24:19.671191	249	5.71000000e+02
8.33422250e+00	2022-05-17T19:24:19.686804	250	5.76000000e+02
8.35675280e+00	2022-05-17T19:24:19.718073	251	5.70000000e+02
8.37244860e+00	2022-05-17T19:24:19.733704	252	5.70000000e+02
8.38337480e+00	2022-05-17T19:24:19.740246	253	5.67000000e+02
8.39183370e+00	2022-05-17T19:24:19.755889	254	5.71000000e+02
8.40378720e+00	2022-05-17T19:24:19.755889	255	5.66000000e+02
8.42482350e+00	2022-05-17T19:24:19.787139	256	5.84000000e+02
8.44234000e+00	2022-05-17T19:24:19.802774	257	5.65000000e+02
8.45300810e+00	2022-05-17T19:24:19.802774	258	6.17000000e+02
8.46106810e+00	2022-05-17T19:24:19.818735	259	5.74000000e+02
8.48520160e+00	2022-05-17T19:24:19.840522	260	5.67000000e+02
8.48691800e+00	2022-05-17T19:24:19.840522	261	5.69000000e+02
8.50865480e+00	2022-05-17T19:24:19.871811	262	5.82000000e+02
8.51860220e+00	2022-05-17T19:24:19.871811	263	5.66000000e+02
8.52658220e+00	2022-05-17T19:24:19.887948	264	5.72000000e+02
8.53508760e+00	2022-05-17T19:24:19.887948	265	5.76000000e+02
8.55736890e+00	2022-05-17T19:24:19.918672	266	5.65000000e+02
8.57837940e+00	2022-05-17T19:24:19.940810	267	5.66000000e+02
8.58824890e+00	2022-05-17T19:24:19.940810	268	5.68000000e+02
8.59686520e+00	2022-05-17T19:24:19.956438	269	5.66000000e+02
8.62412040e+00	2022-05-17T19:24:19.987706	270	5.70000000e+02
8.64612750e+00	2022-05-17T19:24:20.003341	271	5.66000000e+02
8.64953700e+00	2022-05-17T19:24:20.003341	272	5.70000000e+02
8.65772440e+00	2022-05-17T19:24:20.019495	273	5.67000000e+02
8.66608990e+00	2022-05-17T19:24:20.019495	274	5.71000000e+02
8.68848660e+00	2022-05-17T19:24:20.041091	275	5.72000000e+02
8.71174700e+00	2022-05-17T19:24:20.072386	276	5.74000000e+02
8.72331350e+00	2022-05-17T19:24:20.072386	277	6.22000000e+02
8.73160800e+00	2022-05-17T19:24:20.087978	278	5.68000000e+02
8.75697350e+00	2022-05-17T19:24:20.119239	279	5.64000000e+02
8.76406750e+00	2022-05-17T19:24:20.119239	280	5.66000000e+02
8.78006840e+00	2022-05-17T19:24:20.141415	281	5.75000000e+02
8.78940200e+00	2022-05-17T19:24:20.141415	282	5.67000000e+02
8.80114340e+00	2022-05-17T19:24:20.157329	283	5.67000000e+02
8.82507920e+00	2022-05-17T19:24:20.188287	284	5.65000000e+02
8.84257920e+00	2022-05-17T19:24:20.203942	285	5.66000000e+02
8.84437730e+00	2022-05-17T19:24:20.203942	286	5.79000000e+02
8.85440400e+00	2022-05-17T19:24:20.203942	287	5.70000000e+02
8.86225050e+00	2022-05-17T19:24:20.219898	288	5.68000000e+02
8.87096050e+00	2022-05-17T19:24:20.235198	289	5.67000000e+02
8.88995690e+00	2022-05-17T19:24:20.241704	290	6.20000000e+02
8.91126580e+00	2022-05-17T19:24:20.272988	291	5.69000000e+02
8.91512260e+00	2022-05-17T19:24:20.272988	292	5.67000000e+02
8.92429170e+00	2022-05-17T19:24:20.288579	293	6.20000000e+02
8.93624360e+00	2022-05-17T19:24:20.288579	294	5.70000000e+02
8.95917920e+00	2022-05-17T19:24:20.320941	295	5.75000000e+02
8.97643900e+00	2022-05-17T19:24:20.336577	296	5.67000000e+02
8.98478270e+00	2022-05-17T19:24:20.341623	297	5.86000000e+02
8.99354850e+00	2022-05-17T19:24:20.357284	298	5.67000000e+02
9.00195470e+00	2022-05-17T19:24:20.357284	299	5.67000000e+02
9.02680720e+00	2022-05-17T19:24:20.388516	300	5.66000000e+02
9.02955390e+00	2022-05-17T19:24:20.388516	301	5.66000000e+02
9.04504370e+00	2022-05-17T19:24:20.404149	302	5.69000000e+02
9.05508650e+00	2022-05-17T19:24:20.404149	303	5.93000000e+02
9.06328380e+00	2022-05-17T19:24:20.419732	304	5.69000000e+02
9.08662940e+00	2022-05-17T19:24:20.441937	305	5.67000000e+02
9.08987330e+00	2022-05-17T19:24:20.441937	306	5.65000000e+02
9.10766530e+00	2022-05-17T19:24:20.457603	307	5.66000000e+02
9.13555280e+00	2022-05-17T19:24:20.489516	308	5.66000000e+02
9.14461830e+00	2022-05-17T19:24:20.505529	309	5.66000000e+02
9.15350420e+00	2022-05-17T19:24:20.505529	310	6.12000000e+02
9.17512190e+00	2022-05-17T19:24:20.536408	311	5.68000000e+02
9.19499300e+00	2022-05-17T19:24:20.557604	312	5.67000000e+02
9.20248890e+00	2022-05-17T19:24:20.557604	313	5.82000000e+02
9.21064650e+00	2022-05-17T19:24:20.573377	314	5.68000000e+02
9.21914880e+00	2022-05-17T19:24:20.573377	315	5.74000000e+02
9.24223070e+00	2022-05-17T19:24:20.604455	316	5.65000000e+02
9.26686220e+00	2022-05-17T19:24:20.620087	317	5.65000000e+02
9.27680590e+00	2022-05-17T19:24:20.635672	318	5.73000000e+02
9.28854060e+00	2022-05-17T19:24:20.642230	319	5.71000000e+02
9.31057930e+00	2022-05-17T19:24:20.673527	320	6.16000000e+02
9.33332520e+00	2022-05-17T19:24:20.689141	321	5.74000000e+02
9.34243720e+00	2022-05-17T19:24:20.705089	322	5.67000000e+02
9.35367370e+00	2022-05-17T19:24:20.705089	323	6.24000000e+02
9.37606160e+00	2022-05-17T19:24:20.736003	324	5.68000000e+02
9.39983110e+00	2022-05-17T19:24:20.758202	325	5.85000000e+02
9.40286560e+00	2022-05-17T19:24:20.758202	326	5.68000000e+02
9.41107650e+00	2022-05-17T19:24:20.774081	327	6.24000000e+02
9.41982460e+00	2022-05-17T19:24:20.774081	328	5.66000000e+02
9.44290090e+00	2022-05-17T19:24:20.805058	329	6.15000000e+02
9.46655140e+00	2022-05-17T19:24:20.820690	330	5.66000000e+02
9.47294070e+00	2022-05-17T19:24:20.836275	331	5.71000000e+02
9.48514770e+00	2022-05-17T19:24:20.843256	332	6.13000000e+02
9.51018430e+00	2022-05-17T19:24:20.874528	333	5.67000000e+02
9.53529090e+00	2022-05-17T19:24:20.890162	334	5.66000000e+02
9.54651750e+00	2022-05-17T19:24:20.905746	335	5.67000000e+02
9.55482900e+00	2022-05-17T19:24:20.905746	336	5.70000000e+02
9.57555600e+00	2022-05-17T19:24:20.936988	337	5.65000000e+02
9.58415460e+00	2022-05-17T19:24:20.943525	338	5.70000000e+02
9.59663310e+00	2022-05-17T19:24:20.959175	339	5.76000000e+02
9.60780270e+00	2022-05-17T19:24:20.959175	340	5.68000000e+02
9.61658280e+00	2022-05-17T19:24:20.975083	341	5.66000000e+02
9.64338500e+00	2022-05-17T19:24:21.006038	342	5.87000000e+02
9.66718970e+00	2022-05-17T19:24:21.021673	343	5.71000000e+02
9.67357670e+00	2022-05-17T19:24:21.037282	344	6.16000000e+02
9.68129290e+00	2022-05-17T19:24:21.044313	345	6.14000000e+02
9.69009160e+00	2022-05-17T19:24:21.044313	346	5.67000000e+02
9.71383080e+00	2022-05-17T19:24:21.075585	347	5.77000000e+02
9.73747350e+00	2022-05-17T19:24:21.091219	348	5.65000000e+02
9.74321430e+00	2022-05-17T19:24:21.106949	349	5.69000000e+02
9.75541740e+00	2022-05-17T19:24:21.106949	350	5.71000000e+02
9.77690690e+00	2022-05-17T19:24:21.138070	351	5.71000000e+02
9.79482750e+00	2022-05-17T19:24:21.144615	352	5.69000000e+02
9.80445050e+00	2022-05-17T19:24:21.160276	353	5.81000000e+02
9.81323710e+00	2022-05-17T19:24:21.175898	354	5.66000000e+02
9.82537430e+00	2022-05-17T19:24:21.175898	355	5.68000000e+02
9.84583100e+00	2022-05-17T19:24:21.207128	356	5.65000000e+02
9.86916440e+00	2022-05-17T19:24:21.222764	357	5.70000000e+02
9.87780570e+00	2022-05-17T19:24:21.238923	358	5.71000000e+02
9.88659650e+00	2022-05-17T19:24:21.245444	359	5.67000000e+02
9.90427240e+00	2022-05-17T19:24:21.261602	360	5.67000000e+02
9.91590960e+00	2022-05-17T19:24:21.276727	361	5.65000000e+02
9.93935960e+00	2022-05-17T19:24:21.292387	362	5.76000000e+02
9.94362910e+00	2022-05-17T19:24:21.307980	363	5.67000000e+02
9.95207450e+00	2022-05-17T19:24:21.308762	364	5.69000000e+02
9.96228900e+00	2022-05-17T19:24:21.324390	365	5.70000000e+02
9.98286640e+00	2022-05-17T19:24:21.345591	366	5.67000000e+02
1.00053172e+01	2022-05-17T19:24:21.361256	367	5.66000000e+02
1.00090816e+01	2022-05-17T19:24:21.361256	368	6.11000000e+02
1.00176797e+01	2022-05-17T19:24:21.377345	369	5.67000000e+02
1.00395526e+01	2022-05-17T19:24:21.392873	370	5.80000000e+02
1.00480418e+01	2022-05-17T19:24:21.408105	371	5.66000000e+02
1.00668057e+01	2022-05-17T19:24:21.423743	372	5.67000000e+02
1.00747922e+01	2022-05-17T19:24:21.439322	373	5.75000000e+02
1.00833130e+01	2022-05-17T19:24:21.446371	374	5.67000000e+02
1.00947804e+01	2022-05-17T19:24:21.446371	375	5.67000000e+02
1.01147363e+01	2022-05-17T19:24:21.477642	376	5.69000000e+02
1.01398032e+01	2022-05-17T19:24:21.493929	377	5.88000000e+02
1.01444341e+01	2022-05-17T19:24:21.493929	378	5.67000000e+02
1.01529732e+01	2022-05-17T19:24:21.509945	379	5.68000000e+02
1.01762517e+01	2022-05-17T19:24:21.540795	380	5.74000000e+02
1.01823555e+01	2022-05-17T19:24:21.546342	381	5.67000000e+02
1.02061480e+01	2022-05-17T19:24:21.562005	382	5.65000000e+02
1.02098331e+01	2022-05-17T19:24:21.562005	383	5.67000000e+02
1.02183294e+01	2022-05-17T19:24:21.578130	384	5.71000000e+02
1.02275214e+01	2022-05-17T19:24:21.578130	385	5.69000000e+02
1.02484474e+01	2022-05-17T19:24:21.608875	386	5.66000000e+02
1.02725766e+01	2022-05-17T19:24:21.624489	387	5.66000000e+02
1.02750401e+01	2022-05-17T19:24:21.624489	388	5.67000000e+02
1.02839675e+01	2022-05-17T19:24:21.647034	389	5.68000000e+02
1.02959267e+01	2022-05-17T19:24:21.647034	390	5.67000000e+02
1.03044048e+01	2022-05-17T19:24:21.663150	391	5.68000000e+02
1.03314381e+01	2022-05-17T19:24:21.693928	392	5.68000000e+02
1.03600211e+01	2022-05-17T19:24:21.709549	393	5.64000000e+02
1.03656158e+01	2022-05-17T19:24:21.725146	394	5.72000000e+02
1.03740401e+01	2022-05-17T19:24:21.725146	395	5.67000000e+02
1.03820855e+01	2022-05-17T19:24:21.741047	396	5.78000000e+02
1.03903404e+01	2022-05-17T19:24:21.747491	397	5.68000000e+02
1.03988440e+01	2022-05-17T19:24:21.763116	398	5.67000000e+02
1.04166258e+01	2022-05-17T19:24:21.778764	399	5.66000000e+02
1.04413628e+01	2022-05-17T19:24:21.794396	400	5.66000000e+02
1.04473228e+01	2022-05-17T19:24:21.810496	401	6.21000000e+02
1.04559741e+01	2022-05-17T19:24:21.810496	402	5.69000000e+02
1.04806697e+01	2022-05-17T19:24:21.841249	403	5.65000000e+02
1.05060930e+01	2022-05-17T19:24:21.863452	404	5.70000000e+02
1.05170945e+01	2022-05-17T19:24:21.879530	405	5.68000000e+02
1.05262422e+01	2022-05-17T19:24:21.879530	406	5.67000000e+02
1.05480567e+01	2022-05-17T19:24:21.910295	407	5.65000000e+02
1.05736908e+01	2022-05-17T19:24:21.925905	408	5.66000000e+02
1.05787143e+01	2022-05-17T19:24:21.941836	409	5.66000000e+02
1.05868596e+01	2022-05-17T19:24:21.948416	410	5.66000000e+02
1.05944162e+01	2022-05-17T19:24:21.948416	411	5.66000000e+02
1.06196501e+01	2022-05-17T19:24:21.979694	412	5.77000000e+02
1.06384450e+01	2022-05-17T19:24:21.995324	413	5.67000000e+02
1.06476638e+01	2022-05-17T19:24:22.010905	414	5.71000000e+02
1.06567331e+01	2022-05-17T19:24:22.010905	415	5.66000000e+02
1.06786395e+01	2022-05-17T19:24:22.042192	416	5.65000000e+02
1.07015737e+01	2022-05-17T19:24:22.064396	417	5.65000000e+02
1.07092601e+01	2022-05-17T19:24:22.064396	418	5.67000000e+02
1.07182440e+01	2022-05-17T19:24:22.080610	419	5.66000000e+02
1.07301156e+01	2022-05-17T19:24:22.080610	420	6.02000000e+02
1.07469360e+01	2022-05-17T19:24:22.111250	421	5.65000000e+02
1.07706327e+01	2022-05-17T19:24:22.126881	422	5.78000000e+02
1.07753492e+01	2022-05-17T19:24:22.126881	423	5.76000000e+02
1.07835452e+01	2022-05-17T19:24:22.142982	424	5.66000000e+02
1.07925407e+01	2022-05-17T19:24:22.149391	425	5.67000000e+02
1.08162792e+01	2022-05-17T19:24:22.180663	426	5.87000000e+02
1.08409041e+01	2022-05-17T19:24:22.196296	427	5.67000000e+02
1.08530983e+01	2022-05-17T19:24:22.212322	428	6.07000000e+02
1.08608793e+01	2022-05-17T19:24:22.212322	429	5.66000000e+02
1.08801681e+01	2022-05-17T19:24:22.243149	430	5.66000000e+02
1.09052535e+01	2022-05-17T19:24:22.265363	431	5.65000000e+02
1.09145980e+01	2022-05-17T19:24:22.265363	432	5.98000000e+02
1.09228603e+01	2022-05-17T19:24:22.281406	433	5.70000000e+02
1.09485608e+01	2022-05-17T19:24:22.312779	434	5.66000000e+02
1.09736519e+01	2022-05-17T19:24:22.328440	435	5.70000000e+02
1.09797982e+01	2022-05-17T19:24:22.344039	436	5.67000000e+02
1.09882243e+01	2022-05-17T19:24:22.350124	437	5.70000000e+02
1.09962490e+01	2022-05-17T19:24:22.350124	438	5.67000000e+02
1.10175364e+01	2022-05-17T19:24:22.381420	439	5.65000000e+02
1.10370867e+01	2022-05-17T19:24:22.397033	440	5.67000000e+02
1.10449032e+01	2022-05-17T19:24:22.397033	441	5.68000000e+02
1.10542224e+01	2022-05-17T19:24:22.413142	442	5.80000000e+02
1.10795634e+01	2022-05-17T19:24:22.443881	443	5.65000000e+02
1.10825849e+01	2022-05-17T19:24:22.443881	444	5.66000000e+02
1.11073374e+01	2022-05-17T19:24:22.466083	445	5.69000000e+02
1.11190426e+01	2022-05-17T19:24:22.482188	446	5.68000000e+02
1.11277579e+01	2022-05-17T19:24:22.482188	447	5.69000000e+02
1.11482551e+01	2022-05-17T19:24:22.498347	448	5.70000000e+02
1.11686423e+01	2022-05-17T19:24:22.529631	449	5.68000000e+02
1.11835146e+01	2022-05-17T19:24:22.545257	450	6.16000000e+02
1.11927234e+01	2022-05-17T19:24:22.550681	451	6.16000000e+02
1.12013405e+01	2022-05-17T19:24:22.550681	452	5.70000000e+02
1.12133613e+01	2022-05-17T19:24:22.566718	453	5.67000000e+02
1.12344840e+01	2022-05-17T19:24:22.597579	454	6.01000000e+02
1.12586886e+01	2022-05-17T19:24:22.613207	455	5.65000000e+02
1.12626499e+01	2022-05-17T19:24:22.613207	456	5.67000000e+02
1.12710216e+01	2022-05-17T19:24:22.629254	457	5.74000000e+02
1.12965976e+01	2022-05-17T19:24:22.650865	458	5.66000000e+02
1.13184698e+01	2022-05-17T19:24:22.682147	459	5.67000000e+02
1.13241845e+01	2022-05-17T19:24:22.682147	460	5.73000000e+02
1.13324884e+01	2022-05-17T19:24:22.682147	461	5.66000000e+02
1.13454796e+01	2022-05-17T19:24:22.697770	462	5.67000000e+02
1.13650969e+01	2022-05-17T19:24:22.729003	463	5.70000000e+02
1.13903575e+01	2022-05-17T19:24:22.751180	464	5.68000000e+02
1.14020144e+01	2022-05-17T19:24:22.751180	465	5.67000000e+02
1.14141746e+01	2022-05-17T19:24:22.766807	466	6.20000000e+02
1.14383567e+01	2022-05-17T19:24:22.798075	467	5.68000000e+02
1.14563899e+01	2022-05-17T19:24:22.813711	468	5.75000000e+02
1.14668450e+01	2022-05-17T19:24:22.829768	469	6.16000000e+02
1.14756062e+01	2022-05-17T19:24:22.829768	470	5.71000000e+02
1.14980617e+01	2022-05-17T19:24:22.851539	471	5.66000000e+02
1.15187706e+01	2022-05-17T19:24:22.882851	472	5.69000000e+02
1.15288996e+01	2022-05-17T19:24:22.882851	473	5.66000000e+02
1.15370302e+01	2022-05-17T19:24:22.898991	474	5.98000000e+02
1.15493943e+01	2022-05-17T19:24:22.898991	475	5.67000000e+02
1.15581316e+01	2022-05-17T19:24:22.914054	476	5.68000000e+02
1.15805561e+01	2022-05-17T19:24:22.930034	477	5.67000000e+02
1.16070710e+01	2022-05-17T19:24:22.967473	478	5.66000000e+02
1.16196095e+01	2022-05-17T19:24:22.983097	479	5.83000000e+02
1.16312571e+01	2022-05-17T19:24:22.983097	480	5.68000000e+02
1.16573539e+01	2022-05-17T19:24:23.014323	481	6.16000000e+02
1.16766832e+01	2022-05-17T19:24:23.029956	482	5.65000000e+02
1.16803751e+01	2022-05-17T19:24:23.029956	483	5.67000000e+02
1.16889033e+01	2022-05-17T19:24:23.051899	484	5.67000000e+02
1.17009201e+01	2022-05-17T19:24:23.051899	485	5.70000000e+02
1.17199752e+01	2022-05-17T19:24:23.083171	486	5.66000000e+02
1.17469216e+01	2022-05-17T19:24:23.098804	487	5.65000000e+02
1.17493974e+01	2022-05-17T19:24:23.098804	488	5.68000000e+02
1.17585155e+01	2022-05-17T19:24:23.114746	489	5.66000000e+02
1.17829823e+01	2022-05-17T19:24:23.145656	490	6.16000000e+02
1.18087588e+01	2022-05-17T19:24:23.167867	491	6.07000000e+02
1.18159177e+01	2022-05-17T19:24:23.167867	492	5.71000000e+02
1.18273218e+01	2022-05-17T19:24:23.183952	493	5.68000000e+02
1.18515485e+01	2022-05-17T19:24:23.214754	494	5.70000000e+02
1.18777960e+01	2022-05-17T19:24:23.230354	495	5.65000000e+02
1.18893832e+01	2022-05-17T19:24:23.252515	496	5.86000000e+02
1.19016191e+01	2022-05-17T19:24:23.252515	497	5.68000000e+02
1.19206826e+01	2022-05-17T19:24:23.283788	498	5.65000000e+02
1.19474575e+01	2022-05-17T19:24:23.299427	499	5.66000000e+02
1.19588802e+01	2022-05-17T19:24:23.316070	500	5.67000000e+02
1.19673715e+01	2022-05-17T19:24:23.331695	501	5.71000000e+02
1.19850938e+01	2022-05-17T19:24:23.347342	502	5.65000000e+02
1.20112133e+01	2022-05-17T19:24:23.368570	503	5.69000000e+02
1.20205153e+01	2022-05-17T19:24:23.384179	504	5.69000000e+02
1.20326791e+01	2022-05-17T19:24:23.384179	505	5.66000000e+02
1.20521680e+01	2022-05-17T19:24:23.415403	506	5.67000000e+02
1.20732044e+01	2022-05-17T19:24:23.431036	507	5.65000000e+02
1.20812163e+01	2022-05-17T19:24:23.431036	508	5.66000000e+02
1.20903693e+01	2022-05-17T19:24:23.453297	509	5.82000000e+02
1.21022324e+01	2022-05-17T19:24:23.453297	510	5.76000000e+02
1.21219644e+01	2022-05-17T19:24:23.484595	511	6.16000000e+02
1.21487643e+01	2022-05-17T19:24:23.500815	512	5.65000000e+02
1.21594893e+01	2022-05-17T19:24:23.516971	513	5.70000000e+02
1.21682118e+01	2022-05-17T19:24:23.532113	514	5.71000000e+02
1.21858321e+01	2022-05-17T19:24:23.547707	515	5.67000000e+02
1.22067445e+01	2022-05-17T19:24:23.568909	516	5.67000000e+02
1.22210411e+01	2022-05-17T19:24:23.584528	517	5.68000000e+02
1.22246693e+01	2022-05-17T19:24:23.584528	518	5.67000000e+02
1.22334905e+01	2022-05-17T19:24:23.584528	519	5.66000000e+02
1.22455120e+01	2022-05-17T19:24:23.600582	520	6.21000000e+02
1.22685272e+01	2022-05-17T19:24:23.631380	521	5.66000000e+02
1.22955669e+01	2022-05-17T19:24:23.653517	522	5.70000000e+02
1.22984943e+01	2022-05-17T19:24:23.653517	523	5.70000000e+02
1.23066787e+01	2022-05-17T19:24:23.669466	524	5.66000000e+02
1.23151279e+01	2022-05-17T19:24:23.669466	525	5.70000000e+02
1.23368725e+01	2022-05-17T19:24:23.700421	526	5.71000000e+02
1.23632446e+01	2022-05-17T19:24:23.716043	527	5.65000000e+02
1.23692836e+01	2022-05-17T19:24:23.731707	528	6.18000000e+02
1.23808188e+01	2022-05-17T19:24:23.731707	529	5.67000000e+02
1.23985049e+01	2022-05-17T19:24:23.753763	530	5.66000000e+02
1.24226489e+01	2022-05-17T19:24:23.785045	531	5.65000000e+02
1.24302447e+01	2022-05-17T19:24:23.785045	532	5.67000000e+02
1.24416846e+01	2022-05-17T19:24:23.801255	533	6.24000000e+02
1.24506428e+01	2022-05-17T19:24:23.801255	534	5.72000000e+02
1.24706191e+01	2022-05-17T19:24:23.831898	535	5.90000000e+02
1.24929150e+01	2022-05-17T19:24:23.854082	536	5.69000000e+02
1.25030745e+01	2022-05-17T19:24:23.854082	537	5.66000000e+02
1.25114629e+01	2022-05-17T19:24:23.869734	538	5.68000000e+02
1.25199880e+01	2022-05-17T19:24:23.869734	539	5.69000000e+02
1.25493435e+01	2022-05-17T19:24:23.900949	540	5.65000000e+02
1.25644944e+01	2022-05-17T19:24:23.916608	541	5.87000000e+02
1.25727757e+01	2022-05-17T19:24:23.932231	542	5.68000000e+02
1.25817719e+01	2022-05-17T19:24:23.932231	543	5.66000000e+02
1.25931824e+01	2022-05-17T19:24:23.954270	544	5.70000000e+02
1.26015582e+01	2022-05-17T19:24:23.954270	545	6.18000000e+02
1.26240296e+01	2022-05-17T19:24:23.985546	546	5.65000000e+02
1.26521234e+01	2022-05-17T19:24:24.001165	547	5.74000000e+02
1.26633166e+01	2022-05-17T19:24:24.016783	548	5.74000000e+02
1.26902695e+01	2022-05-17T19:24:24.054572	549	5.81000000e+02
1.27130057e+01	2022-05-17T19:24:24.070232	550	5.74000000e+02
1.27243313e+01	2022-05-17T19:24:24.086286	551	5.66000000e+02
1.27332687e+01	2022-05-17T19:24:24.086286	552	5.67000000e+02
1.27547907e+01	2022-05-17T19:24:24.117087	553	5.66000000e+02
1.27812179e+01	2022-05-17T19:24:24.132718	554	5.76000000e+02
1.27909070e+01	2022-05-17T19:24:24.154853	555	6.20000000e+02
1.28026699e+01	2022-05-17T19:24:24.154853	556	5.84000000e+02
1.28235456e+01	2022-05-17T19:24:24.186124	557	5.68000000e+02
1.28502236e+01	2022-05-17T19:24:24.201759	558	5.65000000e+02
1.28556814e+01	2022-05-17T19:24:24.217804	559	5.66000000e+02
1.28642157e+01	2022-05-17T19:24:24.217804	560	5.78000000e+02
1.28856314e+01	2022-05-17T19:24:24.248613	561	5.75000000e+02
1.29129016e+01	2022-05-17T19:24:24.270792	562	5.88000000e+02
1.29213980e+01	2022-05-17T19:24:24.270792	563	5.69000000e+02
1.29297125e+01	2022-05-17T19:24:24.286405	564	5.67000000e+02
1.29381602e+01	2022-05-17T19:24:24.302652	565	6.14000000e+02
1.29574435e+01	2022-05-17T19:24:24.318302	566	5.66000000e+02
1.29843072e+01	2022-05-17T19:24:24.333899	567	5.70000000e+02
1.29948842e+01	2022-05-17T19:24:24.355396	568	5.84000000e+02
1.30032495e+01	2022-05-17T19:24:24.355396	569	5.67000000e+02
1.30115166e+01	2022-05-17T19:24:24.371027	570	5.66000000e+02
1.30193724e+01	2022-05-17T19:24:24.371027	571	6.21000000e+02
1.30379493e+01	2022-05-17T19:24:24.402270	572	5.74000000e+02
1.30595566e+01	2022-05-17T19:24:24.417930	573	5.67000000e+02
1.30688372e+01	2022-05-17T19:24:24.417930	574	5.71000000e+02
1.30766635e+01	2022-05-17T19:24:24.433517	575	5.71000000e+02
1.30857000e+01	2022-05-17T19:24:24.449169	576	5.66000000e+02
1.31025401e+01	2022-05-17T19:24:24.455737	577	5.70000000e+02
1.31249758e+01	2022-05-17T19:24:24.487598	578	5.65000000e+02
1.31346772e+01	2022-05-17T19:24:24.487598	579	5.69000000e+02
1.31467612e+01	2022-05-17T19:24:24.503768	580	5.66000000e+02
1.31551517e+01	2022-05-17T19:24:24.518882	581	5.68000000e+02
1.31674948e+01	2022-05-17T19:24:24.518882	582	5.67000000e+02
1.31882806e+01	2022-05-17T19:24:24.550128	583	5.69000000e+02
1.32140243e+01	2022-05-17T19:24:24.571320	584	5.65000000e+02
1.32201607e+01	2022-05-17T19:24:24.571320	585	5.89000000e+02
1.32285583e+01	2022-05-17T19:24:24.586980	586	5.67000000e+02
1.32373334e+01	2022-05-17T19:24:24.586980	587	5.67000000e+02
1.32538166e+01	2022-05-17T19:24:24.618179	588	5.74000000e+02
1.32661680e+01	2022-05-17T19:24:24.618179	589	5.66000000e+02
1.32845896e+01	2022-05-17T19:24:24.633774	590	5.66000000e+02
1.32939160e+01	2022-05-17T19:24:24.656180	591	5.67000000e+02
1.33025919e+01	2022-05-17T19:24:24.656180	592	5.69000000e+02
1.33244485e+01	2022-05-17T19:24:24.687427	593	5.66000000e+02
1.33464781e+01	2022-05-17T19:24:24.703086	594	6.15000000e+02
1.33552359e+01	2022-05-17T19:24:24.718709	595	5.68000000e+02
1.33639290e+01	2022-05-17T19:24:24.718709	596	5.67000000e+02
1.33881039e+01	2022-05-17T19:24:24.749944	597	5.75000000e+02
1.34163130e+01	2022-05-17T19:24:24.772153	598	5.84000000e+02
1.34249266e+01	2022-05-17T19:24:24.787784	599	5.66000000e+02
1.34335259e+01	2022-05-17T19:24:24.787784	600	5.67000000e+02
1.34568440e+01	2022-05-17T19:24:24.818979	601	6.09000000e+02
1.34843043e+01	2022-05-17T19:24:24.834639	602	5.65000000e+02
1.34909950e+01	2022-05-17T19:24:24.850257	603	5.68000000e+02
1.35030435e+01	2022-05-17T19:24:24.856762	604	6.06000000e+02
1.35254142e+01	2022-05-17T19:24:24.888035	605	6.03000000e+02
1.35486898e+01	2022-05-17T19:24:24.903673	606	5.66000000e+02
1.35606138e+01	2022-05-17T19:24:24.919258	607	5.91000000e+02
1.35728099e+01	2022-05-17T19:24:24.935393	608	5.71000000e+02
1.35810161e+01	2022-05-17T19:24:24.935393	609	5.66000000e+02
1.36054487e+01	2022-05-17T19:24:24.957114	610	5.68000000e+02
1.36327727e+01	2022-05-17T19:24:24.988398	611	5.65000000e+02
1.36427298e+01	2022-05-17T19:24:25.004247	612	5.67000000e+02
1.36507176e+01	2022-05-17T19:24:25.004247	613	5.74000000e+02
1.36722127e+01	2022-05-17T19:24:25.035250	614	5.66000000e+02
1.36757298e+01	2022-05-17T19:24:25.035250	615	5.66000000e+02
1.37013662e+01	2022-05-17T19:24:25.057428	616	5.66000000e+02
1.37077845e+01	2022-05-17T19:24:25.057428	617	5.66000000e+02
1.37161507e+01	2022-05-17T19:24:25.073290	618	5.67000000e+02
1.37426150e+01	2022-05-17T19:24:25.104322	619	6.17000000e+02
1.37703018e+01	2022-05-17T19:24:25.119955	620	6.14000000e+02
1.37816072e+01	2022-05-17T19:24:25.135902	621	5.70000000e+02
1.38074126e+01	2022-05-17T19:24:25.157781	622	5.74000000e+02
1.38334234e+01	2022-05-17T19:24:25.189062	623	5.65000000e+02
1.38426750e+01	2022-05-17T19:24:25.204936	624	6.24000000e+02
1.38514358e+01	2022-05-17T19:24:25.204936	625	6.20000000e+02
1.38739281e+01	2022-05-17T19:24:25.235928	626	5.75000000e+02
1.39014087e+01	2022-05-17T19:24:25.258094	627	5.83000000e+02
1.39079509e+01	2022-05-17T19:24:25.258094	628	5.66000000e+02
1.39168348e+01	2022-05-17T19:24:25.273725	629	6.18000000e+02
1.39421171e+01	2022-05-17T19:24:25.305540	630	5.67000000e+02
1.39699180e+01	2022-05-17T19:24:25.321201	631	5.74000000e+02
1.39740607e+01	2022-05-17T19:24:25.337101	632	5.66000000e+02
1.39866143e+01	2022-05-17T19:24:25.337101	633	5.67000000e+02
1.40058775e+01	2022-05-17T19:24:25.358346	634	5.72000000e+02
1.40344518e+01	2022-05-17T19:24:25.389631	635	5.65000000e+02
1.40433429e+01	2022-05-17T19:24:25.405509	636	5.70000000e+02
1.40520632e+01	2022-05-17T19:24:25.405509	637	5.66000000e+02
1.40721166e+01	2022-05-17T19:24:25.436486	638	5.66000000e+02
1.41013074e+01	2022-05-17T19:24:25.458621	639	5.65000000e+02
1.41048780e+01	2022-05-17T19:24:25.458621	640	5.67000000e+02
1.41133202e+01	2022-05-17T19:24:25.474727	641	5.70000000e+02
1.41218113e+01	2022-05-17T19:24:25.474727	642	5.89000000e+02
1.41423579e+01	2022-05-17T19:24:25.506519	643	5.65000000e+02
1.41704896e+01	2022-05-17T19:24:25.522141	644	5.65000000e+02
1.41746615e+01	2022-05-17T19:24:25.537760	645	5.71000000e+02
1.41831418e+01	2022-05-17T19:24:25.537760	646	5.67000000e+02
1.42074057e+01	2022-05-17T19:24:25.558999	647	5.71000000e+02
1.42296466e+01	2022-05-17T19:24:25.590282	648	5.76000000e+02
1.42316188e+01	2022-05-17T19:24:25.590282	649	5.69000000e+02
1.42472813e+01	2022-05-17T19:24:25.605900	650	5.66000000e+02
1.42567744e+01	2022-05-17T19:24:25.605900	651	5.66000000e+02
1.42688420e+01	2022-05-17T19:24:25.621493	652	5.67000000e+02
1.42920278e+01	2022-05-17T19:24:25.652756	653	5.65000000e+02
1.43203945e+01	2022-05-17T19:24:25.674956	654	5.66000000e+02
1.43304448e+01	2022-05-17T19:24:25.690996	655	6.18000000e+02
1.43387588e+01	2022-05-17T19:24:25.690996	656	5.67000000e+02
1.43646313e+01	2022-05-17T19:24:25.721821	657	5.65000000e+02
1.43931766e+01	2022-05-17T19:24:25.753081	658	5.66000000e+02
1.43948930e+01	2022-05-17T19:24:25.753081	659	6.21000000e+02
1.44042158e+01	2022-05-17T19:24:25.759587	660	5.68000000e+02
1.44163943e+01	2022-05-17T19:24:25.775483	661	5.66000000e+02
1.44250303e+01	2022-05-17T19:24:25.775483	662	5.67000000e+02
1.44434826e+01	2022-05-17T19:24:25.806480	663	5.69000000e+02
1.44725116e+01	2022-05-17T19:24:25.822114	664	5.68000000e+02
1.44820114e+01	2022-05-17T19:24:25.838054	665	5.72000000e+02
1.45059431e+01	2022-05-17T19:24:25.859490	666	5.72000000e+02
1.45145918e+01	2022-05-17T19:24:25.875141	667	5.71000000e+02
1.45358009e+01	2022-05-17T19:24:25.890812	668	5.66000000e+02
1.45428369e+01	2022-05-17T19:24:25.906396	669	5.68000000e+02
1.45517284e+01	2022-05-17T19:24:25.906396	670	5.67000000e+02
1.45759388e+01	2022-05-17T19:24:25.937626	671	5.78000000e+02
1.46038721e+01	2022-05-17T19:24:25.959800	672	5.72000000e+02
1.46130093e+01	2022-05-17T19:24:25.975953	673	5.66000000e+02
1.46213774e+01	2022-05-17T19:24:25.975953	674	5.80000000e+02
1.46445850e+01	2022-05-17T19:24:26.006691	675	5.67000000e+02
1.46732712e+01	2022-05-17T19:24:26.022288	676	5.68000000e+02
1.46827052e+01	2022-05-17T19:24:26.037960	677	6.21000000e+02
1.47083316e+01	2022-05-17T19:24:26.059964	678	5.66000000e+02
1.47294623e+01	2022-05-17T19:24:26.091247	679	5.65000000e+02
1.47393086e+01	2022-05-17T19:24:26.091247	680	5.83000000e+02
1.47482696e+01	2022-05-17T19:24:26.107295	681	5.75000000e+02
1.47615614e+01	2022-05-17T19:24:26.122454	682	5.67000000e+02
1.47775772e+01	2022-05-17T19:24:26.138100	683	5.67000000e+02
1.48069276e+01	2022-05-17T19:24:26.160276	684	5.77000000e+02
1.48088335e+01	2022-05-17T19:24:26.160276	685	5.67000000e+02
1.48177065e+01	2022-05-17T19:24:26.176222	686	5.70000000e+02
1.48257062e+01	2022-05-17T19:24:26.176222	687	5.67000000e+02
1.48452090e+01	2022-05-17T19:24:26.207168	688	5.66000000e+02
1.48750641e+01	2022-05-17T19:24:26.238388	689	5.73000000e+02
1.48832490e+01	2022-05-17T19:24:26.238388	690	5.67000000e+02
1.48914687e+01	2022-05-17T19:24:26.254202	691	6.21000000e+02
1.48995800e+01	2022-05-17T19:24:26.260525	692	5.73000000e+02
1.49079732e+01	2022-05-17T19:24:26.260525	693	5.71000000e+02
1.49307084e+01	2022-05-17T19:24:26.291771	694	5.66000000e+02
1.49581405e+01	2022-05-17T19:24:26.308046	695	5.90000000e+02
1.49609962e+01	2022-05-17T19:24:26.323670	696	5.66000000e+02
1.49694210e+01	2022-05-17T19:24:26.323670	697	5.67000000e+02
1.49816202e+01	2022-05-17T19:24:26.339602	698	5.71000000e+02
1.49901756e+01	2022-05-17T19:24:26.339602	699	5.78000000e+02
1.50100799e+01	2022-05-17T19:24:26.360454	700	5.67000000e+02
1.50375521e+01	2022-05-17T19:24:26.391739	701	5.65000000e+02
1.50429389e+01	2022-05-17T19:24:26.407321	702	5.67000000e+02
1.50514300e+01	2022-05-17T19:24:26.407321	703	6.07000000e+02
1.50744303e+01	2022-05-17T19:24:26.438570	704	5.66000000e+02
1.50801029e+01	2022-05-17T19:24:26.438570	705	5.66000000e+02
1.51091142e+01	2022-05-17T19:24:26.460769	706	6.21000000e+02
1.51207847e+01	2022-05-17T19:24:26.476912	707	5.66000000e+02
1.51384406e+01	2022-05-17T19:24:26.492917	708	5.67000000e+02
1.51481238e+01	2022-05-17T19:24:26.508625	709	5.72000000e+02
1.51565550e+01	2022-05-17T19:24:26.508625	710	5.66000000e+02
1.51761338e+01	2022-05-17T19:24:26.539827	711	6.07000000e+02
1.51817817e+01	2022-05-17T19:24:26.539827	712	5.68000000e+02
1.51907096e+01	2022-05-17T19:24:26.539827	713	5.67000000e+02
1.52027029e+01	2022-05-17T19:24:26.561530	714	6.15000000e+02
1.52108874e+01	2022-05-17T19:24:26.561530	715	5.71000000e+02
1.52314415e+01	2022-05-17T19:24:26.592802	716	5.65000000e+02
1.52551278e+01	2022-05-17T19:24:26.608435	717	5.65000000e+02
1.52702251e+01	2022-05-17T19:24:26.624579	718	5.65000000e+02
1.52805643e+01	2022-05-17T19:24:26.639997	719	5.68000000e+02
1.52890042e+01	2022-05-17T19:24:26.639997	720	5.70000000e+02
1.53090506e+01	2022-05-17T19:24:26.661850	721	5.65000000e+02
1.53373271e+01	2022-05-17T19:24:26.693136	722	6.14000000e+02
1.53465297e+01	2022-05-17T19:24:26.709249	723	5.68000000e+02
1.53583923e+01	2022-05-17T19:24:26.709249	724	5.68000000e+02
1.53780875e+01	2022-05-17T19:24:26.739987	725	5.73000000e+02
1.54070782e+01	2022-05-17T19:24:26.762161	726	5.68000000e+02
1.54155597e+01	2022-05-17T19:24:26.778419	727	5.81000000e+02
1.54240143e+01	2022-05-17T19:24:26.778419	728	5.67000000e+02
1.54548833e+01	2022-05-17T19:24:26.809028	729	5.71000000e+02
1.54780646e+01	2022-05-17T19:24:26.840278	730	5.72000000e+02
1.54896072e+01	2022-05-17T19:24:26.840278	731	6.18000000e+02
1.54978206e+01	2022-05-17T19:24:26.862351	732	5.69000000e+02
1.55094385e+01	2022-05-17T19:24:26.862351	733	5.67000000e+02
1.55324972e+01	2022-05-17T19:24:26.893623	734	5.68000000e+02
1.55555533e+01	2022-05-17T19:24:26.909257	735	5.66000000e+02
1.55635299e+01	2022-05-17T19:24:26.924881	736	5.67000000e+02
1.55751589e+01	2022-05-17T19:24:26.924881	737	5.67000000e+02
1.55837315e+01	2022-05-17T19:24:26.940875	738	5.66000000e+02
1.55930688e+01	2022-05-17T19:24:26.956128	739	6.20000000e+02
1.56109477e+01	2022-05-17T19:24:26.962642	740	5.67000000e+02
1.56336172e+01	2022-05-17T19:24:26.993942	741	5.66000000e+02
1.56452689e+01	2022-05-17T19:24:27.009527	742	5.71000000e+02
1.56535352e+01	2022-05-17T19:24:27.009527	743	5.81000000e+02
1.56755585e+01	2022-05-17T19:24:27.025149	744	5.91000000e+02
1.56872983e+01	2022-05-17T19:24:27.040794	745	5.76000000e+02
1.57100811e+01	2022-05-17T19:24:27.062973	746	5.84000000e+02
1.57188582e+01	2022-05-17T19:24:27.079158	747	6.24000000e+02
1.57270536e+01	2022-05-17T19:24:27.079158	748	5.69000000e+02
1.57512241e+01	2022-05-17T19:24:27.109840	749	5.71000000e+02
1.57777068e+01	2022-05-17T19:24:27.141126	750	5.66000000e+02
1.57846389e+01	2022-05-17T19:24:27.141126	751	5.67000000e+02
1.57966133e+01	2022-05-17T19:24:27.157154	752	5.67000000e+02
1.58049958e+01	2022-05-17T19:24:27.163644	753	5.73000000e+02
1.58264111e+01	2022-05-17T19:24:27.179850	754	5.67000000e+02
1.58344568e+01	2022-05-17T19:24:27.194916	755	5.66000000e+02
1.58587271e+01	2022-05-17T19:24:27.210548	756	5.66000000e+02
1.58664335e+01	2022-05-17T19:24:27.226173	757	5.74000000e+02
1.58790252e+01	2022-05-17T19:24:27.241756	758	5.79000000e+02
1.58906467e+01	2022-05-17T19:24:27.241756	759	5.71000000e+02
1.59112793e+01	2022-05-17T19:24:27.263898	760	5.71000000e+02
1.59407835e+01	2022-05-17T19:24:27.295183	761	5.64000000e+02
1.59437597e+01	2022-05-17T19:24:27.295183	762	5.69000000e+02
1.59521841e+01	2022-05-17T19:24:27.311975	763	5.83000000e+02
1.59604119e+01	2022-05-17T19:24:27.311975	764	5.67000000e+02
1.59853314e+01	2022-05-17T19:24:27.343222	765	5.67000000e+02
1.60161225e+01	2022-05-17T19:24:27.379605	766	5.67000000e+02
1.60219348e+01	2022-05-17T19:24:27.379605	767	5.67000000e+02
1.60302661e+01	2022-05-17T19:24:27.379605	768	5.78000000e+02
1.60419809e+01	2022-05-17T19:24:27.395591	769	5.76000000e+02
1.60653738e+01	2022-05-17T19:24:27.426434	770	5.68000000e+02
1.60933899e+01	2022-05-17T19:24:27.457689	771	5.70000000e+02
1.61000969e+01	2022-05-17T19:24:27.464222	772	5.67000000e+02
1.61119287e+01	2022-05-17T19:24:27.464222	773	6.13000000e+02
1.61362352e+01	2022-05-17T19:24:27.495494	774	5.65000000e+02
1.61650600e+01	2022-05-17T19:24:27.527431	775	5.67000000e+02
1.61736939e+01	2022-05-17T19:24:27.527431	776	5.66000000e+02
1.61859783e+01	2022-05-17T19:24:27.543626	777	5.67000000e+02
1.61980085e+01	2022-05-17T19:24:27.558666	778	5.88000000e+02
1.62190472e+01	2022-05-17T19:24:27.580293	779	5.65000000e+02
1.62425907e+01	2022-05-17T19:24:27.595923	780	5.66000000e+02
1.62507273e+01	2022-05-17T19:24:27.611554	781	5.67000000e+02
1.62602158e+01	2022-05-17T19:24:27.611554	782	6.05000000e+02
1.62718276e+01	2022-05-17T19:24:27.627638	783	5.66000000e+02
1.62802422e+01	2022-05-17T19:24:27.643128	784	5.69000000e+02
1.62987663e+01	2022-05-17T19:24:27.658407	785	5.75000000e+02
1.63233704e+01	2022-05-17T19:24:27.680612	786	5.66000000e+02
1.63329652e+01	2022-05-17T19:24:27.696199	787	5.68000000e+02
1.63413269e+01	2022-05-17T19:24:27.696199	788	6.17000000e+02
1.63649235e+01	2022-05-17T19:24:27.727464	789	5.74000000e+02
1.63686579e+01	2022-05-17T19:24:27.727464	790	5.65000000e+02
1.64012633e+01	2022-05-17T19:24:27.765192	791	5.67000000e+02
1.64110674e+01	2022-05-17T19:24:27.765192	792	5.69000000e+02
1.64186085e+01	2022-05-17T19:24:27.781416	793	5.75000000e+02
1.64274459e+01	2022-05-17T19:24:27.781416	794	5.73000000e+02
1.64508117e+01	2022-05-17T19:24:27.812093	795	5.65000000e+02
1.64534106e+01	2022-05-17T19:24:27.812093	796	5.67000000e+02
1.64845559e+01	2022-05-17T19:24:27.843347	797	5.65000000e+02
1.64928372e+01	2022-05-17T19:24:27.843347	798	5.74000000e+02
1.65012631e+01	2022-05-17T19:24:27.865310	799	5.69000000e+02
1.65132004e+01	2022-05-17T19:24:27.865310	800	5.79000000e+02
1.65345247e+01	2022-05-17T19:24:27.896582	801	6.07000000e+02
1.65642186e+01	2022-05-17T19:24:27.927838	802	5.66000000e+02
1.65707206e+01	2022-05-17T19:24:27.927838	803	5.88000000e+02
1.65795098e+01	2022-05-17T19:24:27.943426	804	5.67000000e+02
1.65910847e+01	2022-05-17T19:24:27.943426	805	6.20000000e+02
1.66150314e+01	2022-05-17T19:24:27.965640	806	6.20000000e+02
1.66385469e+01	2022-05-17T19:24:27.996926	807	5.65000000e+02
1.66487240e+01	2022-05-17T19:24:28.012534	808	5.83000000e+02
1.66611932e+01	2022-05-17T19:24:28.012534	809	5.67000000e+02
1.66834874e+01	2022-05-17T19:24:28.043776	810	5.79000000e+02
1.67149987e+01	2022-05-17T19:24:28.065953	811	5.66000000e+02
1.67177162e+01	2022-05-17T19:24:28.081577	812	5.66000000e+02
1.67259706e+01	2022-05-17T19:24:28.081577	813	5.74000000e+02
1.67520947e+01	2022-05-17T19:24:28.112847	814	5.69000000e+02
1.67771858e+01	2022-05-17T19:24:28.128483	815	5.65000000e+02
1.67878086e+01	2022-05-17T19:24:28.144137	816	5.68000000e+02
1.67962107e+01	2022-05-17T19:24:28.159721	817	5.66000000e+02
1.68082882e+01	2022-05-17T19:24:28.166823	818	5.67000000e+02
1.68167660e+01	2022-05-17T19:24:28.166823	819	5.72000000e+02
1.68375222e+01	2022-05-17T19:24:28.198095	820	5.65000000e+02
1.68663180e+01	2022-05-17T19:24:28.229352	821	5.66000000e+02
1.68732615e+01	2022-05-17T19:24:28.229352	822	5.66000000e+02
1.68831439e+01	2022-05-17T19:24:28.245358	823	5.75000000e+02
1.68939715e+01	2022-05-17T19:24:28.245358	824	5.70000000e+02
1.69132558e+01	2022-05-17T19:24:28.267049	825	5.65000000e+02
1.69449827e+01	2022-05-17T19:24:28.298332	826	5.78000000e+02
1.69468694e+01	2022-05-17T19:24:28.298332	827	5.66000000e+02
1.69559559e+01	2022-05-17T19:24:28.314583	828	5.71000000e+02
1.69812496e+01	2022-05-17T19:24:28.330712	829	5.72000000e+02
1.69831246e+01	2022-05-17T19:24:28.345869	830	5.66000000e+02
1.70155177e+01	2022-05-17T19:24:28.367032	831	5.82000000e+02
1.70248616e+01	2022-05-17T19:24:28.383176	832	5.67000000e+02
1.70334354e+01	2022-05-17T19:24:28.383176	833	5.67000000e+02
1.70415962e+01	2022-05-17T19:24:28.398278	834	5.66000000e+02
1.70566370e+01	2022-05-17T19:24:28.413927	835	5.68000000e+02
1.70654821e+01	2022-05-17T19:24:28.429523	836	5.67000000e+02
1.70969416e+01	2022-05-17T19:24:28.460763	837	5.66000000e+02
1.71069298e+01	2022-05-17T19:24:28.467651	838	5.68000000e+02
1.71159322e+01	2022-05-17T19:24:28.467651	839	5.71000000e+02
1.71277291e+01	2022-05-17T19:24:28.483786	840	6.18000000e+02
1.71501183e+01	2022-05-17T19:24:28.499691	841	5.65000000e+02
1.71751111e+01	2022-05-17T19:24:28.530975	842	5.66000000e+02
1.71848941e+01	2022-05-17T19:24:28.546562	843	5.67000000e+02
1.71933492e+01	2022-05-17T19:24:28.546562	844	5.74000000e+02
1.72018792e+01	2022-05-17T19:24:28.562735	845	6.16000000e+02
1.72138056e+01	2022-05-17T19:24:28.568186	846	5.76000000e+02
1.72355247e+01	2022-05-17T19:24:28.599458	847	5.70000000e+02
1.72434566e+01	2022-05-17T19:24:28.599458	848	5.68000000e+02
1.72685848e+01	2022-05-17T19:24:28.630710	849	5.69000000e+02
1.72794839e+01	2022-05-17T19:24:28.630710	850	5.71000000e+02
1.72913346e+01	2022-05-17T19:24:28.646786	851	5.68000000e+02
1.72996358e+01	2022-05-17T19:24:28.662528	852	5.66000000e+02
1.73172244e+01	2022-05-17T19:24:28.668569	853	5.76000000e+02
1.73477364e+01	2022-05-17T19:24:28.699854	854	5.68000000e+02
1.73566459e+01	2022-05-17T19:24:28.715961	855	5.67000000e+02
1.73655901e+01	2022-05-17T19:24:28.715961	856	5.67000000e+02
1.73775764e+01	2022-05-17T19:24:28.731058	857	5.66000000e+02
1.73978096e+01	2022-05-17T19:24:28.762301	858	5.69000000e+02
1.74220138e+01	2022-05-17T19:24:28.784515	859	5.79000000e+02
1.74244272e+01	2022-05-17T19:24:28.784515	860	5.89000000e+02
1.74349678e+01	2022-05-17T19:24:28.784515	861	5.70000000e+02
1.74431699e+01	2022-05-17T19:24:28.800457	862	5.74000000e+02
1.74515318e+01	2022-05-17T19:24:28.815759	863	6.11000000e+02
1.74672327e+01	2022-05-17T19:24:28.831372	864	5.69000000e+02
1.74981877e+01	2022-05-17T19:24:28.862596	865	6.16000000e+02
1.75043140e+01	2022-05-17T19:24:28.862596	866	6.13000000e+02
1.75126775e+01	2022-05-17T19:24:28.869107	867	5.68000000e+02
1.75209323e+01	2022-05-17T19:24:28.884760	868	6.24000000e+02
1.75290528e+01	2022-05-17T19:24:28.884760	869	5.71000000e+02
1.75517099e+01	2022-05-17T19:24:28.916041	870	5.66000000e+02
1.75539924e+01	2022-05-17T19:24:28.916041	871	6.16000000e+02
1.75853193e+01	2022-05-17T19:24:28.947216	872	5.68000000e+02
1.75947518e+01	2022-05-17T19:24:28.947216	873	5.66000000e+02
1.76029234e+01	2022-05-17T19:24:28.963385	874	5.93000000e+02
1.76111221e+01	2022-05-17T19:24:28.969392	875	5.69000000e+02
1.76194721e+01	2022-05-17T19:24:28.969392	876	6.18000000e+02
1.76382537e+01	2022-05-17T19:24:29.000665	877	5.71000000e+02
1.76626471e+01	2022-05-17T19:24:29.016296	878	5.72000000e+02
1.76718875e+01	2022-05-17T19:24:29.031919	879	5.66000000e+02
1.76809202e+01	2022-05-17T19:24:29.031919	880	6.16000000e+02
1.76931108e+01	2022-05-17T19:24:29.047992	881	5.67000000e+02
1.77163862e+01	2022-05-17T19:24:29.069736	882	5.69000000e+02
1.77462280e+01	2022-05-17T19:24:29.101020	883	5.85000000e+02
1.77502972e+01	2022-05-17T19:24:29.101020	884	5.86000000e+02
1.77580476e+01	2022-05-17T19:24:29.117081	885	5.90000000e+02
1.77672111e+01	2022-05-17T19:24:29.117081	886	5.68000000e+02
1.77840340e+01	2022-05-17T19:24:29.147845	887	5.76000000e+02
1.78162389e+01	2022-05-17T19:24:29.170010	888	5.65000000e+02
1.78195705e+01	2022-05-17T19:24:29.170010	889	5.80000000e+02
1.78282873e+01	2022-05-17T19:24:29.185824	890	6.18000000e+02
1.78538939e+01	2022-05-17T19:24:29.216904	891	5.69000000e+02
1.78839329e+01	2022-05-17T19:24:29.248120	892	5.66000000e+02
1.78893748e+01	2022-05-17T19:24:29.248120	893	5.66000000e+02
1.78979944e+01	2022-05-17T19:24:29.248120	894	5.69000000e+02
1.79100023e+01	2022-05-17T19:24:29.270463	895	5.67000000e+02
1.79183007e+01	2022-05-17T19:24:29.270463	896	5.70000000e+02
1.79371240e+01	2022-05-17T19:24:29.286088	897	5.65000000e+02
1.79689896e+01	2022-05-17T19:24:29.333582	898	5.65000000e+02
1.79711365e+01	2022-05-17T19:24:29.333582	899	5.68000000e+02
1.79802965e+01	2022-05-17T19:24:29.333582	900	5.67000000e+02
1.79914466e+01	2022-05-17T19:24:29.349752	901	5.73000000e+02
1.80003589e+01	2022-05-17T19:24:29.364800	902	5.70000000e+02
1.80225972e+01	2022-05-17T19:24:29.386890	903	5.65000000e+02
1.80468898e+01	2022-05-17T19:24:29.402523	904	5.66000000e+02
1.80556328e+01	2022-05-17T19:24:29.418114	905	5.81000000e+02
1.80658084e+01	2022-05-17T19:24:29.418114	906	5.69000000e+02
1.80779847e+01	2022-05-17T19:24:29.434263	907	6.15000000e+02
1.81017657e+01	2022-05-17T19:24:29.465002	908	6.22000000e+02
1.81352587e+01	2022-05-17T19:24:29.487806	909	5.65000000e+02
1.81435914e+01	2022-05-17T19:24:29.503726	910	5.79000000e+02
1.81519392e+01	2022-05-17T19:24:29.503726	911	5.66000000e+02
1.81786730e+01	2022-05-17T19:24:29.534704	912	5.88000000e+02
1.82055957e+01	2022-05-17T19:24:29.565954	913	5.66000000e+02
1.82172658e+01	2022-05-17T19:24:29.571895	914	5.68000000e+02
1.82256624e+01	2022-05-17T19:24:29.587703	915	5.72000000e+02
1.82377399e+01	2022-05-17T19:24:29.587703	916	5.66000000e+02
1.82544079e+01	2022-05-17T19:24:29.618763	917	5.81000000e+02
1.82633205e+01	2022-05-17T19:24:29.618763	918	6.20000000e+02
1.82899446e+01	2022-05-17T19:24:29.650048	919	5.74000000e+02
1.82994161e+01	2022-05-17T19:24:29.650048	920	5.70000000e+02
1.83114086e+01	2022-05-17T19:24:29.672545	921	5.79000000e+02
1.83197621e+01	2022-05-17T19:24:29.672545	922	5.66000000e+02
1.83389494e+01	2022-05-17T19:24:29.688170	923	5.87000000e+02
1.83709675e+01	2022-05-17T19:24:29.735081	924	5.65000000e+02
1.83769270e+01	2022-05-17T19:24:29.735081	925	5.74000000e+02
1.83853929e+01	2022-05-17T19:24:29.735081	926	6.22000000e+02
1.83974510e+01	2022-05-17T19:24:29.751025	927	5.67000000e+02
1.84193005e+01	2022-05-17T19:24:29.772881	928	5.67000000e+02
1.84517437e+01	2022-05-17T19:24:29.804165	929	5.86000000e+02
1.84630360e+01	2022-05-17T19:24:29.820037	930	5.67000000e+02
1.84716364e+01	2022-05-17T19:24:29.835370	931	5.66000000e+02
1.84951532e+01	2022-05-17T19:24:29.851017	932	5.92000000e+02
1.85209416e+01	2022-05-17T19:24:29.873154	933	6.20000000e+02
1.85324026e+01	2022-05-17T19:24:29.889100	934	5.66000000e+02
1.85503667e+01	2022-05-17T19:24:29.904427	935	5.76000000e+02
1.85585995e+01	2022-05-17T19:24:29.920057	936	5.66000000e+02
1.85838478e+01	2022-05-17T19:24:29.935643	937	5.68000000e+02
1.85936607e+01	2022-05-17T19:24:29.951301	938	5.67000000e+02
1.86021161e+01	2022-05-17T19:24:29.951301	939	5.78000000e+02
1.86102448e+01	2022-05-17T19:24:29.973441	940	5.68000000e+02
1.86185346e+01	2022-05-17T19:24:29.973441	941	6.16000000e+02
1.86374130e+01	2022-05-17T19:24:29.989389	942	5.67000000e+02
1.86660939e+01	2022-05-17T19:24:30.020347	943	5.66000000e+02
1.86747442e+01	2022-05-17T19:24:30.035966	944	5.67000000e+02
1.86842759e+01	2022-05-17T19:24:30.035966	945	5.70000000e+02
1.86964691e+01	2022-05-17T19:24:30.052059	946	5.67000000e+02
1.87075253e+01	2022-05-17T19:24:30.067803	947	5.66000000e+02
1.87223516e+01	2022-05-17T19:24:30.073352	948	5.67000000e+02
1.87533909e+01	2022-05-17T19:24:30.104634	949	5.65000000e+02
1.87579416e+01	2022-05-17T19:24:30.120609	950	5.68000000e+02
1.87664294e+01	2022-05-17T19:24:30.120609	951	5.67000000e+02
1.87881242e+01	2022-05-17T19:24:30.151499	952	5.65000000e+02
1.88154394e+01	2022-05-17T19:24:30.173685	953	6.14000000e+02
1.88234709e+01	2022-05-17T19:24:30.173685	954	5.66000000e+02
1.88316919e+01	2022-05-17T19:24:30.189767	955	5.69000000e+02
1.88571119e+01	2022-05-17T19:24:30.220592	956	5.68000000e+02
1.88888334e+01	2022-05-17T19:24:30.251795	957	5.81000000e+02
1.88925894e+01	2022-05-17T19:24:30.251795	958	5.70000000e+02
1.89015377e+01	2022-05-17T19:24:30.251795	959	5.66000000e+02
1.89134571e+01	2022-05-17T19:24:30.274395	960	5.75000000e+02
1.89225124e+01	2022-05-17T19:24:30.274395	961	5.69000000e+02
1.89424580e+01	2022-05-17T19:24:30.305666	962	5.65000000e+02
1.89739231e+01	2022-05-17T19:24:30.337541	963	6.14000000e+02
1.89784534e+01	2022-05-17T19:24:30.337541	964	5.67000000e+02
1.89875010e+01	2022-05-17T19:24:30.337541	965	5.80000000e+02
1.89994981e+01	2022-05-17T19:24:30.353457	966	5.69000000e+02
1.90224635e+01	2022-05-17T19:24:30.374339	967	5.65000000e+02
1.90550780e+01	2022-05-17T19:24:30.405621	968	5.68000000e+02
1.90651657e+01	2022-05-17T19:24:30.421662	969	5.67000000e+02
1.90738910e+01	2022-05-17T19:24:30.436832	970	5.72000000e+02
1.90920737e+01	2022-05-17T19:24:30.452474	971	6.14000000e+02
1.91247994e+01	2022-05-17T19:24:30.474650	972	6.07000000e+02
1.91345419e+01	2022-05-17T19:24:30.491049	973	5.66000000e+02
1.91429413e+01	2022-05-17T19:24:30.506699	974	5.70000000e+02
1.91602070e+01	2022-05-17T19:24:30.522320	975	5.72000000e+02
1.91930066e+01	2022-05-17T19:24:30.553576	976	5.66000000e+02
1.92041890e+01	2022-05-17T19:24:30.553576	977	5.76000000e+02
1.92122387e+01	2022-05-17T19:24:30.575284	978	5.65000000e+02
1.92206197e+01	2022-05-17T19:24:30.575284	979	6.21000000e+02
1.92379972e+01	2022-05-17T19:24:30.591229	980	5.67000000e+02
1.92748669e+01	2022-05-17T19:24:30.637823	981	6.17000000e+02
1.92817060e+01	2022-05-17T19:24:30.637823	982	5.66000000e+02
1.92902215e+01	2022-05-17T19:24:30.653396	983	5.65000000e+02
1.92987256e+01	2022-05-17T19:24:30.653396	984	5.83000000e+02
1.93216021e+01	2022-05-17T19:24:30.675584	985	5.82000000e+02
1.93490131e+01	2022-05-17T19:24:30.706856	986	5.65000000e+02
1.93649591e+01	2022-05-17T19:24:30.722501	987	5.81000000e+02
1.93759625e+01	2022-05-17T19:24:30.738484	988	5.74000000e+02
1.93846522e+01	2022-05-17T19:24:30.738484	989	5.77000000e+02
1.94081079e+01	2022-05-17T19:24:30.769419	990	5.65000000e+02
1.94393407e+01	2022-05-17T19:24:30.791119	991	5.73000000e+02
1.94505130e+01	2022-05-17T19:24:30.807228	992	5.66000000e+02
1.94678832e+01	2022-05-17T19:24:30.822769	993	5.75000000e+02
1.94763404e+01	2022-05-17T19:24:30.837978	994	5.72000000e+02
1.95103036e+01	2022-05-17T19:24:30.869229	995	6.16000000e+02
1.95196210e+01	2022-05-17T19:24:30.876156	996	5.68000000e+02
1.95281966e+01	2022-05-17T19:24:30.891808	997	5.66000000e+02
1.95399879e+01	2022-05-17T19:24:30.891808	998	5.69000000e+02
1.95606193e+01	2022-05-17T19:24:30.923024	999	5.76000000e+02
1.95913846e+01	2022-05-17T19:24:30.954311	1000	5.66000000e+02