Time elapsed	Time stamp	Loop Index	GP2Y ADC
s			Cts

5.00251090e+00	2022-05-17T19:24:47.356187	1	5.54000000e+02
5.01448300e+00	2022-05-17T19:24:47.356187	2	5.64000000e+02
5.02258010e+00	2022-05-17T19:24:47.376294	3	5.59000000e+02
5.03086950e+00	2022-05-17T19:24:47.376294	4	5.70000000e+02
5.04880190e+00	2022-05-17T19:24:47.392504	5	5.55000000e+02
5.07497030e+00	2022-05-17T19:24:47.423162	6	5.56000000e+02
5.08748060e+00	2022-05-17T19:24:47.438783	7	5.55000000e+02
5.09860580e+00	2022-05-17T19:24:47.438783	8	5.56000000e+02
5.10822570e+00	2022-05-17T19:24:47.454442	9	5.60000000e+02
5.13484320e+00	2022-05-17T19:24:47.476567	10	6.04000000e+02
5.13673710e+00	2022-05-17T19:24:47.476567	11	5.56000000e+02
5.15091640e+00	2022-05-17T19:24:47.492772	12	5.67000000e+02
5.16180990e+00	2022-05-17T19:24:47.508436	13	5.55000000e+02
5.17019440e+00	2022-05-17T19:24:47.524018	14	6.10000000e+02
5.18223060e+00	2022-05-17T19:24:47.524018	15	5.59000000e+02
5.20287120e+00	2022-05-17T19:24:47.555260	16	5.58000000e+02
5.22127850e+00	2022-05-17T19:24:47.576426	17	5.65000000e+02
5.23156570e+00	2022-05-17T19:24:47.576426	18	5.59000000e+02
5.25589310e+00	2022-05-17T19:24:47.607672	19	5.62000000e+02
5.27415210e+00	2022-05-17T19:24:47.623345	20	5.56000000e+02
5.28446490e+00	2022-05-17T19:24:47.638914	21	5.70000000e+02
5.29427530e+00	2022-05-17T19:24:47.638914	22	5.60000000e+02
5.32192580e+00	2022-05-17T19:24:47.676663	23	5.55000000e+02
5.33473280e+00	2022-05-17T19:24:47.676663	24	5.57000000e+02
5.34209500e+00	2022-05-17T19:24:47.692326	25	5.61000000e+02
5.35505000e+00	2022-05-17T19:24:47.708162	26	5.57000000e+02
5.36656050e+00	2022-05-17T19:24:47.708162	27	5.63000000e+02
5.38704750e+00	2022-05-17T19:24:47.739151	28	5.57000000e+02
5.40516870e+00	2022-05-17T19:24:47.754812	29	5.58000000e+02
5.41588850e+00	2022-05-17T19:24:47.770393	30	5.56000000e+02
5.42396810e+00	2022-05-17T19:24:47.777484	31	5.77000000e+02
5.43243850e+00	2022-05-17T19:24:47.777484	32	5.56000000e+02
5.45564500e+00	2022-05-17T19:24:47.808732	33	5.54000000e+02
5.47405610e+00	2022-05-17T19:24:47.824392	34	5.55000000e+02
5.48541490e+00	2022-05-17T19:24:47.839974	35	5.73000000e+02
5.49324870e+00	2022-05-17T19:24:47.839974	36	5.69000000e+02
5.51369720e+00	2022-05-17T19:24:47.855751	37	5.55000000e+02
5.52508540e+00	2022-05-17T19:24:47.877790	38	5.56000000e+02
5.53634210e+00	2022-05-17T19:24:47.877790	39	5.60000000e+02
5.54634110e+00	2022-05-17T19:24:47.893455	40	5.56000000e+02
5.55526580e+00	2022-05-17T19:24:47.909036	41	5.55000000e+02
5.56757520e+00	2022-05-17T19:24:47.909036	42	5.60000000e+02
5.59026890e+00	2022-05-17T19:24:47.940278	43	5.54000000e+02
5.60860740e+00	2022-05-17T19:24:47.955899	44	5.78000000e+02
5.61163080e+00	2022-05-17T19:24:47.955899	45	5.57000000e+02
5.62058090e+00	2022-05-17T19:24:47.972031	46	5.57000000e+02
5.62873660e+00	2022-05-17T19:24:47.978304	47	5.55000000e+02
5.63711540e+00	2022-05-17T19:24:47.978304	48	5.57000000e+02
5.65682920e+00	2022-05-17T19:24:48.009551	49	5.58000000e+02
5.67385190e+00	2022-05-17T19:24:48.025213	50	5.61000000e+02
5.68598330e+00	2022-05-17T19:24:48.040793	51	5.57000000e+02
5.69387480e+00	2022-05-17T19:24:48.040793	52	5.56000000e+02
5.71938030e+00	2022-05-17T19:24:48.072036	53	5.56000000e+02
5.73141010e+00	2022-05-17T19:24:48.078594	54	5.69000000e+02
5.74292280e+00	2022-05-17T19:24:48.094600	55	6.10000000e+02
5.75176620e+00	2022-05-17T19:24:48.094600	56	5.74000000e+02
5.77223590e+00	2022-05-17T19:24:48.125461	57	5.74000000e+02
5.78718980e+00	2022-05-17T19:24:48.141083	58	5.56000000e+02
5.79651820e+00	2022-05-17T19:24:48.141083	59	6.10000000e+02
5.80476650e+00	2022-05-17T19:24:48.157279	60	5.59000000e+02
5.81313830e+00	2022-05-17T19:24:48.157279	61	6.04000000e+02
5.83680550e+00	2022-05-17T19:24:48.178877	62	5.76000000e+02
5.85585060e+00	2022-05-17T19:24:48.210129	63	5.55000000e+02
5.86589320e+00	2022-05-17T19:24:48.210129	64	5.56000000e+02
5.87481520e+00	2022-05-17T19:24:48.226299	65	5.79000000e+02
5.88671020e+00	2022-05-17T19:24:48.241369	66	5.58000000e+02
5.89528560e+00	2022-05-17T19:24:48.241369	67	5.65000000e+02
5.91726680e+00	2022-05-17T19:24:48.256991	68	5.55000000e+02
5.93657150e+00	2022-05-17T19:24:48.279117	69	5.56000000e+02
5.94817240e+00	2022-05-17T19:24:48.294743	70	5.61000000e+02
5.96810050e+00	2022-05-17T19:24:48.310919	71	5.58000000e+02
5.97656110e+00	2022-05-17T19:24:48.326544	72	5.56000000e+02
5.99037720e+00	2022-05-17T19:24:48.342166	73	5.59000000e+02
6.00178470e+00	2022-05-17T19:24:48.342166	74	5.60000000e+02
6.01369380e+00	2022-05-17T19:24:48.357823	75	5.57000000e+02
6.03708350e+00	2022-05-17T19:24:48.379031	76	6.09000000e+02
6.04972490e+00	2022-05-17T19:24:48.394702	77	5.58000000e+02
6.06443130e+00	2022-05-17T19:24:48.410767	78	5.57000000e+02
6.07472320e+00	2022-05-17T19:24:48.426304	79	5.59000000e+02
6.08346320e+00	2022-05-17T19:24:48.426304	80	6.11000000e+02
6.10316370e+00	2022-05-17T19:24:48.457147	81	5.59000000e+02
6.11457510e+00	2022-05-17T19:24:48.457147	82	5.82000000e+02
6.12769840e+00	2022-05-17T19:24:48.479315	83	5.58000000e+02
6.13676330e+00	2022-05-17T19:24:48.479315	84	5.56000000e+02
6.14889990e+00	2022-05-17T19:24:48.496070	85	5.71000000e+02
6.17144720e+00	2022-05-17T19:24:48.511696	86	5.59000000e+02
6.19041960e+00	2022-05-17T19:24:48.542986	87	6.08000000e+02
6.19785260e+00	2022-05-17T19:24:48.542986	88	5.61000000e+02
6.20585170e+00	2022-05-17T19:24:48.559128	89	5.59000000e+02
6.21452320e+00	2022-05-17T19:24:48.559128	90	5.56000000e+02
6.23751080e+00	2022-05-17T19:24:48.579295	91	6.04000000e+02
6.25594200e+00	2022-05-17T19:24:48.610549	92	5.54000000e+02
6.26765460e+00	2022-05-17T19:24:48.610549	93	5.56000000e+02
6.27709830e+00	2022-05-17T19:24:48.626693	94	5.58000000e+02
6.29761260e+00	2022-05-17T19:24:48.642017	95	5.84000000e+02
6.30277740e+00	2022-05-17T19:24:48.657411	96	6.05000000e+02
6.31857680e+00	2022-05-17T19:24:48.673070	97	5.74000000e+02
6.32902140e+00	2022-05-17T19:24:48.679613	98	5.59000000e+02
6.33745100e+00	2022-05-17T19:24:48.679613	99	5.63000000e+02
6.34995240e+00	2022-05-17T19:24:48.695527	100	5.67000000e+02
6.37348060e+00	2022-05-17T19:24:48.726480	101	5.55000000e+02
6.39305890e+00	2022-05-17T19:24:48.742139	102	6.00000000e+02
6.39869260e+00	2022-05-17T19:24:48.742139	103	5.64000000e+02
6.40639890e+00	2022-05-17T19:24:48.758211	104	5.73000000e+02
6.41532920e+00	2022-05-17T19:24:48.758211	105	5.76000000e+02
6.43752630e+00	2022-05-17T19:24:48.779822	106	5.60000000e+02
6.45094680e+00	2022-05-17T19:24:48.795503	107	5.56000000e+02
6.45936510e+00	2022-05-17T19:24:48.811082	108	5.59000000e+02
6.46850930e+00	2022-05-17T19:24:48.811082	109	5.56000000e+02
6.48063940e+00	2022-05-17T19:24:48.827214	110	5.68000000e+02
6.50384430e+00	2022-05-17T19:24:48.857946	111	5.57000000e+02
6.52507960e+00	2022-05-17T19:24:48.880073	112	5.55000000e+02
6.53406820e+00	2022-05-17T19:24:48.880073	113	5.83000000e+02
6.54626020e+00	2022-05-17T19:24:48.895699	114	5.58000000e+02
6.57199980e+00	2022-05-17T19:24:48.926941	115	5.54000000e+02
6.57462530e+00	2022-05-17T19:24:48.926941	116	5.58000000e+02
6.59353490e+00	2022-05-17T19:24:48.942565	117	5.58000000e+02
6.60369280e+00	2022-05-17T19:24:48.958184	118	5.56000000e+02
6.61582910e+00	2022-05-17T19:24:48.958184	119	5.56000000e+02
6.63622150e+00	2022-05-17T19:24:48.980322	120	5.55000000e+02
6.65671330e+00	2022-05-17T19:24:49.011595	121	5.55000000e+02
6.66512660e+00	2022-05-17T19:24:49.011595	122	5.65000000e+02
6.67751230e+00	2022-05-17T19:24:49.027189	123	5.59000000e+02
6.70478400e+00	2022-05-17T19:24:49.058433	124	6.08000000e+02
6.72622750e+00	2022-05-17T19:24:49.080561	125	5.55000000e+02
6.73478470e+00	2022-05-17T19:24:49.080561	126	5.58000000e+02
6.74731940e+00	2022-05-17T19:24:49.096272	127	5.58000000e+02
6.77313540e+00	2022-05-17T19:24:49.127433	128	6.11000000e+02
6.79442160e+00	2022-05-17T19:24:49.143052	129	5.55000000e+02
6.80016640e+00	2022-05-17T19:24:49.143052	130	5.56000000e+02
6.80783370e+00	2022-05-17T19:24:49.159203	131	5.58000000e+02
6.81660730e+00	2022-05-17T19:24:49.159203	132	5.57000000e+02
6.83642290e+00	2022-05-17T19:24:49.180830	133	5.55000000e+02
6.85763540e+00	2022-05-17T19:24:49.212076	134	5.55000000e+02
6.86128420e+00	2022-05-17T19:24:49.212076	135	5.61000000e+02
6.86990930e+00	2022-05-17T19:24:49.212076	136	5.68000000e+02
6.88196180e+00	2022-05-17T19:24:49.227806	137	5.55000000e+02
6.90729120e+00	2022-05-17T19:24:49.258940	138	5.58000000e+02
6.92797830e+00	2022-05-17T19:24:49.281132	139	5.59000000e+02
6.93957690e+00	2022-05-17T19:24:49.281132	140	5.62000000e+02
6.95165140e+00	2022-05-17T19:24:49.297067	141	5.87000000e+02
6.97517890e+00	2022-05-17T19:24:49.329039	142	5.77000000e+02
6.99615250e+00	2022-05-17T19:24:49.344698	143	5.55000000e+02
7.00509740e+00	2022-05-17T19:24:49.344698	144	5.56000000e+02
7.01734490e+00	2022-05-17T19:24:49.360282	145	5.64000000e+02
7.04095920e+00	2022-05-17T19:24:49.381475	146	5.74000000e+02
7.06064550e+00	2022-05-17T19:24:49.412766	147	5.55000000e+02
7.07061740e+00	2022-05-17T19:24:49.412766	148	5.55000000e+02
7.07863730e+00	2022-05-17T19:24:49.428387	149	5.72000000e+02
7.08687430e+00	2022-05-17T19:24:49.428387	150	5.58000000e+02
7.10680270e+00	2022-05-17T19:24:49.459585	151	6.09000000e+02
7.12182250e+00	2022-05-17T19:24:49.475243	152	5.56000000e+02
7.12972040e+00	2022-05-17T19:24:49.481790	153	5.56000000e+02
7.14017810e+00	2022-05-17T19:24:49.481790	154	5.72000000e+02
7.14832570e+00	2022-05-17T19:24:49.498832	155	5.58000000e+02
7.15717370e+00	2022-05-17T19:24:49.498832	156	5.60000000e+02
7.17819550e+00	2022-05-17T19:24:49.530081	157	5.59000000e+02
7.19869400e+00	2022-05-17T19:24:49.545735	158	5.55000000e+02
7.20563270e+00	2022-05-17T19:24:49.545735	159	5.70000000e+02
7.21400270e+00	2022-05-17T19:24:49.561606	160	5.57000000e+02
7.24084260e+00	2022-05-17T19:24:49.581920	161	5.55000000e+02
7.26128770e+00	2022-05-17T19:24:49.613216	162	5.60000000e+02
7.27121950e+00	2022-05-17T19:24:49.613216	163	5.56000000e+02
7.27937010e+00	2022-05-17T19:24:49.629081	164	5.56000000e+02
7.28763590e+00	2022-05-17T19:24:49.629081	165	5.63000000e+02
7.30344730e+00	2022-05-17T19:24:49.644410	166	5.56000000e+02
7.31398250e+00	2022-05-17T19:24:49.660030	167	5.64000000e+02
7.32939030e+00	2022-05-17T19:24:49.682195	168	6.12000000e+02
7.34078910e+00	2022-05-17T19:24:49.682195	169	5.59000000e+02
7.34906410e+00	2022-05-17T19:24:49.698294	170	5.56000000e+02
7.35776300e+00	2022-05-17T19:24:49.698294	171	6.03000000e+02
7.37896210e+00	2022-05-17T19:24:49.729064	172	5.58000000e+02
7.39924950e+00	2022-05-17T19:24:49.744723	173	5.56000000e+02
7.40717390e+00	2022-05-17T19:24:49.760305	174	5.57000000e+02
7.41854020e+00	2022-05-17T19:24:49.760305	175	5.58000000e+02
7.43921420e+00	2022-05-17T19:24:49.782454	176	5.57000000e+02
7.45598790e+00	2022-05-17T19:24:49.798121	177	5.55000000e+02
7.46774040e+00	2022-05-17T19:24:49.813739	178	5.56000000e+02
7.47570410e+00	2022-05-17T19:24:49.829419	179	6.10000000e+02
7.48426240e+00	2022-05-17T19:24:49.829419	180	5.56000000e+02
7.51119530e+00	2022-05-17T19:24:49.860566	181	5.63000000e+02
7.52659210e+00	2022-05-17T19:24:49.876186	182	5.56000000e+02
7.53725270e+00	2022-05-17T19:24:49.882737	183	5.69000000e+02
7.54507050e+00	2022-05-17T19:24:49.898855	184	5.59000000e+02
7.55388090e+00	2022-05-17T19:24:49.898855	185	5.73000000e+02
7.57597870e+00	2022-05-17T19:24:49.929604	186	5.67000000e+02
7.57959980e+00	2022-05-17T19:24:49.929604	187	5.59000000e+02
7.59395170e+00	2022-05-17T19:24:49.945261	188	5.64000000e+02
7.60248550e+00	2022-05-17T19:24:49.945261	189	6.04000000e+02
7.61087000e+00	2022-05-17T19:24:49.960847	190	5.58000000e+02
7.61948380e+00	2022-05-17T19:24:49.960847	191	5.56000000e+02
7.63958860e+00	2022-05-17T19:24:49.982985	192	5.73000000e+02
7.64772040e+00	2022-05-17T19:24:49.998650	193	5.61000000e+02
7.66327370e+00	2022-05-17T19:24:50.014270	194	5.56000000e+02
7.67263370e+00	2022-05-17T19:24:50.014270	195	5.59000000e+02
7.68510770e+00	2022-05-17T19:24:50.030252	196	5.56000000e+02
7.70954750e+00	2022-05-17T19:24:50.061095	197	5.55000000e+02
7.72580490e+00	2022-05-17T19:24:50.076754	198	5.63000000e+02
7.73344120e+00	2022-05-17T19:24:50.083260	199	5.63000000e+02
7.74199650e+00	2022-05-17T19:24:50.083260	200	5.59000000e+02
7.75040220e+00	2022-05-17T19:24:50.099360	201	5.56000000e+02
7.77608610e+00	2022-05-17T19:24:50.130127	202	5.55000000e+02
7.79892440e+00	2022-05-17T19:24:50.145785	203	5.71000000e+02
7.80363420e+00	2022-05-17T19:24:50.145785	204	5.77000000e+02
7.81183150e+00	2022-05-17T19:24:50.161371	205	5.57000000e+02
7.82007270e+00	2022-05-17T19:24:50.161371	206	6.08000000e+02
7.84049400e+00	2022-05-17T19:24:50.183460	207	6.04000000e+02
7.86114810e+00	2022-05-17T19:24:50.214747	208	5.58000000e+02
7.86907220e+00	2022-05-17T19:24:50.214747	209	5.66000000e+02
7.87712430e+00	2022-05-17T19:24:50.230753	210	5.58000000e+02
7.88563300e+00	2022-05-17T19:24:50.230753	211	5.65000000e+02
7.92171790e+00	2022-05-17T19:24:50.261570	212	5.81000000e+02
7.92964140e+00	2022-05-17T19:24:50.283699	213	5.54000000e+02
7.93865720e+00	2022-05-17T19:24:50.283699	214	5.58000000e+02
7.94650400e+00	2022-05-17T19:24:50.299787	215	5.56000000e+02
7.95519510e+00	2022-05-17T19:24:50.299787	216	5.58000000e+02
7.97538380e+00	2022-05-17T19:24:50.315636	217	5.55000000e+02
7.98327480e+00	2022-05-17T19:24:50.331260	218	5.63000000e+02
7.99902280e+00	2022-05-17T19:24:50.346882	219	5.57000000e+02
8.00855970e+00	2022-05-17T19:24:50.362503	220	5.56000000e+02
8.02057020e+00	2022-05-17T19:24:50.362503	221	5.58000000e+02
8.04010740e+00	2022-05-17T19:24:50.383674	222	5.72000000e+02
8.06199920e+00	2022-05-17T19:24:50.414919	223	6.08000000e+02
8.07362130e+00	2022-05-17T19:24:50.414919	224	5.56000000e+02
8.08180570e+00	2022-05-17T19:24:50.430983	225	5.66000000e+02
8.09054770e+00	2022-05-17T19:24:50.430983	226	5.56000000e+02
8.10596250e+00	2022-05-17T19:24:50.446168	227	5.72000000e+02
8.12898720e+00	2022-05-17T19:24:50.483950	228	5.54000000e+02
8.13945890e+00	2022-05-17T19:24:50.483950	229	5.60000000e+02
8.14760140e+00	2022-05-17T19:24:50.500714	230	5.56000000e+02
8.15614910e+00	2022-05-17T19:24:50.500714	231	5.58000000e+02
8.17669350e+00	2022-05-17T19:24:50.516884	232	5.56000000e+02
8.19842330e+00	2022-05-17T19:24:50.547581	233	5.56000000e+02
8.20489200e+00	2022-05-17T19:24:50.547581	234	5.56000000e+02
8.21312670e+00	2022-05-17T19:24:50.563648	235	5.59000000e+02
8.22146240e+00	2022-05-17T19:24:50.563648	236	5.59000000e+02
8.23917700e+00	2022-05-17T19:24:50.584066	237	5.71000000e+02
8.25602010e+00	2022-05-17T19:24:50.599691	238	5.59000000e+02
8.26580850e+00	2022-05-17T19:24:50.615357	239	5.59000000e+02
8.27439140e+00	2022-05-17T19:24:50.615357	240	5.61000000e+02
8.28289510e+00	2022-05-17T19:24:50.631236	241	5.60000000e+02
8.29050400e+00	2022-05-17T19:24:50.631236	242	5.69000000e+02
8.30821640e+00	2022-05-17T19:24:50.662175	243	5.61000000e+02
8.32987230e+00	2022-05-17T19:24:50.684338	244	5.55000000e+02
8.33598810e+00	2022-05-17T19:24:50.684338	245	5.56000000e+02
8.34423040e+00	2022-05-17T19:24:50.684338	246	5.65000000e+02
8.35282470e+00	2022-05-17T19:24:50.700319	247	5.82000000e+02
8.37813320e+00	2022-05-17T19:24:50.731206	248	5.57000000e+02
8.39974790e+00	2022-05-17T19:24:50.746865	249	5.55000000e+02
8.40565210e+00	2022-05-17T19:24:50.746865	250	5.66000000e+02
8.41392010e+00	2022-05-17T19:24:50.762733	251	5.56000000e+02
8.42235890e+00	2022-05-17T19:24:50.762733	252	5.62000000e+02
8.44064190e+00	2022-05-17T19:24:50.784410	253	5.54000000e+02
8.46126350e+00	2022-05-17T19:24:50.815701	254	5.56000000e+02
8.46706520e+00	2022-05-17T19:24:50.815701	255	5.71000000e+02
8.47500390e+00	2022-05-17T19:24:50.815701	256	5.62000000e+02
8.48358290e+00	2022-05-17T19:24:50.831727	257	6.12000000e+02
8.50922880e+00	2022-05-17T19:24:50.862519	258	5.57000000e+02
8.53055480e+00	2022-05-17T19:24:50.884730	259	5.82000000e+02
8.53670100e+00	2022-05-17T19:24:50.884730	260	5.62000000e+02
8.54491550e+00	2022-05-17T19:24:50.884730	261	5.99000000e+02
8.55305330e+00	2022-05-17T19:24:50.900358	262	5.69000000e+02
8.57514020e+00	2022-05-17T19:24:50.915979	263	5.83000000e+02
8.57734500e+00	2022-05-17T19:24:50.931602	264	5.64000000e+02
8.59427030e+00	2022-05-17T19:24:50.947259	265	5.55000000e+02
8.60636190e+00	2022-05-17T19:24:50.947259	266	5.60000000e+02
8.61461590e+00	2022-05-17T19:24:50.963146	267	5.65000000e+02
8.62377710e+00	2022-05-17T19:24:50.978467	268	5.70000000e+02
8.63915370e+00	2022-05-17T19:24:50.984976	269	5.55000000e+02
8.66169720e+00	2022-05-17T19:24:51.016272	270	5.77000000e+02
8.66773910e+00	2022-05-17T19:24:51.016272	271	5.55000000e+02
8.67537200e+00	2022-05-17T19:24:51.016272	272	5.55000000e+02
8.68463470e+00	2022-05-17T19:24:51.032301	273	5.76000000e+02
8.70870320e+00	2022-05-17T19:24:51.063086	274	5.58000000e+02
8.72662800e+00	2022-05-17T19:24:51.078744	275	5.55000000e+02
8.73739020e+00	2022-05-17T19:24:51.085298	276	5.65000000e+02
8.74561560e+00	2022-05-17T19:24:51.085298	277	5.57000000e+02
8.75392540e+00	2022-05-17T19:24:51.100923	278	5.55000000e+02
8.77719850e+00	2022-05-17T19:24:51.132166	279	5.54000000e+02
8.80050480e+00	2022-05-17T19:24:51.147823	280	5.59000000e+02
8.81107630e+00	2022-05-17T19:24:51.163848	281	5.56000000e+02
8.81937230e+00	2022-05-17T19:24:51.163848	282	5.61000000e+02
8.84012590e+00	2022-05-17T19:24:51.185213	283	5.56000000e+02
8.86326420e+00	2022-05-17T19:24:51.216460	284	5.62000000e+02
8.87269730e+00	2022-05-17T19:24:51.216460	285	5.56000000e+02
8.88077280e+00	2022-05-17T19:24:51.232633	286	5.76000000e+02
8.88969260e+00	2022-05-17T19:24:51.232633	287	5.80000000e+02
8.90990630e+00	2022-05-17T19:24:51.263323	288	5.54000000e+02
8.93287780e+00	2022-05-17T19:24:51.285526	289	5.59000000e+02
8.93748710e+00	2022-05-17T19:24:51.285526	290	5.63000000e+02
8.94662210e+00	2022-05-17T19:24:51.301152	291	5.56000000e+02
8.95999260e+00	2022-05-17T19:24:51.301152	292	6.12000000e+02
8.97862950e+00	2022-05-17T19:24:51.333352	293	5.56000000e+02
9.00137950e+00	2022-05-17T19:24:51.349016	294	5.55000000e+02
9.01143100e+00	2022-05-17T19:24:51.365089	295	5.77000000e+02
9.02052060e+00	2022-05-17T19:24:51.365089	296	5.58000000e+02
9.04209310e+00	2022-05-17T19:24:51.385636	297	5.66000000e+02
9.05040640e+00	2022-05-17T19:24:51.401261	298	5.70000000e+02
9.06685450e+00	2022-05-17T19:24:51.416920	299	5.56000000e+02
9.07319980e+00	2022-05-17T19:24:51.416920	300	5.61000000e+02
9.08140810e+00	2022-05-17T19:24:51.433046	301	5.56000000e+02
9.09040410e+00	2022-05-17T19:24:51.433046	302	5.57000000e+02
9.11669630e+00	2022-05-17T19:24:51.463747	303	5.54000000e+02
9.12398710e+00	2022-05-17T19:24:51.463747	304	5.58000000e+02
9.14242470e+00	2022-05-17T19:24:51.485908	305	5.54000000e+02
9.15135530e+00	2022-05-17T19:24:51.503106	306	5.58000000e+02
9.16335850e+00	2022-05-17T19:24:51.503106	307	5.57000000e+02
9.18057360e+00	2022-05-17T19:24:51.534352	308	5.55000000e+02
9.20403630e+00	2022-05-17T19:24:51.550018	309	5.76000000e+02
9.20831380e+00	2022-05-17T19:24:51.550018	310	5.58000000e+02
9.21665440e+00	2022-05-17T19:24:51.566082	311	5.59000000e+02
9.22459590e+00	2022-05-17T19:24:51.566082	312	5.56000000e+02
9.24395580e+00	2022-05-17T19:24:51.586225	313	5.57000000e+02
9.26302360e+00	2022-05-17T19:24:51.617508	314	5.55000000e+02
9.27086150e+00	2022-05-17T19:24:51.617508	315	6.08000000e+02
9.28196230e+00	2022-05-17T19:24:51.633528	316	5.62000000e+02
9.29019880e+00	2022-05-17T19:24:51.633528	317	5.56000000e+02
9.31099640e+00	2022-05-17T19:24:51.664336	318	5.65000000e+02
9.33405070e+00	2022-05-17T19:24:51.686544	319	5.55000000e+02
9.34358130e+00	2022-05-17T19:24:51.686544	320	5.58000000e+02
9.35185050e+00	2022-05-17T19:24:51.702704	321	5.59000000e+02
9.36001950e+00	2022-05-17T19:24:51.702704	322	5.61000000e+02
9.38262690e+00	2022-05-17T19:24:51.733418	323	5.56000000e+02
9.40445410e+00	2022-05-17T19:24:51.749074	324	5.54000000e+02
9.40892070e+00	2022-05-17T19:24:51.749074	325	5.57000000e+02
9.41710060e+00	2022-05-17T19:24:51.764976	326	5.56000000e+02
9.42506220e+00	2022-05-17T19:24:51.764976	327	6.08000000e+02
9.44351400e+00	2022-05-17T19:24:51.786836	328	5.57000000e+02
9.46370550e+00	2022-05-17T19:24:51.818122	329	5.57000000e+02
9.47006280e+00	2022-05-17T19:24:51.818122	330	5.71000000e+02
9.47876270e+00	2022-05-17T19:24:51.833705	331	5.58000000e+02
9.48679780e+00	2022-05-17T19:24:51.833705	332	5.63000000e+02
9.50384890e+00	2022-05-17T19:24:51.849328	333	5.55000000e+02
9.51814390e+00	2022-05-17T19:24:51.864948	334	5.57000000e+02
9.54155480e+00	2022-05-17T19:24:51.887148	335	5.54000000e+02
9.54843100e+00	2022-05-17T19:24:51.902773	336	5.59000000e+02
9.55642830e+00	2022-05-17T19:24:51.902773	337	5.56000000e+02
9.57672080e+00	2022-05-17T19:24:51.918723	338	5.58000000e+02
9.58495830e+00	2022-05-17T19:24:51.934016	339	5.55000000e+02
9.60941960e+00	2022-05-17T19:24:51.949685	340	5.55000000e+02
9.61314040e+00	2022-05-17T19:24:51.965259	341	5.55000000e+02
9.62283450e+00	2022-05-17T19:24:51.965259	342	5.56000000e+02
9.63408120e+00	2022-05-17T19:24:51.987917	343	5.65000000e+02
9.64215550e+00	2022-05-17T19:24:51.987917	344	5.58000000e+02
9.66602620e+00	2022-05-17T19:24:52.019163	345	5.64000000e+02
9.66835090e+00	2022-05-17T19:24:52.019163	346	5.58000000e+02
9.68628910e+00	2022-05-17T19:24:52.034822	347	5.55000000e+02
9.69589470e+00	2022-05-17T19:24:52.050406	348	5.57000000e+02
9.70801920e+00	2022-05-17T19:24:52.050406	349	6.08000000e+02
9.73044470e+00	2022-05-17T19:24:52.081649	350	5.56000000e+02
9.75441020e+00	2022-05-17T19:24:52.103816	351	5.55000000e+02
9.76549530e+00	2022-05-17T19:24:52.119399	352	5.56000000e+02
9.77358350e+00	2022-05-17T19:24:52.119399	353	5.65000000e+02
9.79660250e+00	2022-05-17T19:24:52.150643	354	5.55000000e+02
9.81725360e+00	2022-05-17T19:24:52.166303	355	6.09000000e+02
9.82690000e+00	2022-05-17T19:24:52.181884	356	5.57000000e+02
9.83516530e+00	2022-05-17T19:24:52.189019	357	5.60000000e+02
9.84735990e+00	2022-05-17T19:24:52.189019	358	5.56000000e+02
9.86727960e+00	2022-05-17T19:24:52.220267	359	5.67000000e+02
9.88695480e+00	2022-05-17T19:24:52.235927	360	5.54000000e+02
9.89578820e+00	2022-05-17T19:24:52.235927	361	5.58000000e+02
9.90501690e+00	2022-05-17T19:24:52.251880	362	5.59000000e+02
9.92987580e+00	2022-05-17T19:24:52.282752	363	5.57000000e+02
9.95489630e+00	2022-05-17T19:24:52.305584	364	5.72000000e+02
9.96634750e+00	2022-05-17T19:24:52.321209	365	5.55000000e+02
9.97828670e+00	2022-05-17T19:24:52.321209	366	6.08000000e+02
9.99963350e+00	2022-05-17T19:24:52.352451	367	5.54000000e+02
1.00241095e+01	2022-05-17T19:24:52.368110	368	5.55000000e+02
1.00270745e+01	2022-05-17T19:24:52.368110	369	6.12000000e+02
1.00362017e+01	2022-05-17T19:24:52.389675	370	5.60000000e+02
1.00480310e+01	2022-05-17T19:24:52.389675	371	5.61000000e+02
1.00700490e+01	2022-05-17T19:24:52.420922	372	5.59000000e+02
1.00887364e+01	2022-05-17T19:24:52.436582	373	5.55000000e+02
1.00964977e+01	2022-05-17T19:24:52.436582	374	5.67000000e+02
1.01056896e+01	2022-05-17T19:24:52.452517	375	5.57000000e+02
1.01285656e+01	2022-05-17T19:24:52.483408	376	5.55000000e+02
1.01376152e+01	2022-05-17T19:24:52.489912	377	5.59000000e+02
1.01606284e+01	2022-05-17T19:24:52.506203	378	5.55000000e+02
1.01708286e+01	2022-05-17T19:24:52.522255	379	5.59000000e+02
1.01791941e+01	2022-05-17T19:24:52.522255	380	6.06000000e+02
1.02013925e+01	2022-05-17T19:24:52.553069	381	5.55000000e+02
1.02265123e+01	2022-05-17T19:24:52.568729	382	5.59000000e+02
1.02365052e+01	2022-05-17T19:24:52.590336	383	5.56000000e+02
1.02446835e+01	2022-05-17T19:24:52.590336	384	5.77000000e+02
1.02530252e+01	2022-05-17T19:24:52.606566	385	5.56000000e+02
1.02654853e+01	2022-05-17T19:24:52.606566	386	5.59000000e+02
1.02772744e+01	2022-05-17T19:24:52.621984	387	5.56000000e+02
1.03011073e+01	2022-05-17T19:24:52.652826	388	6.08000000e+02
1.03266940e+01	2022-05-17T19:24:52.668487	389	5.66000000e+02
1.03388177e+01	2022-05-17T19:24:52.691055	390	5.58000000e+02
1.03471244e+01	2022-05-17T19:24:52.691055	391	5.72000000e+02
1.03707575e+01	2022-05-17T19:24:52.722301	392	5.59000000e+02
1.03966240e+01	2022-05-17T19:24:52.737960	393	5.55000000e+02
1.04078365e+01	2022-05-17T19:24:52.753967	394	5.63000000e+02
1.04336075e+01	2022-05-17T19:24:52.784786	395	5.55000000e+02
1.04539194e+01	2022-05-17T19:24:52.806951	396	6.08000000e+02
1.04613980e+01	2022-05-17T19:24:52.806951	397	5.64000000e+02
1.04696154e+01	2022-05-17T19:24:52.823156	398	5.55000000e+02
1.04781680e+01	2022-05-17T19:24:52.823156	399	5.59000000e+02
1.05026938e+01	2022-05-17T19:24:52.853778	400	5.56000000e+02
1.05222763e+01	2022-05-17T19:24:52.869445	401	5.56000000e+02
1.05315463e+01	2022-05-17T19:24:52.885103	402	5.73000000e+02
1.05435221e+01	2022-05-17T19:24:52.892201	403	5.60000000e+02
1.05519758e+01	2022-05-17T19:24:52.892201	404	6.10000000e+02
1.05714231e+01	2022-05-17T19:24:52.923448	405	5.61000000e+02
1.05795812e+01	2022-05-17T19:24:52.923448	406	5.58000000e+02
1.05977167e+01	2022-05-17T19:24:52.939111	407	5.56000000e+02
1.06011045e+01	2022-05-17T19:24:52.954690	408	5.58000000e+02
1.06132404e+01	2022-05-17T19:24:52.954690	409	5.55000000e+02
1.06217216e+01	2022-05-17T19:24:52.970787	410	5.58000000e+02
1.06499851e+01	2022-05-17T19:24:52.992462	411	5.55000000e+02
1.06747296e+01	2022-05-17T19:24:53.023710	412	5.58000000e+02
1.06787391e+01	2022-05-17T19:24:53.023710	413	6.04000000e+02
1.06864451e+01	2022-05-17T19:24:53.039927	414	5.59000000e+02
1.06952412e+01	2022-05-17T19:24:53.039927	415	5.58000000e+02
1.07186887e+01	2022-05-17T19:24:53.070572	416	5.55000000e+02
1.07427383e+01	2022-05-17T19:24:53.092775	417	5.55000000e+02
1.07526344e+01	2022-05-17T19:24:53.092775	418	5.56000000e+02
1.07607537e+01	2022-05-17T19:24:53.108400	419	6.08000000e+02
1.07690526e+01	2022-05-17T19:24:53.124020	420	5.57000000e+02
1.07811829e+01	2022-05-17T19:24:53.124020	421	5.56000000e+02
1.08029881e+01	2022-05-17T19:24:53.155269	422	5.59000000e+02
1.08275576e+01	2022-05-17T19:24:53.170923	423	5.56000000e+02
1.08386650e+01	2022-05-17T19:24:53.193052	424	5.56000000e+02
1.08507478e+01	2022-05-17T19:24:53.193052	425	5.61000000e+02
1.08651888e+01	2022-05-17T19:24:53.209179	426	5.55000000e+02
1.08774122e+01	2022-05-17T19:24:53.224339	427	5.57000000e+02
1.08972226e+01	2022-05-17T19:24:53.239958	428	5.55000000e+02
1.09076231e+01	2022-05-17T19:24:53.256066	429	5.58000000e+02
1.09164895e+01	2022-05-17T19:24:53.271162	430	5.57000000e+02
1.09285821e+01	2022-05-17T19:24:53.271162	431	6.11000000e+02
1.09486120e+01	2022-05-17T19:24:53.293316	432	5.63000000e+02
1.09712439e+01	2022-05-17T19:24:53.325729	433	5.58000000e+02
1.09772171e+01	2022-05-17T19:24:53.325729	434	5.56000000e+02
1.09861267e+01	2022-05-17T19:24:53.325729	435	6.04000000e+02
1.09982692e+01	2022-05-17T19:24:53.341331	436	5.58000000e+02
1.10182425e+01	2022-05-17T19:24:53.372573	437	5.54000000e+02
1.10437213e+01	2022-05-17T19:24:53.393240	438	5.58000000e+02
1.10474513e+01	2022-05-17T19:24:53.393240	439	5.59000000e+02
1.10558293e+01	2022-05-17T19:24:53.409481	440	5.56000000e+02
1.10679332e+01	2022-05-17T19:24:53.409481	441	5.56000000e+02
1.10761239e+01	2022-05-17T19:24:53.424487	442	5.65000000e+02
1.10844515e+01	2022-05-17T19:24:53.424487	443	5.56000000e+02
1.11014300e+01	2022-05-17T19:24:53.455729	444	5.67000000e+02
1.11209375e+01	2022-05-17T19:24:53.471386	445	5.61000000e+02
1.11287797e+01	2022-05-17T19:24:53.471386	446	5.63000000e+02
1.11377031e+01	2022-05-17T19:24:53.489797	447	5.63000000e+02
1.11500478e+01	2022-05-17T19:24:53.493583	448	6.08000000e+02
1.11620004e+01	2022-05-17T19:24:53.509463	449	5.61000000e+02
1.11705545e+01	2022-05-17T19:24:53.524830	450	5.55000000e+02
1.11859035e+01	2022-05-17T19:24:53.540450	451	5.56000000e+02
1.12056676e+01	2022-05-17T19:24:53.556117	452	5.79000000e+02
1.12152606e+01	2022-05-17T19:24:53.556117	453	5.56000000e+02
1.12233876e+01	2022-05-17T19:24:53.572142	454	5.67000000e+02
1.12319007e+01	2022-05-17T19:24:53.572142	455	5.59000000e+02
1.12483846e+01	2022-05-17T19:24:53.593852	456	5.55000000e+02
1.12692832e+01	2022-05-17T19:24:53.609510	457	5.54000000e+02
1.12808231e+01	2022-05-17T19:24:53.625145	458	5.73000000e+02
1.12886808e+01	2022-05-17T19:24:53.641302	459	5.56000000e+02
1.12974009e+01	2022-05-17T19:24:53.641302	460	5.80000000e+02
1.13191188e+01	2022-05-17T19:24:53.671968	461	5.61000000e+02
1.13273279e+01	2022-05-17T19:24:53.671968	462	5.56000000e+02
1.13473077e+01	2022-05-17T19:24:53.694140	463	5.62000000e+02
1.13582866e+01	2022-05-17T19:24:53.709972	464	5.58000000e+02
1.13670290e+01	2022-05-17T19:24:53.709972	465	5.55000000e+02
1.13870937e+01	2022-05-17T19:24:53.741007	466	5.55000000e+02
1.14131733e+01	2022-05-17T19:24:53.756665	467	5.55000000e+02
1.14239096e+01	2022-05-17T19:24:53.772798	468	5.57000000e+02
1.14325680e+01	2022-05-17T19:24:53.772798	469	5.57000000e+02
1.14544216e+01	2022-05-17T19:24:53.794379	470	5.98000000e+02
1.14803202e+01	2022-05-17T19:24:53.825643	471	5.55000000e+02
1.14856454e+01	2022-05-17T19:24:53.825643	472	5.55000000e+02
1.14940024e+01	2022-05-17T19:24:53.841671	473	5.57000000e+02
1.15181220e+01	2022-05-17T19:24:53.872493	474	5.80000000e+02
1.15218321e+01	2022-05-17T19:24:53.872493	475	5.55000000e+02
1.15471295e+01	2022-05-17T19:24:53.894702	476	5.57000000e+02
1.15511731e+01	2022-05-17T19:24:53.894702	477	5.72000000e+02
1.15593397e+01	2022-05-17T19:24:53.910616	478	5.56000000e+02
1.15677206e+01	2022-05-17T19:24:53.910616	479	5.73000000e+02
1.15880160e+01	2022-05-17T19:24:53.941569	480	6.08000000e+02
1.16083854e+01	2022-05-17T19:24:53.957227	481	5.59000000e+02
1.16167875e+01	2022-05-17T19:24:53.957227	482	5.62000000e+02
1.16289519e+01	2022-05-17T19:24:53.972812	483	5.60000000e+02
1.16493549e+01	2022-05-17T19:24:53.994999	484	5.57000000e+02
1.16753013e+01	2022-05-17T19:24:54.026281	485	5.58000000e+02
1.16823053e+01	2022-05-17T19:24:54.026281	486	5.55000000e+02
1.16902744e+01	2022-05-17T19:24:54.042424	487	5.56000000e+02
1.16987733e+01	2022-05-17T19:24:54.042424	488	5.58000000e+02
1.17199700e+01	2022-05-17T19:24:54.073109	489	5.54000000e+02
1.17471532e+01	2022-05-17T19:24:54.095277	490	5.55000000e+02
1.17518741e+01	2022-05-17T19:24:54.095277	491	5.57000000e+02
1.17601004e+01	2022-05-17T19:24:54.111038	492	5.55000000e+02
1.17683934e+01	2022-05-17T19:24:54.111038	493	5.56000000e+02
1.17881325e+01	2022-05-17T19:24:54.142152	494	5.72000000e+02
1.18142429e+01	2022-05-17T19:24:54.157803	495	5.54000000e+02
1.18254801e+01	2022-05-17T19:24:54.173867	496	5.61000000e+02
1.18340637e+01	2022-05-17T19:24:54.189007	497	5.56000000e+02
1.18530794e+01	2022-05-17T19:24:54.195513	498	5.59000000e+02
1.18782253e+01	2022-05-17T19:24:54.226759	499	5.54000000e+02
1.18871721e+01	2022-05-17T19:24:54.226759	500	5.57000000e+02
1.18992526e+01	2022-05-17T19:24:54.242380	501	5.94000000e+02
1.19272540e+01	2022-05-17T19:24:54.273624	502	5.58000000e+02
1.19489484e+01	2022-05-17T19:24:54.295826	503	5.59000000e+02
1.19581333e+01	2022-05-17T19:24:54.312232	504	5.64000000e+02
1.19689960e+01	2022-05-17T19:24:54.312232	505	5.63000000e+02
1.19887142e+01	2022-05-17T19:24:54.329033	506	5.58000000e+02
1.20154548e+01	2022-05-17T19:24:54.361470	507	6.10000000e+02
1.20262657e+01	2022-05-17T19:24:54.377394	508	5.75000000e+02
1.20339564e+01	2022-05-17T19:24:54.377394	509	5.56000000e+02
1.20534956e+01	2022-05-17T19:24:54.395766	510	6.08000000e+02
1.20806289e+01	2022-05-17T19:24:54.427050	511	5.54000000e+02
1.20917178e+01	2022-05-17T19:24:54.442921	512	5.71000000e+02
1.21002118e+01	2022-05-17T19:24:54.442921	513	5.55000000e+02
1.21201902e+01	2022-05-17T19:24:54.473876	514	5.57000000e+02
1.21281205e+01	2022-05-17T19:24:54.473876	515	5.57000000e+02
1.21436663e+01	2022-05-17T19:24:54.496129	516	5.57000000e+02
1.21597271e+01	2022-05-17T19:24:54.511753	517	5.99000000e+02
1.21695984e+01	2022-05-17T19:24:54.511753	518	6.04000000e+02
1.21778312e+01	2022-05-17T19:24:54.527603	519	5.58000000e+02
1.21860768e+01	2022-05-17T19:24:54.527603	520	5.56000000e+02
1.22053175e+01	2022-05-17T19:24:54.558617	521	5.55000000e+02
1.22331099e+01	2022-05-17T19:24:54.574287	522	6.01000000e+02
1.22429524e+01	2022-05-17T19:24:54.596775	523	5.70000000e+02
1.22517230e+01	2022-05-17T19:24:54.596775	524	5.67000000e+02
1.22742215e+01	2022-05-17T19:24:54.628025	525	5.55000000e+02
1.23007292e+01	2022-05-17T19:24:54.643680	526	5.55000000e+02
1.23089080e+01	2022-05-17T19:24:54.659265	527	5.56000000e+02
1.23176270e+01	2022-05-17T19:24:54.659265	528	5.56000000e+02
1.23381776e+01	2022-05-17T19:24:54.690507	529	5.58000000e+02
1.23632071e+01	2022-05-17T19:24:54.712706	530	5.82000000e+02
1.23704622e+01	2022-05-17T19:24:54.712706	531	5.56000000e+02
1.23785505e+01	2022-05-17T19:24:54.728724	532	5.55000000e+02
1.23869578e+01	2022-05-17T19:24:54.728724	533	5.56000000e+02
1.24058633e+01	2022-05-17T19:24:54.759531	534	5.55000000e+02
1.24317776e+01	2022-05-17T19:24:54.775154	535	5.57000000e+02
1.24357159e+01	2022-05-17T19:24:54.790773	536	5.56000000e+02
1.24435137e+01	2022-05-17T19:24:54.797278	537	5.56000000e+02
1.24524671e+01	2022-05-17T19:24:54.797278	538	5.59000000e+02
1.24745890e+01	2022-05-17T19:24:54.828524	539	5.70000000e+02
1.24959709e+01	2022-05-17T19:24:54.844187	540	5.54000000e+02
1.25053573e+01	2022-05-17T19:24:54.859767	541	5.67000000e+02
1.25139152e+01	2022-05-17T19:24:54.859767	542	5.59000000e+02
1.25377431e+01	2022-05-17T19:24:54.891010	543	5.54000000e+02
1.25654619e+01	2022-05-17T19:24:54.913139	544	5.55000000e+02
1.25752492e+01	2022-05-17T19:24:54.928933	545	5.55000000e+02
1.25873653e+01	2022-05-17T19:24:54.928933	546	5.70000000e+02
1.26055315e+01	2022-05-17T19:24:54.960002	547	5.91000000e+02
1.26317842e+01	2022-05-17T19:24:54.975660	548	5.56000000e+02
1.26358973e+01	2022-05-17T19:24:54.975660	549	5.58000000e+02
1.26444862e+01	2022-05-17T19:24:54.998280	550	5.56000000e+02
1.26532850e+01	2022-05-17T19:24:54.998280	551	5.55000000e+02
1.26728888e+01	2022-05-17T19:24:55.013906	552	5.56000000e+02
1.26873783e+01	2022-05-17T19:24:55.029529	553	5.55000000e+02
1.27087124e+01	2022-05-17T19:24:55.060814	554	5.55000000e+02
1.27183760e+01	2022-05-17T19:24:55.060814	555	5.58000000e+02
1.27266059e+01	2022-05-17T19:24:55.076679	556	5.59000000e+02
1.27348646e+01	2022-05-17T19:24:55.076679	557	5.55000000e+02
1.27553909e+01	2022-05-17T19:24:55.098597	558	5.54000000e+02
1.27808566e+01	2022-05-17T19:24:55.129844	559	5.68000000e+02
1.27881408e+01	2022-05-17T19:24:55.129844	560	6.08000000e+02
1.27963487e+01	2022-05-17T19:24:55.145951	561	5.57000000e+02
1.28213115e+01	2022-05-17T19:24:55.161086	562	5.65000000e+02
1.28487805e+01	2022-05-17T19:24:55.198908	563	5.55000000e+02
1.28572892e+01	2022-05-17T19:24:55.198908	564	5.56000000e+02
1.28660355e+01	2022-05-17T19:24:55.215030	565	5.55000000e+02
1.28915804e+01	2022-05-17T19:24:55.245776	566	5.74000000e+02
1.28939062e+01	2022-05-17T19:24:55.245776	567	6.10000000e+02
1.29163011e+01	2022-05-17T19:24:55.261433	568	5.62000000e+02
1.29270757e+01	2022-05-17T19:24:55.277020	569	5.56000000e+02
1.29357347e+01	2022-05-17T19:24:55.277020	570	5.65000000e+02
1.29478496e+01	2022-05-17T19:24:55.299615	571	5.56000000e+02
1.29554334e+01	2022-05-17T19:24:55.299615	572	5.59000000e+02
1.29788563e+01	2022-05-17T19:24:55.331585	573	5.56000000e+02
1.30050157e+01	2022-05-17T19:24:55.347244	574	5.76000000e+02
1.30093945e+01	2022-05-17T19:24:55.363054	575	5.57000000e+02
1.30215708e+01	2022-05-17T19:24:55.363054	576	5.68000000e+02
1.30409610e+01	2022-05-17T19:24:55.394072	577	6.10000000e+02
1.30690783e+01	2022-05-17T19:24:55.415240	578	5.59000000e+02
1.30747901e+01	2022-05-17T19:24:55.415240	579	5.60000000e+02
1.30831010e+01	2022-05-17T19:24:55.431213	580	5.59000000e+02
1.30911073e+01	2022-05-17T19:24:55.431213	581	5.57000000e+02
1.31085457e+01	2022-05-17T19:24:55.462068	582	5.57000000e+02
1.31364663e+01	2022-05-17T19:24:55.477726	583	5.55000000e+02
1.31395325e+01	2022-05-17T19:24:55.493835	584	5.72000000e+02
1.31485040e+01	2022-05-17T19:24:55.500434	585	5.61000000e+02
1.31565239e+01	2022-05-17T19:24:55.500434	586	5.58000000e+02
1.31648264e+01	2022-05-17T19:24:55.516540	587	5.56000000e+02
1.31837401e+01	2022-05-17T19:24:55.531681	588	5.57000000e+02
1.32120329e+01	2022-05-17T19:24:55.562962	589	5.57000000e+02
1.32216415e+01	2022-05-17T19:24:55.562962	590	5.64000000e+02
1.32305331e+01	2022-05-17T19:24:55.579018	591	5.58000000e+02
1.32556701e+01	2022-05-17T19:24:55.600732	592	5.55000000e+02
1.32614081e+01	2022-05-17T19:24:55.616357	593	5.56000000e+02
1.32796338e+01	2022-05-17T19:24:55.632016	594	5.54000000e+02
1.32921959e+01	2022-05-17T19:24:55.632016	595	5.57000000e+02
1.33045971e+01	2022-05-17T19:24:55.647602	596	5.70000000e+02
1.33270981e+01	2022-05-17T19:24:55.678842	597	5.57000000e+02
1.33530473e+01	2022-05-17T19:24:55.701006	598	5.56000000e+02
1.33573228e+01	2022-05-17T19:24:55.701006	599	5.56000000e+02
1.33649829e+01	2022-05-17T19:24:55.717179	600	5.66000000e+02
1.33735624e+01	2022-05-17T19:24:55.717179	601	6.03000000e+02
1.34018267e+01	2022-05-17T19:24:55.747873	602	5.54000000e+02
1.34185057e+01	2022-05-17T19:24:55.763531	603	5.74000000e+02
1.34264139e+01	2022-05-17T19:24:55.779116	604	5.67000000e+02
1.34353894e+01	2022-05-17T19:24:55.779116	605	5.55000000e+02
1.34474948e+01	2022-05-17T19:24:55.801382	606	5.56000000e+02
1.34556821e+01	2022-05-17T19:24:55.801382	607	6.12000000e+02
1.34795943e+01	2022-05-17T19:24:55.832634	608	5.63000000e+02
1.35023919e+01	2022-05-17T19:24:55.848290	609	5.76000000e+02
1.35128231e+01	2022-05-17T19:24:55.863872	610	5.56000000e+02
1.35218325e+01	2022-05-17T19:24:55.863872	611	5.56000000e+02
1.35335116e+01	2022-05-17T19:24:55.879939	612	5.95000000e+02
1.35489822e+01	2022-05-17T19:24:55.901393	613	5.56000000e+02
1.35581841e+01	2022-05-17T19:24:55.901393	614	5.57000000e+02
1.35802730e+01	2022-05-17T19:24:55.932676	615	5.64000000e+02
1.35908053e+01	2022-05-17T19:24:55.932676	616	5.56000000e+02
1.35990439e+01	2022-05-17T19:24:55.948755	617	6.13000000e+02
1.36089419e+01	2022-05-17T19:24:55.963881	618	5.71000000e+02
1.36269838e+01	2022-05-17T19:24:55.979503	619	5.54000000e+02
1.36545446e+01	2022-05-17T19:24:56.001718	620	5.55000000e+02
1.36602532e+01	2022-05-17T19:24:56.001718	621	5.56000000e+02
1.36685700e+01	2022-05-17T19:24:56.017663	622	5.57000000e+02
1.36767068e+01	2022-05-17T19:24:56.017663	623	5.57000000e+02
1.36958892e+01	2022-05-17T19:24:56.048585	624	5.57000000e+02
1.37246125e+01	2022-05-17T19:24:56.064243	625	5.57000000e+02
1.37343139e+01	2022-05-17T19:24:56.079827	626	5.56000000e+02
1.37422161e+01	2022-05-17T19:24:56.095964	627	5.55000000e+02
1.37505450e+01	2022-05-17T19:24:56.102543	628	5.56000000e+02
1.37587729e+01	2022-05-17T19:24:56.102543	629	5.55000000e+02
1.37823093e+01	2022-05-17T19:24:56.133790	630	5.57000000e+02
1.38030856e+01	2022-05-17T19:24:56.149448	631	5.61000000e+02
1.38114559e+01	2022-05-17T19:24:56.165033	632	5.56000000e+02
1.38206705e+01	2022-05-17T19:24:56.165033	633	5.62000000e+02
1.38447066e+01	2022-05-17T19:24:56.196275	634	5.56000000e+02
1.38726385e+01	2022-05-17T19:24:56.218442	635	5.56000000e+02
1.38815694e+01	2022-05-17T19:24:56.234537	636	5.56000000e+02
1.38898408e+01	2022-05-17T19:24:56.234537	637	5.69000000e+02
1.39199977e+01	2022-05-17T19:24:56.265268	638	5.56000000e+02
1.39422387e+01	2022-05-17T19:24:56.296512	639	5.54000000e+02
1.39512971e+01	2022-05-17T19:24:56.303494	640	5.73000000e+02
1.39590734e+01	2022-05-17T19:24:56.303494	641	5.80000000e+02
1.39671295e+01	2022-05-17T19:24:56.320788	642	5.62000000e+02
1.39758952e+01	2022-05-17T19:24:56.320788	643	5.61000000e+02
1.39980544e+01	2022-05-17T19:24:56.352033	644	5.66000000e+02
1.40258345e+01	2022-05-17T19:24:56.367692	645	5.55000000e+02
1.40284000e+01	2022-05-17T19:24:56.383276	646	5.68000000e+02
1.40375366e+01	2022-05-17T19:24:56.383276	647	5.58000000e+02
1.40626399e+01	2022-05-17T19:24:56.403503	648	5.54000000e+02
1.40917571e+01	2022-05-17T19:24:56.434773	649	5.68000000e+02
1.41029854e+01	2022-05-17T19:24:56.450909	650	5.56000000e+02
1.41111519e+01	2022-05-17T19:24:56.465991	651	6.02000000e+02
1.41229619e+01	2022-05-17T19:24:56.465991	652	5.78000000e+02
1.41437956e+01	2022-05-17T19:24:56.497234	653	5.56000000e+02
1.41663924e+01	2022-05-17T19:24:56.520039	654	5.55000000e+02
1.41806822e+01	2022-05-17T19:24:56.535623	655	5.56000000e+02
1.41886744e+01	2022-05-17T19:24:56.535623	656	5.62000000e+02
1.42119342e+01	2022-05-17T19:24:56.566866	657	5.62000000e+02
1.42149312e+01	2022-05-17T19:24:56.566866	658	5.55000000e+02
1.42379034e+01	2022-05-17T19:24:56.582523	659	5.66000000e+02
1.42457334e+01	2022-05-17T19:24:56.598109	660	5.95000000e+02
1.42543702e+01	2022-05-17T19:24:56.604633	661	5.56000000e+02
1.42625550e+01	2022-05-17T19:24:56.604633	662	5.65000000e+02
1.42847498e+01	2022-05-17T19:24:56.635879	663	5.56000000e+02
1.43119267e+01	2022-05-17T19:24:56.667123	664	5.55000000e+02
1.43151227e+01	2022-05-17T19:24:56.667123	665	6.08000000e+02
1.43235745e+01	2022-05-17T19:24:56.667123	666	5.57000000e+02
1.43322338e+01	2022-05-17T19:24:56.683291	667	5.56000000e+02
1.43399586e+01	2022-05-17T19:24:56.683291	668	5.59000000e+02
1.43609896e+01	2022-05-17T19:24:56.704881	669	5.59000000e+02
1.43640414e+01	2022-05-17T19:24:56.704881	670	5.62000000e+02
1.43920793e+01	2022-05-17T19:24:56.736165	671	6.04000000e+02
1.44018714e+01	2022-05-17T19:24:56.751749	672	5.91000000e+02
1.44101075e+01	2022-05-17T19:24:56.751749	673	5.56000000e+02
1.44322997e+01	2022-05-17T19:24:56.782991	674	5.61000000e+02
1.44608549e+01	2022-05-17T19:24:56.805192	675	5.58000000e+02
1.44709893e+01	2022-05-17T19:24:56.821261	676	5.57000000e+02
1.44801106e+01	2022-05-17T19:24:56.821261	677	5.64000000e+02
1.44996463e+01	2022-05-17T19:24:56.852060	678	5.65000000e+02
1.45284286e+01	2022-05-17T19:24:56.883307	679	5.57000000e+02
1.45328751e+01	2022-05-17T19:24:56.883307	680	5.69000000e+02
1.45411079e+01	2022-05-17T19:24:56.883307	681	5.57000000e+02
1.45493636e+01	2022-05-17T19:24:56.899448	682	5.75000000e+02
1.45573789e+01	2022-05-17T19:24:56.905858	683	5.59000000e+02
1.45657256e+01	2022-05-17T19:24:56.905858	684	5.56000000e+02
1.45845612e+01	2022-05-17T19:24:56.937104	685	5.60000000e+02
1.46136525e+01	2022-05-17T19:24:56.968388	686	5.55000000e+02
1.46186910e+01	2022-05-17T19:24:56.968388	687	5.64000000e+02
1.46272356e+01	2022-05-17T19:24:56.968388	688	5.61000000e+02
1.46405935e+01	2022-05-17T19:24:56.984430	689	5.57000000e+02
1.46636158e+01	2022-05-17T19:24:57.006174	690	5.59000000e+02
1.46921653e+01	2022-05-17T19:24:57.037456	691	5.56000000e+02
1.47007679e+01	2022-05-17T19:24:57.053570	692	5.63000000e+02
1.47093945e+01	2022-05-17T19:24:57.053570	693	5.66000000e+02
1.47330703e+01	2022-05-17T19:24:57.084284	694	5.56000000e+02
1.47563566e+01	2022-05-17T19:24:57.106485	695	5.60000000e+02
1.47663270e+01	2022-05-17T19:24:57.106485	696	5.56000000e+02
1.47744809e+01	2022-05-17T19:24:57.122476	697	5.59000000e+02
1.47828968e+01	2022-05-17T19:24:57.137731	698	5.58000000e+02
1.47969509e+01	2022-05-17T19:24:57.137731	699	6.12000000e+02
1.48085544e+01	2022-05-17T19:24:57.153352	700	5.56000000e+02
1.48298526e+01	2022-05-17T19:24:57.184633	701	5.64000000e+02
1.48363501e+01	2022-05-17T19:24:57.184633	702	5.62000000e+02
1.48480967e+01	2022-05-17T19:24:57.200707	703	5.61000000e+02
1.48561340e+01	2022-05-17T19:24:57.207248	704	5.57000000e+02
1.48646983e+01	2022-05-17T19:24:57.207248	705	5.60000000e+02
1.48860753e+01	2022-05-17T19:24:57.238494	706	5.62000000e+02
1.49139455e+01	2022-05-17T19:24:57.254174	707	5.54000000e+02
1.49176824e+01	2022-05-17T19:24:57.269738	708	5.56000000e+02
1.49261601e+01	2022-05-17T19:24:57.269738	709	5.60000000e+02
1.49342094e+01	2022-05-17T19:24:57.285924	710	5.58000000e+02
1.49425275e+01	2022-05-17T19:24:57.285924	711	5.77000000e+02
1.49666350e+01	2022-05-17T19:24:57.307182	712	5.58000000e+02
1.49950471e+01	2022-05-17T19:24:57.338466	713	5.54000000e+02
1.50036302e+01	2022-05-17T19:24:57.354589	714	5.57000000e+02
1.50122885e+01	2022-05-17T19:24:57.354589	715	5.57000000e+02
1.50322173e+01	2022-05-17T19:24:57.385291	716	5.55000000e+02
1.50560876e+01	2022-05-17T19:24:57.407470	717	5.56000000e+02
1.50648423e+01	2022-05-17T19:24:57.407470	718	5.59000000e+02
1.50730271e+01	2022-05-17T19:24:57.423629	719	5.55000000e+02
1.50817459e+01	2022-05-17T19:24:57.423629	720	5.60000000e+02
1.51031634e+01	2022-05-17T19:24:57.454339	721	5.55000000e+02
1.51315735e+01	2022-05-17T19:24:57.485580	722	5.91000000e+02
1.51431318e+01	2022-05-17T19:24:57.485580	723	5.56000000e+02
1.51513762e+01	2022-05-17T19:24:57.502718	724	5.56000000e+02
1.51596245e+01	2022-05-17T19:24:57.507725	725	5.57000000e+02
1.51679095e+01	2022-05-17T19:24:57.507725	726	5.78000000e+02
1.51803531e+01	2022-05-17T19:24:57.523351	727	5.71000000e+02
1.51891519e+01	2022-05-17T19:24:57.538972	728	5.56000000e+02
1.52122602e+01	2022-05-17T19:24:57.554594	729	5.55000000e+02
1.52272047e+01	2022-05-17T19:24:57.570721	730	5.55000000e+02
1.52373866e+01	2022-05-17T19:24:57.586334	731	5.64000000e+02
1.52456157e+01	2022-05-17T19:24:57.586334	732	5.56000000e+02
1.52587446e+01	2022-05-17T19:24:57.607809	733	6.09000000e+02
1.52727077e+01	2022-05-17T19:24:57.623434	734	5.56000000e+02
1.52971570e+01	2022-05-17T19:24:57.639094	735	5.68000000e+02
1.53073728e+01	2022-05-17T19:24:57.654967	736	5.56000000e+02
1.53323181e+01	2022-05-17T19:24:57.685919	737	5.55000000e+02
1.53626021e+01	2022-05-17T19:24:57.708119	738	5.56000000e+02
1.53683643e+01	2022-05-17T19:24:57.708119	739	5.56000000e+02
1.53766983e+01	2022-05-17T19:24:57.723744	740	5.72000000e+02
1.53857634e+01	2022-05-17T19:24:57.739365	741	5.56000000e+02
1.54044648e+01	2022-05-17T19:24:57.754985	742	5.56000000e+02
1.54284422e+01	2022-05-17T19:24:57.770608	743	5.56000000e+02
1.54374380e+01	2022-05-17T19:24:57.786272	744	5.60000000e+02
1.54462367e+01	2022-05-17T19:24:57.786272	745	5.59000000e+02
1.54540238e+01	2022-05-17T19:24:57.808231	746	5.60000000e+02
1.54627719e+01	2022-05-17T19:24:57.808231	747	5.55000000e+02
1.54874616e+01	2022-05-17T19:24:57.839477	748	5.75000000e+02
1.55167107e+01	2022-05-17T19:24:57.870721	749	5.56000000e+02
1.55281210e+01	2022-05-17T19:24:57.870721	750	5.61000000e+02
1.55539214e+01	2022-05-17T19:24:57.908466	751	5.64000000e+02
1.55831943e+01	2022-05-17T19:24:57.924091	752	6.04000000e+02
1.55852167e+01	2022-05-17T19:24:57.939738	753	5.55000000e+02
1.55937714e+01	2022-05-17T19:24:57.939738	754	5.56000000e+02
1.56026853e+01	2022-05-17T19:24:57.955559	755	5.56000000e+02
1.56141693e+01	2022-05-17T19:24:57.955559	756	5.57000000e+02
1.56354593e+01	2022-05-17T19:24:57.986585	757	5.58000000e+02
1.56632255e+01	2022-05-17T19:24:58.008781	758	5.55000000e+02
1.56708490e+01	2022-05-17T19:24:58.024404	759	5.57000000e+02
1.56797515e+01	2022-05-17T19:24:58.024404	760	5.56000000e+02
1.57034178e+01	2022-05-17T19:24:58.055648	761	5.55000000e+02
1.57320965e+01	2022-05-17T19:24:58.086932	762	6.02000000e+02
1.57365358e+01	2022-05-17T19:24:58.086932	763	5.56000000e+02
1.57454141e+01	2022-05-17T19:24:58.086932	764	6.09000000e+02
1.57574497e+01	2022-05-17T19:24:58.109283	765	5.61000000e+02
1.57659188e+01	2022-05-17T19:24:58.109283	766	6.12000000e+02
1.57899706e+01	2022-05-17T19:24:58.140531	767	5.55000000e+02
1.58132408e+01	2022-05-17T19:24:58.156188	768	5.54000000e+02
1.58223784e+01	2022-05-17T19:24:58.171812	769	5.56000000e+02
1.58313640e+01	2022-05-17T19:24:58.171812	770	5.68000000e+02
1.58437255e+01	2022-05-17T19:24:58.187804	771	5.59000000e+02
1.58670542e+01	2022-05-17T19:24:58.209603	772	5.55000000e+02
1.58973498e+01	2022-05-17T19:24:58.240886	773	5.55000000e+02
1.59090227e+01	2022-05-17T19:24:58.257019	774	5.56000000e+02
1.59173862e+01	2022-05-17T19:24:58.272091	775	5.61000000e+02
1.59294812e+01	2022-05-17T19:24:58.272091	776	5.56000000e+02
1.59513812e+01	2022-05-17T19:24:58.303334	777	5.56000000e+02
1.59812669e+01	2022-05-17T19:24:58.325646	778	5.56000000e+02
1.59908248e+01	2022-05-17T19:24:58.341555	779	5.58000000e+02
1.59990694e+01	2022-05-17T19:24:58.341555	780	6.08000000e+02
1.60235049e+01	2022-05-17T19:24:58.372472	781	5.67000000e+02
1.60336605e+01	2022-05-17T19:24:58.388135	782	5.63000000e+02
1.60489389e+01	2022-05-17T19:24:58.403715	783	5.55000000e+02
1.60604453e+01	2022-05-17T19:24:58.409719	784	5.56000000e+02
1.60686545e+01	2022-05-17T19:24:58.409719	785	5.59000000e+02
1.60769709e+01	2022-05-17T19:24:58.425347	786	5.56000000e+02
1.60854051e+01	2022-05-17T19:24:58.425347	787	5.58000000e+02
1.61051341e+01	2022-05-17T19:24:58.456589	788	5.54000000e+02
1.61362473e+01	2022-05-17T19:24:58.488514	789	6.03000000e+02
1.61465762e+01	2022-05-17T19:24:58.488514	790	5.65000000e+02
1.61546921e+01	2022-05-17T19:24:58.509641	791	5.57000000e+02
1.61632555e+01	2022-05-17T19:24:58.509641	792	5.60000000e+02
1.61884749e+01	2022-05-17T19:24:58.540887	793	5.65000000e+02
1.62179442e+01	2022-05-17T19:24:58.572175	794	5.80000000e+02
1.62240853e+01	2022-05-17T19:24:58.572175	795	5.55000000e+02
1.62322595e+01	2022-05-17T19:24:58.572175	796	5.55000000e+02
1.62407002e+01	2022-05-17T19:24:58.587752	797	5.56000000e+02
1.62654420e+01	2022-05-17T19:24:58.609914	798	5.56000000e+02
1.62684292e+01	2022-05-17T19:24:58.609914	799	5.55000000e+02
1.62920798e+01	2022-05-17T19:24:58.641200	800	5.60000000e+02
1.63023382e+01	2022-05-17T19:24:58.656781	801	5.55000000e+02
1.63106486e+01	2022-05-17T19:24:58.656781	802	5.60000000e+02
1.63391605e+01	2022-05-17T19:24:58.688024	803	5.55000000e+02
1.63692537e+01	2022-05-17T19:24:58.710234	804	5.58000000e+02
1.63805127e+01	2022-05-17T19:24:58.726303	805	6.08000000e+02
1.64073426e+01	2022-05-17T19:24:58.757102	806	5.55000000e+02
1.64340669e+01	2022-05-17T19:24:58.788384	807	5.58000000e+02
1.64381008e+01	2022-05-17T19:24:58.788384	808	5.56000000e+02
1.64498431e+01	2022-05-17T19:24:58.803965	809	5.59000000e+02
1.64573160e+01	2022-05-17T19:24:58.810961	810	5.57000000e+02
1.64662835e+01	2022-05-17T19:24:58.810961	811	5.59000000e+02
1.64907541e+01	2022-05-17T19:24:58.842208	812	6.08000000e+02
1.65199454e+01	2022-05-17T19:24:58.873451	813	5.54000000e+02
1.65315911e+01	2022-05-17T19:24:58.873451	814	5.56000000e+02
1.65392914e+01	2022-05-17T19:24:58.889567	815	5.56000000e+02
1.65481691e+01	2022-05-17T19:24:58.889567	816	5.56000000e+02
1.65697487e+01	2022-05-17T19:24:58.911188	817	5.60000000e+02
1.65723174e+01	2022-05-17T19:24:58.926813	818	5.70000000e+02
1.66017972e+01	2022-05-17T19:24:58.942470	819	5.55000000e+02
1.66049903e+01	2022-05-17T19:24:58.958114	820	5.74000000e+02
1.66136788e+01	2022-05-17T19:24:58.958114	821	5.59000000e+02
1.66256476e+01	2022-05-17T19:24:58.973980	822	5.67000000e+02
1.66343853e+01	2022-05-17T19:24:58.989298	823	5.55000000e+02
1.66511546e+01	2022-05-17T19:24:59.004919	824	5.57000000e+02
1.66823669e+01	2022-05-17T19:24:59.027127	825	5.54000000e+02
1.66866996e+01	2022-05-17T19:24:59.027127	826	5.56000000e+02
1.66956278e+01	2022-05-17T19:24:59.042994	827	5.58000000e+02
1.67200379e+01	2022-05-17T19:24:59.073953	828	5.55000000e+02
1.67509172e+01	2022-05-17T19:24:59.105197	829	5.55000000e+02
1.67609631e+01	2022-05-17T19:24:59.112133	830	5.59000000e+02
1.67697236e+01	2022-05-17T19:24:59.112133	831	5.56000000e+02
1.67814643e+01	2022-05-17T19:24:59.127795	832	5.59000000e+02
1.68029479e+01	2022-05-17T19:24:59.143378	833	5.56000000e+02
1.68049019e+01	2022-05-17T19:24:59.158999	834	6.08000000e+02
1.68360556e+01	2022-05-17T19:24:59.190243	835	5.88000000e+02
1.68464924e+01	2022-05-17T19:24:59.190243	836	5.57000000e+02
1.68548938e+01	2022-05-17T19:24:59.206183	837	5.68000000e+02
1.68632429e+01	2022-05-17T19:24:59.212515	838	5.56000000e+02
1.68716619e+01	2022-05-17T19:24:59.212515	839	5.56000000e+02
1.68879872e+01	2022-05-17T19:24:59.228465	840	5.64000000e+02
1.69136479e+01	2022-05-17T19:24:59.259420	841	5.60000000e+02
1.69247594e+01	2022-05-17T19:24:59.275004	842	5.57000000e+02
1.69331827e+01	2022-05-17T19:24:59.275004	843	5.59000000e+02
1.69453028e+01	2022-05-17T19:24:59.290629	844	5.56000000e+02
1.69554741e+01	2022-05-17T19:24:59.307332	845	5.58000000e+02
1.69687414e+01	2022-05-17T19:24:59.312875	846	6.08000000e+02
1.69775276e+01	2022-05-17T19:24:59.328500	847	5.58000000e+02
1.70022925e+01	2022-05-17T19:24:59.344166	848	5.61000000e+02
1.70109318e+01	2022-05-17T19:24:59.360196	849	5.78000000e+02
1.70192689e+01	2022-05-17T19:24:59.360196	850	5.56000000e+02
1.70426099e+01	2022-05-17T19:24:59.390985	851	5.59000000e+02
1.70668503e+01	2022-05-17T19:24:59.413168	852	5.62000000e+02
1.70686406e+01	2022-05-17T19:24:59.413168	853	5.56000000e+02
1.70804267e+01	2022-05-17T19:24:59.429382	854	5.61000000e+02
1.70883479e+01	2022-05-17T19:24:59.429382	855	5.58000000e+02
1.71061692e+01	2022-05-17T19:24:59.460034	856	5.55000000e+02
1.71359427e+01	2022-05-17T19:24:59.475692	857	5.75000000e+02
1.71422400e+01	2022-05-17T19:24:59.492733	858	5.56000000e+02
1.71536843e+01	2022-05-17T19:24:59.508397	859	5.65000000e+02
1.71623887e+01	2022-05-17T19:24:59.513984	860	5.60000000e+02
1.71705566e+01	2022-05-17T19:24:59.513984	861	5.55000000e+02
1.71904134e+01	2022-05-17T19:24:59.545230	862	5.66000000e+02
1.72224937e+01	2022-05-17T19:24:59.576476	863	5.54000000e+02
1.72321412e+01	2022-05-17T19:24:59.576476	864	5.57000000e+02
1.72405765e+01	2022-05-17T19:24:59.592397	865	5.58000000e+02
1.72529009e+01	2022-05-17T19:24:59.607717	866	6.12000000e+02
1.72683546e+01	2022-05-17T19:24:59.614224	867	5.95000000e+02
1.72983805e+01	2022-05-17T19:24:59.645508	868	5.54000000e+02
1.73096277e+01	2022-05-17T19:24:59.661586	869	5.61000000e+02
1.73182092e+01	2022-05-17T19:24:59.661586	870	6.08000000e+02
1.73394204e+01	2022-05-17T19:24:59.692334	871	5.55000000e+02
1.73696935e+01	2022-05-17T19:24:59.714536	872	5.57000000e+02
1.73792929e+01	2022-05-17T19:24:59.730488	873	5.56000000e+02
1.73874659e+01	2022-05-17T19:24:59.730488	874	6.08000000e+02
1.74074099e+01	2022-05-17T19:24:59.761403	875	5.55000000e+02
1.74382860e+01	2022-05-17T19:24:59.792648	876	5.68000000e+02
1.74403273e+01	2022-05-17T19:24:59.792648	877	5.70000000e+02
1.74491537e+01	2022-05-17T19:24:59.792648	878	5.64000000e+02
1.74573123e+01	2022-05-17T19:24:59.808562	879	5.56000000e+02
1.74657929e+01	2022-05-17T19:24:59.814749	880	5.62000000e+02
1.74914834e+01	2022-05-17T19:24:59.845996	881	5.67000000e+02
1.74936756e+01	2022-05-17T19:24:59.845996	882	5.56000000e+02
1.75251720e+01	2022-05-17T19:24:59.877284	883	5.64000000e+02
1.75352711e+01	2022-05-17T19:24:59.877284	884	5.56000000e+02
1.75475605e+01	2022-05-17T19:24:59.893308	885	6.12000000e+02
1.75696383e+01	2022-05-17T19:24:59.914811	886	5.55000000e+02
1.76020873e+01	2022-05-17T19:24:59.946095	887	6.08000000e+02
1.76129023e+01	2022-05-17T19:24:59.962258	888	5.56000000e+02
1.76210257e+01	2022-05-17T19:24:59.962258	889	5.60000000e+02
1.76388219e+01	2022-05-17T19:24:59.992921	890	5.63000000e+02
1.76658256e+01	2022-05-17T19:25:00.015075	891	5.56000000e+02
1.76743988e+01	2022-05-17T19:25:00.015075	892	5.77000000e+02
1.76824782e+01	2022-05-17T19:25:00.030700	893	5.58000000e+02
1.76906099e+01	2022-05-17T19:25:00.030700	894	5.56000000e+02
1.77092577e+01	2022-05-17T19:25:00.061942	895	6.08000000e+02
1.77399587e+01	2022-05-17T19:25:00.093185	896	5.58000000e+02
1.77522685e+01	2022-05-17T19:25:00.093185	897	6.08000000e+02
1.77643527e+01	2022-05-17T19:25:00.115497	898	5.55000000e+02
1.77725183e+01	2022-05-17T19:25:00.115497	899	5.57000000e+02
1.77928013e+01	2022-05-17T19:25:00.146743	900	5.74000000e+02
1.78236818e+01	2022-05-17T19:25:00.177987	901	5.67000000e+02
1.78341923e+01	2022-05-17T19:25:00.177987	902	5.59000000e+02
1.78422576e+01	2022-05-17T19:25:00.194081	903	5.55000000e+02
1.78505940e+01	2022-05-17T19:25:00.194081	904	5.57000000e+02
1.78697491e+01	2022-05-17T19:25:00.215641	905	5.71000000e+02
1.78782594e+01	2022-05-17T19:25:00.231265	906	5.64000000e+02
1.79048971e+01	2022-05-17T19:25:00.246926	907	5.57000000e+02
1.79159402e+01	2022-05-17T19:25:00.262566	908	5.56000000e+02
1.79322195e+01	2022-05-17T19:25:00.278129	909	5.55000000e+02
1.79395999e+01	2022-05-17T19:25:00.293750	910	5.86000000e+02
1.79655935e+01	2022-05-17T19:25:00.315564	911	5.54000000e+02
1.79772258e+01	2022-05-17T19:25:00.331188	912	5.57000000e+02
1.79855493e+01	2022-05-17T19:25:00.331188	913	6.08000000e+02
1.80091884e+01	2022-05-17T19:25:00.362431	914	5.60000000e+02
1.80175819e+01	2022-05-17T19:25:00.362431	915	5.59000000e+02
1.80435067e+01	2022-05-17T19:25:00.393710	916	5.55000000e+02
1.80548046e+01	2022-05-17T19:25:00.409330	917	6.09000000e+02
1.80628378e+01	2022-05-17T19:25:00.416461	918	5.63000000e+02
1.80714523e+01	2022-05-17T19:25:00.416461	919	5.74000000e+02
1.80926873e+01	2022-05-17T19:25:00.447706	920	5.57000000e+02
1.81260474e+01	2022-05-17T19:25:00.478997	921	5.80000000e+02
1.81368220e+01	2022-05-17T19:25:00.478997	922	5.89000000e+02
1.81454272e+01	2022-05-17T19:25:00.496490	923	5.59000000e+02
1.81534355e+01	2022-05-17T19:25:00.496490	924	5.77000000e+02
1.81744654e+01	2022-05-17T19:25:00.516697	925	5.59000000e+02
1.82055267e+01	2022-05-17T19:25:00.547981	926	5.56000000e+02
1.82150058e+01	2022-05-17T19:25:00.564091	927	5.65000000e+02
1.82231521e+01	2022-05-17T19:25:00.564091	928	5.56000000e+02
1.82415225e+01	2022-05-17T19:25:00.594807	929	5.59000000e+02
1.82673096e+01	2022-05-17T19:25:00.617007	930	5.58000000e+02
1.82784480e+01	2022-05-17T19:25:00.632675	931	5.55000000e+02
1.82839787e+01	2022-05-17T19:25:00.632675	932	6.08000000e+02
1.82927567e+01	2022-05-17T19:25:00.632675	933	5.97000000e+02
1.83010553e+01	2022-05-17T19:25:00.648684	934	5.60000000e+02
1.83185435e+01	2022-05-17T19:25:00.663874	935	6.08000000e+02
1.83261552e+01	2022-05-17T19:25:00.679495	936	5.74000000e+02
1.83566556e+01	2022-05-17T19:25:00.710740	937	5.54000000e+02
1.83663318e+01	2022-05-17T19:25:00.717565	938	5.59000000e+02
1.83745389e+01	2022-05-17T19:25:00.717565	939	5.55000000e+02
1.83971847e+01	2022-05-17T19:25:00.748811	940	5.55000000e+02
1.84252973e+01	2022-05-17T19:25:00.780096	941	5.77000000e+02
1.84313714e+01	2022-05-17T19:25:00.780096	942	5.55000000e+02
1.84402798e+01	2022-05-17T19:25:00.780096	943	5.79000000e+02
1.84484503e+01	2022-05-17T19:25:00.795675	944	5.56000000e+02
1.84725081e+01	2022-05-17T19:25:00.817701	945	5.55000000e+02
1.84747017e+01	2022-05-17T19:25:00.817701	946	5.58000000e+02
1.85065084e+01	2022-05-17T19:25:00.848983	947	5.64000000e+02
1.85091834e+01	2022-05-17T19:25:00.848983	948	5.56000000e+02
1.85184950e+01	2022-05-17T19:25:00.864568	949	5.67000000e+02
1.85418157e+01	2022-05-17T19:25:00.895810	950	5.62000000e+02
1.85735734e+01	2022-05-17T19:25:00.918010	951	5.55000000e+02
1.85793048e+01	2022-05-17T19:25:00.933636	952	5.56000000e+02
1.85892034e+01	2022-05-17T19:25:00.933636	953	5.55000000e+02
1.86104196e+01	2022-05-17T19:25:00.964877	954	6.04000000e+02
1.86417853e+01	2022-05-17T19:25:00.996164	955	5.58000000e+02
1.86491416e+01	2022-05-17T19:25:00.996164	956	5.66000000e+02
1.86575532e+01	2022-05-17T19:25:01.011741	957	5.57000000e+02
1.86701681e+01	2022-05-17T19:25:01.018838	958	5.59000000e+02
1.86880887e+01	2022-05-17T19:25:01.034969	959	5.61000000e+02
1.86969160e+01	2022-05-17T19:25:01.050085	960	5.57000000e+02
1.87048588e+01	2022-05-17T19:25:01.050085	961	5.55000000e+02
1.87310008e+01	2022-05-17T19:25:01.081364	962	5.55000000e+02
1.87390332e+01	2022-05-17T19:25:01.081364	963	5.60000000e+02
1.87472490e+01	2022-05-17T19:25:01.096950	964	5.56000000e+02
1.87549463e+01	2022-05-17T19:25:01.096950	965	5.57000000e+02
1.87742275e+01	2022-05-17T19:25:01.118935	966	5.57000000e+02
1.88074183e+01	2022-05-17T19:25:01.150218	967	5.58000000e+02
1.88171236e+01	2022-05-17T19:25:01.166339	968	5.60000000e+02
1.88254311e+01	2022-05-17T19:25:01.166339	969	5.59000000e+02
1.88437819e+01	2022-05-17T19:25:01.197045	970	5.54000000e+02
1.88765186e+01	2022-05-17T19:25:01.219263	971	5.60000000e+02
1.88824003e+01	2022-05-17T19:25:01.235379	972	5.60000000e+02
1.88908384e+01	2022-05-17T19:25:01.235379	973	5.59000000e+02
1.89130537e+01	2022-05-17T19:25:01.266130	974	5.55000000e+02
1.89457265e+01	2022-05-17T19:25:01.297410	975	5.57000000e+02
1.89518863e+01	2022-05-17T19:25:01.297410	976	5.59000000e+02
1.89605555e+01	2022-05-17T19:25:01.314206	977	5.72000000e+02
1.89681602e+01	2022-05-17T19:25:01.319212	978	5.72000000e+02
1.89769574e+01	2022-05-17T19:25:01.319212	979	5.56000000e+02
1.89975144e+01	2022-05-17T19:25:01.350464	980	5.59000000e+02
1.90281955e+01	2022-05-17T19:25:01.381742	981	5.91000000e+02
1.90340602e+01	2022-05-17T19:25:01.381742	982	5.57000000e+02
1.90423850e+01	2022-05-17T19:25:01.397323	983	5.62000000e+02
1.90541994e+01	2022-05-17T19:25:01.397323	984	5.55000000e+02
1.90811091e+01	2022-05-17T19:25:01.435154	985	5.54000000e+02
1.91079388e+01	2022-05-17T19:25:01.450811	986	5.57000000e+02
1.91160423e+01	2022-05-17T19:25:01.466923	987	5.56000000e+02
1.91242746e+01	2022-05-17T19:25:01.466923	988	5.68000000e+02
1.91448709e+01	2022-05-17T19:25:01.497639	989	5.55000000e+02
1.92047422e+01	2022-05-17T19:25:01.550720	990	5.56000000e+02
1.92104249e+01	2022-05-17T19:25:01.550720	991	5.55000000e+02
1.92224585e+01	2022-05-17T19:25:01.566664	992	5.56000000e+02
1.92453871e+01	2022-05-17T19:25:01.597545	993	5.57000000e+02
1.92786931e+01	2022-05-17T19:25:01.619756	994	5.56000000e+02
1.92880234e+01	2022-05-17T19:25:01.635646	995	5.56000000e+02
1.93110861e+01	2022-05-17T19:25:01.651001	996	5.56000000e+02
1.93146201e+01	2022-05-17T19:25:01.666624	997	5.66000000e+02
1.93452676e+01	2022-05-17T19:25:01.697903	998	5.55000000e+02
1.93533853e+01	2022-05-17T19:25:01.697903	999	6.10000000e+02
1.93617052e+01	2022-05-17T19:25:01.714081	1000	5.57000000e+02