Time elapsed	Time stamp	Loop Index	GP2Y ADC
s			Cts

5.01308710e+00	2022-05-17T19:25:21.255747	1	5.44000000e+02
5.02204060e+00	2022-05-17T19:25:21.261873	2	5.45000000e+02
5.04305960e+00	2022-05-17T19:25:21.277500	3	5.45000000e+02
5.04539750e+00	2022-05-17T19:25:21.277500	4	5.47000000e+02
5.07080000e+00	2022-05-17T19:25:21.309352	5	5.44000000e+02
5.08508290e+00	2022-05-17T19:25:21.325053	6	5.46000000e+02
5.09544630e+00	2022-05-17T19:25:21.325053	7	5.63000000e+02
5.10382510e+00	2022-05-17T19:25:21.341027	8	5.46000000e+02
5.13090190e+00	2022-05-17T19:25:21.362264	9	5.48000000e+02
5.14767720e+00	2022-05-17T19:25:21.377932	10	5.47000000e+02
5.15611720e+00	2022-05-17T19:25:21.393554	11	5.51000000e+02
5.16548080e+00	2022-05-17T19:25:21.409170	12	5.47000000e+02
5.17768890e+00	2022-05-17T19:25:21.409170	13	5.47000000e+02
5.20738150e+00	2022-05-17T19:25:21.440399	14	5.43000000e+02
5.21909180e+00	2022-05-17T19:25:21.462577	15	5.45000000e+02
5.23097700e+00	2022-05-17T19:25:21.462577	16	6.00000000e+02
5.24283510e+00	2022-05-17T19:25:21.478716	17	5.54000000e+02
5.26904390e+00	2022-05-17T19:25:21.510305	18	5.45000000e+02
5.28847860e+00	2022-05-17T19:25:21.525914	19	5.46000000e+02
5.29201730e+00	2022-05-17T19:25:21.525914	20	5.46000000e+02
5.30023240e+00	2022-05-17T19:25:21.542099	21	5.44000000e+02
5.30841180e+00	2022-05-17T19:25:21.542099	22	5.49000000e+02
5.33644800e+00	2022-05-17T19:25:21.578410	23	5.54000000e+02
5.35591370e+00	2022-05-17T19:25:21.594029	24	6.00000000e+02
5.36632820e+00	2022-05-17T19:25:21.609610	25	5.45000000e+02
5.37804850e+00	2022-05-17T19:25:21.609610	26	5.45000000e+02
5.40142720e+00	2022-05-17T19:25:21.640887	27	5.47000000e+02
5.42042130e+00	2022-05-17T19:25:21.662987	28	5.44000000e+02
5.43125870e+00	2022-05-17T19:25:21.662987	29	5.51000000e+02
5.43943900e+00	2022-05-17T19:25:21.679113	30	5.47000000e+02
5.44779030e+00	2022-05-17T19:25:21.679113	31	5.53000000e+02
5.46865900e+00	2022-05-17T19:25:21.709883	32	5.61000000e+02
5.48646150e+00	2022-05-17T19:25:21.725519	33	5.50000000e+02
5.49318970e+00	2022-05-17T19:25:21.725519	34	5.45000000e+02
5.50503700e+00	2022-05-17T19:25:21.741622	35	5.47000000e+02
5.52064290e+00	2022-05-17T19:25:21.763302	36	5.47000000e+02
5.53177990e+00	2022-05-17T19:25:21.763302	37	5.44000000e+02
5.55123630e+00	2022-05-17T19:25:21.794558	38	5.44000000e+02
5.56237140e+00	2022-05-17T19:25:21.794558	39	5.46000000e+02
5.57075400e+00	2022-05-17T19:25:21.810701	40	5.52000000e+02
5.58293180e+00	2022-05-17T19:25:21.825791	41	5.45000000e+02
5.59542090e+00	2022-05-17T19:25:21.825791	42	5.46000000e+02
5.62661270e+00	2022-05-17T19:25:21.863594	43	5.43000000e+02
5.63348440e+00	2022-05-17T19:25:21.863594	44	5.46000000e+02
5.64430240e+00	2022-05-17T19:25:21.879685	45	5.45000000e+02
5.66725760e+00	2022-05-17T19:25:21.910487	46	5.92000000e+02
5.67435060e+00	2022-05-17T19:25:21.910487	47	5.47000000e+02
5.68789470e+00	2022-05-17T19:25:21.926119	48	5.49000000e+02
5.69806020e+00	2022-05-17T19:25:21.941729	49	5.45000000e+02
5.70972450e+00	2022-05-17T19:25:21.941729	50	5.44000000e+02
5.73233580e+00	2022-05-17T19:25:21.963889	51	5.44000000e+02
5.75024180e+00	2022-05-17T19:25:21.979547	52	5.45000000e+02
5.75482360e+00	2022-05-17T19:25:21.995173	53	5.47000000e+02
5.76327440e+00	2022-05-17T19:25:21.995173	54	5.45000000e+02
5.77457350e+00	2022-05-17T19:25:22.011280	55	5.45000000e+02
5.79797890e+00	2022-05-17T19:25:22.041999	56	5.58000000e+02
5.81770250e+00	2022-05-17T19:25:22.057661	57	5.47000000e+02
5.82862220e+00	2022-05-17T19:25:22.064611	58	5.46000000e+02
5.84672030e+00	2022-05-17T19:25:22.080273	59	5.46000000e+02
5.86061800e+00	2022-05-17T19:25:22.095883	60	5.72000000e+02
5.87365030e+00	2022-05-17T19:25:22.111518	61	5.49000000e+02
5.88196620e+00	2022-05-17T19:25:22.111518	62	5.54000000e+02
5.89120900e+00	2022-05-17T19:25:22.127500	63	5.45000000e+02
5.92274440e+00	2022-05-17T19:25:22.164903	64	5.46000000e+02
5.93522840e+00	2022-05-17T19:25:22.164903	65	5.45000000e+02
5.94334690e+00	2022-05-17T19:25:22.180965	66	5.57000000e+02
5.95166430e+00	2022-05-17T19:25:22.180965	67	5.45000000e+02
5.97649320e+00	2022-05-17T19:25:22.211803	68	5.44000000e+02
5.98850420e+00	2022-05-17T19:25:22.227427	69	5.48000000e+02
6.00054980e+00	2022-05-17T19:25:22.243452	70	5.46000000e+02
6.00878210e+00	2022-05-17T19:25:22.243452	71	5.45000000e+02
6.03273840e+00	2022-05-17T19:25:22.265269	72	5.44000000e+02
6.04750040e+00	2022-05-17T19:25:22.280899	73	5.44000000e+02
6.06260030e+00	2022-05-17T19:25:22.296598	74	5.48000000e+02
6.07370850e+00	2022-05-17T19:25:22.313688	75	5.49000000e+02
6.08263670e+00	2022-05-17T19:25:22.313688	76	5.45000000e+02
6.10324440e+00	2022-05-17T19:25:22.344959	77	5.86000000e+02
6.12244760e+00	2022-05-17T19:25:22.365585	78	5.44000000e+02
6.13178130e+00	2022-05-17T19:25:22.365585	79	5.51000000e+02
6.13976080e+00	2022-05-17T19:25:22.381222	80	5.46000000e+02
6.14827610e+00	2022-05-17T19:25:22.381222	81	5.51000000e+02
6.17245040e+00	2022-05-17T19:25:22.412480	82	5.62000000e+02
6.19143600e+00	2022-05-17T19:25:22.428077	83	5.45000000e+02
6.20139470e+00	2022-05-17T19:25:22.444169	84	5.45000000e+02
6.21354850e+00	2022-05-17T19:25:22.444169	85	5.57000000e+02
6.23128850e+00	2022-05-17T19:25:22.465806	86	5.47000000e+02
6.24906630e+00	2022-05-17T19:25:22.481464	87	5.45000000e+02
6.25561970e+00	2022-05-17T19:25:22.498000	88	5.65000000e+02
6.26680190e+00	2022-05-17T19:25:22.498000	89	5.45000000e+02
6.29310430e+00	2022-05-17T19:25:22.529272	90	5.54000000e+02
6.30673890e+00	2022-05-17T19:25:22.544905	91	5.45000000e+02
6.31615500e+00	2022-05-17T19:25:22.544905	92	5.44000000e+02
6.32826160e+00	2022-05-17T19:25:22.566291	93	5.45000000e+02
6.33681780e+00	2022-05-17T19:25:22.566291	94	5.47000000e+02
6.35421830e+00	2022-05-17T19:25:22.597540	95	5.43000000e+02
6.37061000e+00	2022-05-17T19:25:22.613201	96	5.77000000e+02
6.37747880e+00	2022-05-17T19:25:22.613201	97	5.60000000e+02
6.38586830e+00	2022-05-17T19:25:22.628781	98	5.45000000e+02
6.39788330e+00	2022-05-17T19:25:22.628781	99	5.44000000e+02
6.41869830e+00	2022-05-17T19:25:22.660048	100	5.96000000e+02
6.43786610e+00	2022-05-17T19:25:22.666598	101	5.52000000e+02
6.43962410e+00	2022-05-17T19:25:22.682226	102	5.45000000e+02
6.45111830e+00	2022-05-17T19:25:22.682226	103	5.45000000e+02
6.45939820e+00	2022-05-17T19:25:22.697843	104	5.68000000e+02
6.46772510e+00	2022-05-17T19:25:22.697843	105	5.46000000e+02
6.48776910e+00	2022-05-17T19:25:22.729124	106	5.70000000e+02
6.50564700e+00	2022-05-17T19:25:22.744746	107	5.97000000e+02
6.51202280e+00	2022-05-17T19:25:22.744746	108	5.45000000e+02
6.52165460e+00	2022-05-17T19:25:22.760882	109	5.45000000e+02
6.53307510e+00	2022-05-17T19:25:22.767191	110	5.46000000e+02
6.55709520e+00	2022-05-17T19:25:22.798466	111	5.43000000e+02
6.57576460e+00	2022-05-17T19:25:22.814064	112	5.48000000e+02
6.58654200e+00	2022-05-17T19:25:22.829723	113	5.48000000e+02
6.59850310e+00	2022-05-17T19:25:22.829723	114	5.45000000e+02
6.61971750e+00	2022-05-17T19:25:22.860952	115	5.90000000e+02
6.63881490e+00	2022-05-17T19:25:22.867487	116	5.44000000e+02
6.64402520e+00	2022-05-17T19:25:22.883138	117	5.48000000e+02
6.65572860e+00	2022-05-17T19:25:22.898769	118	5.50000000e+02
6.66426290e+00	2022-05-17T19:25:22.898769	119	5.56000000e+02
6.68891450e+00	2022-05-17T19:25:22.930005	120	5.46000000e+02
6.70313230e+00	2022-05-17T19:25:22.945632	121	5.45000000e+02
6.71052190e+00	2022-05-17T19:25:22.945632	122	5.45000000e+02
6.72150230e+00	2022-05-17T19:25:22.961624	123	5.44000000e+02
6.72976480e+00	2022-05-17T19:25:22.968094	124	5.59000000e+02
6.73854070e+00	2022-05-17T19:25:22.968094	125	5.67000000e+02
6.75732170e+00	2022-05-17T19:25:22.999367	126	5.45000000e+02
6.77609730e+00	2022-05-17T19:25:23.014999	127	5.49000000e+02
6.78326710e+00	2022-05-17T19:25:23.014999	128	5.44000000e+02
6.79517650e+00	2022-05-17T19:25:23.030915	129	5.50000000e+02
6.82197780e+00	2022-05-17T19:25:23.061851	130	5.45000000e+02
6.84029110e+00	2022-05-17T19:25:23.084011	131	5.45000000e+02
6.84365890e+00	2022-05-17T19:25:23.084011	132	5.48000000e+02
6.85269070e+00	2022-05-17T19:25:23.084011	133	5.52000000e+02
6.86479170e+00	2022-05-17T19:25:23.099948	134	5.45000000e+02
6.88766510e+00	2022-05-17T19:25:23.130899	135	5.94000000e+02
6.90815710e+00	2022-05-17T19:25:23.146535	136	5.60000000e+02
6.91823760e+00	2022-05-17T19:25:23.162153	137	5.48000000e+02
6.93027600e+00	2022-05-17T19:25:23.169102	138	5.45000000e+02
6.93861160e+00	2022-05-17T19:25:23.169102	139	5.61000000e+02
6.95904330e+00	2022-05-17T19:25:23.200375	140	5.45000000e+02
6.97930880e+00	2022-05-17T19:25:23.216008	141	5.51000000e+02
6.98364030e+00	2022-05-17T19:25:23.216008	142	5.45000000e+02
6.99198690e+00	2022-05-17T19:25:23.231884	143	5.94000000e+02
7.01514240e+00	2022-05-17T19:25:23.247214	144	5.91000000e+02
7.02321600e+00	2022-05-17T19:25:23.262865	145	5.43000000e+02
7.04190510e+00	2022-05-17T19:25:23.285074	146	5.46000000e+02
7.04940420e+00	2022-05-17T19:25:23.285074	147	5.47000000e+02
7.06137000e+00	2022-05-17T19:25:23.301089	148	5.44000000e+02
7.07003110e+00	2022-05-17T19:25:23.301089	149	5.82000000e+02
7.09111380e+00	2022-05-17T19:25:23.332874	150	5.65000000e+02
7.11116980e+00	2022-05-17T19:25:23.348516	151	5.44000000e+02
7.11449140e+00	2022-05-17T19:25:23.348516	152	5.47000000e+02
7.12281870e+00	2022-05-17T19:25:23.364154	153	5.67000000e+02
7.13115850e+00	2022-05-17T19:25:23.370174	154	5.46000000e+02
7.15749740e+00	2022-05-17T19:25:23.401445	155	5.65000000e+02
7.16308900e+00	2022-05-17T19:25:23.401445	156	5.44000000e+02
7.18211360e+00	2022-05-17T19:25:23.417085	157	5.44000000e+02
7.18790330e+00	2022-05-17T19:25:23.417085	158	5.46000000e+02
7.19673250e+00	2022-05-17T19:25:23.433028	159	5.44000000e+02
7.21705440e+00	2022-05-17T19:25:23.448283	160	5.44000000e+02
7.22640180e+00	2022-05-17T19:25:23.470506	161	5.99000000e+02
7.24163420e+00	2022-05-17T19:25:23.470506	162	5.45000000e+02
7.24993720e+00	2022-05-17T19:25:23.488167	163	5.49000000e+02
7.25805470e+00	2022-05-17T19:25:23.488167	164	5.44000000e+02
7.26628730e+00	2022-05-17T19:25:23.504248	165	5.61000000e+02
7.27413180e+00	2022-05-17T19:25:23.504248	166	5.57000000e+02
7.29358030e+00	2022-05-17T19:25:23.535059	167	5.44000000e+02
7.31285090e+00	2022-05-17T19:25:23.550699	168	5.50000000e+02
7.31957640e+00	2022-05-17T19:25:23.550699	169	5.45000000e+02
7.32782860e+00	2022-05-17T19:25:23.570679	170	5.52000000e+02
7.33986250e+00	2022-05-17T19:25:23.570679	171	5.46000000e+02
7.35978700e+00	2022-05-17T19:25:23.601951	172	5.43000000e+02
7.38153280e+00	2022-05-17T19:25:23.617583	173	5.50000000e+02
7.39310220e+00	2022-05-17T19:25:23.633168	174	5.59000000e+02
7.40160560e+00	2022-05-17T19:25:23.633168	175	5.44000000e+02
7.42256830e+00	2022-05-17T19:25:23.664436	176	5.45000000e+02
7.43795800e+00	2022-05-17T19:25:23.670981	177	5.46000000e+02
7.44608510e+00	2022-05-17T19:25:23.686652	178	5.47000000e+02
7.45474350e+00	2022-05-17T19:25:23.686652	179	5.54000000e+02
7.46285180e+00	2022-05-17T19:25:23.702750	180	5.45000000e+02
7.47497610e+00	2022-05-17T19:25:23.717865	181	5.67000000e+02
7.48373710e+00	2022-05-17T19:25:23.717865	182	5.68000000e+02
7.51347900e+00	2022-05-17T19:25:23.749116	183	5.45000000e+02
7.52901500e+00	2022-05-17T19:25:23.771257	184	5.44000000e+02
7.54125230e+00	2022-05-17T19:25:23.771257	185	5.47000000e+02
7.55292640e+00	2022-05-17T19:25:23.787335	186	5.93000000e+02
7.57800230e+00	2022-05-17T19:25:23.818170	187	5.44000000e+02
7.59771330e+00	2022-05-17T19:25:23.833789	188	5.60000000e+02
7.60223190e+00	2022-05-17T19:25:23.833789	189	5.46000000e+02
7.61438950e+00	2022-05-17T19:25:23.849737	190	5.47000000e+02
7.62450980e+00	2022-05-17T19:25:23.864990	191	5.45000000e+02
7.64085250e+00	2022-05-17T19:25:23.871533	192	5.46000000e+02
7.65936280e+00	2022-05-17T19:25:23.902816	193	5.72000000e+02
7.66749970e+00	2022-05-17T19:25:23.902816	194	5.48000000e+02
7.67633480e+00	2022-05-17T19:25:23.918626	195	5.46000000e+02
7.68820640e+00	2022-05-17T19:25:23.918626	196	5.45000000e+02
7.70870810e+00	2022-05-17T19:25:23.949669	197	5.98000000e+02
7.72898280e+00	2022-05-17T19:25:23.971845	198	5.44000000e+02
7.73349140e+00	2022-05-17T19:25:23.971845	199	5.87000000e+02
7.74517000e+00	2022-05-17T19:25:23.987989	200	5.81000000e+02
7.75443420e+00	2022-05-17T19:25:23.987989	201	5.52000000e+02
7.77912250e+00	2022-05-17T19:25:24.018741	202	5.45000000e+02
7.78704380e+00	2022-05-17T19:25:24.018741	203	5.93000000e+02
7.80282120e+00	2022-05-17T19:25:24.034337	204	5.46000000e+02
7.81097660e+00	2022-05-17T19:25:24.050417	205	5.48000000e+02
7.81939000e+00	2022-05-17T19:25:24.050417	206	5.93000000e+02
7.84046340e+00	2022-05-17T19:25:24.072118	207	5.43000000e+02
7.86377300e+00	2022-05-17T19:25:24.103399	208	5.48000000e+02
7.87232450e+00	2022-05-17T19:25:24.103399	209	5.49000000e+02
7.88065810e+00	2022-05-17T19:25:24.119486	210	5.45000000e+02
7.88874520e+00	2022-05-17T19:25:24.119486	211	5.45000000e+02
7.90701740e+00	2022-05-17T19:25:24.150254	212	5.43000000e+02
7.92969100e+00	2022-05-17T19:25:24.172401	213	5.59000000e+02
7.93788500e+00	2022-05-17T19:25:24.172401	214	5.48000000e+02
7.94648280e+00	2022-05-17T19:25:24.188505	215	5.51000000e+02
7.95826330e+00	2022-05-17T19:25:24.188505	216	5.45000000e+02
7.97632470e+00	2022-05-17T19:25:24.219313	217	5.85000000e+02
7.99713950e+00	2022-05-17T19:25:24.234937	218	5.44000000e+02
8.00759030e+00	2022-05-17T19:25:24.250519	219	5.46000000e+02
8.01589330e+00	2022-05-17T19:25:24.250519	220	5.47000000e+02
8.03810100e+00	2022-05-17T19:25:24.272327	221	5.44000000e+02
8.05438430e+00	2022-05-17T19:25:24.287959	222	5.87000000e+02
8.06487070e+00	2022-05-17T19:25:24.304231	223	5.44000000e+02
8.07305430e+00	2022-05-17T19:25:24.304231	224	5.45000000e+02
8.08126810e+00	2022-05-17T19:25:24.320348	225	5.46000000e+02
8.08926670e+00	2022-05-17T19:25:24.320348	226	5.45000000e+02
8.10772940e+00	2022-05-17T19:25:24.351133	227	5.46000000e+02
8.12852720e+00	2022-05-17T19:25:24.372304	228	5.46000000e+02
8.13437350e+00	2022-05-17T19:25:24.372304	229	5.47000000e+02
8.14280040e+00	2022-05-17T19:25:24.372304	230	5.47000000e+02
8.15097380e+00	2022-05-17T19:25:24.388328	231	5.45000000e+02
8.15911230e+00	2022-05-17T19:25:24.388328	232	5.55000000e+02
8.17518810e+00	2022-05-17T19:25:24.419198	233	5.51000000e+02
8.19817160e+00	2022-05-17T19:25:24.434833	234	5.50000000e+02
8.20792950e+00	2022-05-17T19:25:24.450702	235	5.52000000e+02
8.21667420e+00	2022-05-17T19:25:24.450702	236	5.55000000e+02
8.23840910e+00	2022-05-17T19:25:24.472555	237	5.45000000e+02
8.26190550e+00	2022-05-17T19:25:24.505075	238	5.44000000e+02
8.27323100e+00	2022-05-17T19:25:24.505075	239	5.44000000e+02
8.28208440e+00	2022-05-17T19:25:24.521254	240	5.53000000e+02
8.30656410e+00	2022-05-17T19:25:24.536887	241	5.44000000e+02
8.31744540e+00	2022-05-17T19:25:24.551938	242	5.48000000e+02
8.33445820e+00	2022-05-17T19:25:24.572594	243	5.46000000e+02
8.33904160e+00	2022-05-17T19:25:24.572594	244	5.46000000e+02
8.34743690e+00	2022-05-17T19:25:24.588809	245	5.46000000e+02
8.35681350e+00	2022-05-17T19:25:24.588809	246	5.47000000e+02
8.37696000e+00	2022-05-17T19:25:24.619487	247	5.59000000e+02
8.39257260e+00	2022-05-17T19:25:24.635121	248	5.47000000e+02
8.40018730e+00	2022-05-17T19:25:24.635121	249	5.50000000e+02
8.40869950e+00	2022-05-17T19:25:24.651222	250	5.62000000e+02
8.41729280e+00	2022-05-17T19:25:24.651222	251	5.47000000e+02
8.43507360e+00	2022-05-17T19:25:24.672763	252	5.44000000e+02
8.46013540e+00	2022-05-17T19:25:24.704050	253	5.58000000e+02
8.46623310e+00	2022-05-17T19:25:24.704050	254	5.45000000e+02
8.47448960e+00	2022-05-17T19:25:24.704050	255	5.46000000e+02
8.48279400e+00	2022-05-17T19:25:24.720025	256	5.91000000e+02
8.50687260e+00	2022-05-17T19:25:24.750874	257	5.44000000e+02
8.52381330e+00	2022-05-17T19:25:24.766533	258	5.47000000e+02
8.53547590e+00	2022-05-17T19:25:24.773078	259	5.46000000e+02
8.54412650e+00	2022-05-17T19:25:24.773078	260	5.45000000e+02
8.55253700e+00	2022-05-17T19:25:24.789129	261	5.49000000e+02
8.57816680e+00	2022-05-17T19:25:24.819980	262	5.43000000e+02
8.60079330e+00	2022-05-17T19:25:24.835608	263	5.45000000e+02
8.60525700e+00	2022-05-17T19:25:24.835608	264	5.47000000e+02
8.61382010e+00	2022-05-17T19:25:24.851679	265	5.50000000e+02
8.63920630e+00	2022-05-17T19:25:24.873253	266	5.46000000e+02
8.65540420e+00	2022-05-17T19:25:24.888878	267	5.90000000e+02
8.66692600e+00	2022-05-17T19:25:24.904538	268	5.45000000e+02
8.67519640e+00	2022-05-17T19:25:24.904538	269	5.56000000e+02
8.68352490e+00	2022-05-17T19:25:24.920479	270	5.45000000e+02
8.70840230e+00	2022-05-17T19:25:24.951402	271	5.49000000e+02
8.73130300e+00	2022-05-17T19:25:24.973575	272	5.44000000e+02
8.73668510e+00	2022-05-17T19:25:24.973575	273	5.44000000e+02
8.74495190e+00	2022-05-17T19:25:24.973575	274	5.45000000e+02
8.75685460e+00	2022-05-17T19:25:24.989261	275	5.47000000e+02
8.77973080e+00	2022-05-17T19:25:25.020507	276	5.44000000e+02
8.80007180e+00	2022-05-17T19:25:25.036103	277	5.49000000e+02
8.80991460e+00	2022-05-17T19:25:25.052205	278	5.52000000e+02
8.81865480e+00	2022-05-17T19:25:25.052205	279	5.44000000e+02
8.84014490e+00	2022-05-17T19:25:25.073849	280	5.47000000e+02
8.86179320e+00	2022-05-17T19:25:25.105137	281	5.44000000e+02
8.86694680e+00	2022-05-17T19:25:25.105137	282	5.45000000e+02
8.87581160e+00	2022-05-17T19:25:25.105137	283	5.45000000e+02
8.88464410e+00	2022-05-17T19:25:25.121080	284	5.47000000e+02
8.90805000e+00	2022-05-17T19:25:25.151998	285	5.46000000e+02
8.93019200e+00	2022-05-17T19:25:25.174187	286	5.44000000e+02
8.94139570e+00	2022-05-17T19:25:25.174187	287	5.96000000e+02
8.94953940e+00	2022-05-17T19:25:25.190402	288	5.49000000e+02
8.95731830e+00	2022-05-17T19:25:25.190402	289	5.48000000e+02
8.97948290e+00	2022-05-17T19:25:25.221091	290	5.90000000e+02
8.99762190e+00	2022-05-17T19:25:25.236716	291	5.53000000e+02
9.00703860e+00	2022-05-17T19:25:25.236716	292	5.47000000e+02
9.01928140e+00	2022-05-17T19:25:25.252710	293	5.45000000e+02
9.04182960e+00	2022-05-17T19:25:25.274493	294	5.60000000e+02
9.06519200e+00	2022-05-17T19:25:25.305891	295	5.95000000e+02
9.07658880e+00	2022-05-17T19:25:25.305891	296	5.47000000e+02
9.08478180e+00	2022-05-17T19:25:25.321515	297	5.92000000e+02
9.09320350e+00	2022-05-17T19:25:25.337136	298	5.44000000e+02
9.11022170e+00	2022-05-17T19:25:25.352782	299	5.62000000e+02
9.12842310e+00	2022-05-17T19:25:25.368419	300	5.96000000e+02
9.13597270e+00	2022-05-17T19:25:25.374458	301	5.47000000e+02
9.14650330e+00	2022-05-17T19:25:25.390083	302	5.50000000e+02
9.15841160e+00	2022-05-17T19:25:25.390083	303	5.47000000e+02
9.17990190e+00	2022-05-17T19:25:25.421351	304	5.48000000e+02
9.20469310e+00	2022-05-17T19:25:25.436985	305	5.44000000e+02
9.21170530e+00	2022-05-17T19:25:25.452992	306	5.68000000e+02
9.22070050e+00	2022-05-17T19:25:25.452992	307	5.61000000e+02
9.24274140e+00	2022-05-17T19:25:25.474598	308	5.44000000e+02
9.26707240e+00	2022-05-17T19:25:25.507091	309	5.88000000e+02
9.27742060e+00	2022-05-17T19:25:25.507091	310	5.46000000e+02
9.28918740e+00	2022-05-17T19:25:25.523080	311	5.48000000e+02
9.32789150e+00	2022-05-17T19:25:25.569569	312	5.52000000e+02
9.33522170e+00	2022-05-17T19:25:25.574612	313	5.45000000e+02
9.34681040e+00	2022-05-17T19:25:25.590264	314	5.45000000e+02
9.35502910e+00	2022-05-17T19:25:25.590264	315	5.46000000e+02
9.37992120e+00	2022-05-17T19:25:25.621538	316	5.45000000e+02
9.40269000e+00	2022-05-17T19:25:25.637140	317	5.45000000e+02
9.40834180e+00	2022-05-17T19:25:25.637140	318	5.46000000e+02
9.41670460e+00	2022-05-17T19:25:25.652723	319	5.60000000e+02
9.44206100e+00	2022-05-17T19:25:25.674832	320	5.44000000e+02
9.46224030e+00	2022-05-17T19:25:25.706118	321	5.45000000e+02
9.46917260e+00	2022-05-17T19:25:25.706118	322	5.92000000e+02
9.47828100e+00	2022-05-17T19:25:25.721726	323	5.44000000e+02
9.49037930e+00	2022-05-17T19:25:25.721726	324	5.45000000e+02
9.51057300e+00	2022-05-17T19:25:25.752988	325	5.45000000e+02
9.53439410e+00	2022-05-17T19:25:25.775146	326	5.43000000e+02
9.54361950e+00	2022-05-17T19:25:25.775146	327	5.51000000e+02
9.55683750e+00	2022-05-17T19:25:25.791297	328	5.46000000e+02
9.58102170e+00	2022-05-17T19:25:25.822054	329	5.44000000e+02
9.59012810e+00	2022-05-17T19:25:25.822054	330	5.45000000e+02
9.60133590e+00	2022-05-17T19:25:25.837679	331	5.48000000e+02
9.61327300e+00	2022-05-17T19:25:25.853633	332	5.45000000e+02
9.63214850e+00	2022-05-17T19:25:25.875451	333	5.49000000e+02
9.64359130e+00	2022-05-17T19:25:25.875451	334	5.51000000e+02
9.66328230e+00	2022-05-17T19:25:25.906734	335	5.65000000e+02
9.67450750e+00	2022-05-17T19:25:25.906734	336	5.45000000e+02
9.68299980e+00	2022-05-17T19:25:25.922855	337	5.61000000e+02
9.69498920e+00	2022-05-17T19:25:25.937940	338	5.48000000e+02
9.70383160e+00	2022-05-17T19:25:25.937940	339	5.51000000e+02
9.72840150e+00	2022-05-17T19:25:25.969208	340	5.60000000e+02
9.74808220e+00	2022-05-17T19:25:25.991414	341	5.43000000e+02
9.75632250e+00	2022-05-17T19:25:25.991414	342	5.45000000e+02
9.76547360e+00	2022-05-17T19:25:26.007587	343	5.45000000e+02
9.77693000e+00	2022-05-17T19:25:26.007587	344	5.48000000e+02
9.79883290e+00	2022-05-17T19:25:26.038266	345	5.47000000e+02
9.82225550e+00	2022-05-17T19:25:26.053898	346	5.45000000e+02
9.82641280e+00	2022-05-17T19:25:26.069510	347	5.54000000e+02
9.83809700e+00	2022-05-17T19:25:26.076594	348	5.64000000e+02
9.84673860e+00	2022-05-17T19:25:26.076594	349	5.91000000e+02
9.86723200e+00	2022-05-17T19:25:26.107866	350	5.43000000e+02
9.88541030e+00	2022-05-17T19:25:26.123500	351	5.45000000e+02
9.89507070e+00	2022-05-17T19:25:26.139100	352	5.47000000e+02
9.90386580e+00	2022-05-17T19:25:26.139100	353	5.46000000e+02
9.93027000e+00	2022-05-17T19:25:26.170351	354	5.56000000e+02
9.95388190e+00	2022-05-17T19:25:26.192554	355	5.44000000e+02
9.96565510e+00	2022-05-17T19:25:26.208167	356	5.47000000e+02
9.97761230e+00	2022-05-17T19:25:26.208167	357	5.62000000e+02
1.00052982e+01	2022-05-17T19:25:26.239405	358	5.45000000e+02
1.00230171e+01	2022-05-17T19:25:26.255040	359	5.47000000e+02
1.00266905e+01	2022-05-17T19:25:26.270622	360	5.45000000e+02
1.00350105e+01	2022-05-17T19:25:26.277756	361	5.47000000e+02
1.00436346e+01	2022-05-17T19:25:26.277756	362	5.45000000e+02
1.00677039e+01	2022-05-17T19:25:26.309028	363	5.66000000e+02
1.00695442e+01	2022-05-17T19:25:26.309028	364	5.47000000e+02
1.00880709e+01	2022-05-17T19:25:26.325268	365	5.48000000e+02
1.00956905e+01	2022-05-17T19:25:26.325268	366	5.53000000e+02
1.01044550e+01	2022-05-17T19:25:26.341269	367	5.45000000e+02
1.01281629e+01	2022-05-17T19:25:26.372163	368	5.48000000e+02
1.01317853e+01	2022-05-17T19:25:26.372163	369	5.44000000e+02
1.01552836e+01	2022-05-17T19:25:26.393389	370	5.47000000e+02
1.01620619e+01	2022-05-17T19:25:26.393389	371	5.57000000e+02
1.01741555e+01	2022-05-17T19:25:26.409462	372	5.47000000e+02
1.01989365e+01	2022-05-17T19:25:26.440219	373	5.46000000e+02
1.02185739e+01	2022-05-17T19:25:26.455853	374	5.43000000e+02
1.02271891e+01	2022-05-17T19:25:26.455853	375	5.47000000e+02
1.02360301e+01	2022-05-17T19:25:26.478526	376	5.93000000e+02
1.02478987e+01	2022-05-17T19:25:26.478526	377	5.57000000e+02
1.02863631e+01	2022-05-17T19:25:26.527006	378	5.52000000e+02
1.02974058e+01	2022-05-17T19:25:26.527006	379	5.45000000e+02
1.03093894e+01	2022-05-17T19:25:26.543009	380	5.58000000e+02
1.03328202e+01	2022-05-17T19:25:26.573856	381	5.61000000e+02
1.03414336e+01	2022-05-17T19:25:26.578893	382	5.45000000e+02
1.03538330e+01	2022-05-17T19:25:26.594554	383	5.49000000e+02
1.03619908e+01	2022-05-17T19:25:26.594554	384	5.63000000e+02
1.03704460e+01	2022-05-17T19:25:26.610723	385	5.45000000e+02
1.03792267e+01	2022-05-17T19:25:26.610723	386	5.44000000e+02
1.04017474e+01	2022-05-17T19:25:26.641408	387	5.57000000e+02
1.04257573e+01	2022-05-17T19:25:26.657042	388	5.44000000e+02
1.04323209e+01	2022-05-17T19:25:26.673087	389	5.56000000e+02
1.04444264e+01	2022-05-17T19:25:26.679385	390	5.45000000e+02
1.04696832e+01	2022-05-17T19:25:26.710658	391	5.46000000e+02
1.04943943e+01	2022-05-17T19:25:26.726296	392	5.44000000e+02
1.04969692e+01	2022-05-17T19:25:26.726296	393	5.44000000e+02
1.05053808e+01	2022-05-17T19:25:26.742274	394	5.68000000e+02
1.05310913e+01	2022-05-17T19:25:26.773141	395	5.44000000e+02
1.05521212e+01	2022-05-17T19:25:26.795346	396	5.47000000e+02
1.05588437e+01	2022-05-17T19:25:26.795346	397	5.47000000e+02
1.05677493e+01	2022-05-17T19:25:26.810930	398	5.70000000e+02
1.05797071e+01	2022-05-17T19:25:26.810930	399	5.56000000e+02
1.06025072e+01	2022-05-17T19:25:26.842196	400	5.94000000e+02
1.06268740e+01	2022-05-17T19:25:26.857831	401	5.45000000e+02
1.06369698e+01	2022-05-17T19:25:26.879954	402	5.45000000e+02
1.06453903e+01	2022-05-17T19:25:26.879954	403	5.45000000e+02
1.06700859e+01	2022-05-17T19:25:26.911226	404	5.44000000e+02
1.06952542e+01	2022-05-17T19:25:26.926870	405	5.43000000e+02
1.06976998e+01	2022-05-17T19:25:26.926870	406	5.56000000e+02
1.07068161e+01	2022-05-17T19:25:26.942800	407	5.46000000e+02
1.07321075e+01	2022-05-17T19:25:26.973710	408	5.44000000e+02
1.07523130e+01	2022-05-17T19:25:26.995923	409	5.94000000e+02
1.07590372e+01	2022-05-17T19:25:26.995923	410	5.48000000e+02
1.07640197e+01	2022-05-17T19:25:26.995923	411	5.44000000e+02
1.07715704e+01	2022-05-17T19:25:27.012026	412	5.47000000e+02
1.07806261e+01	2022-05-17T19:25:27.012026	413	5.57000000e+02
1.08014375e+01	2022-05-17T19:25:27.042774	414	5.46000000e+02
1.08255902e+01	2022-05-17T19:25:27.058399	415	5.48000000e+02
1.08374960e+01	2022-05-17T19:25:27.080514	416	5.47000000e+02
1.08461151e+01	2022-05-17T19:25:27.080514	417	5.45000000e+02
1.08688846e+01	2022-05-17T19:25:27.111761	418	5.47000000e+02
1.08927303e+01	2022-05-17T19:25:27.127417	419	5.44000000e+02
1.08988087e+01	2022-05-17T19:25:27.127417	420	5.50000000e+02
1.09071082e+01	2022-05-17T19:25:27.143037	421	5.45000000e+02
1.09245391e+01	2022-05-17T19:25:27.158625	422	5.74000000e+02
1.09316717e+01	2022-05-17T19:25:27.174275	423	5.61000000e+02
1.09555907e+01	2022-05-17T19:25:27.196489	424	5.45000000e+02
1.09647217e+01	2022-05-17T19:25:27.196489	425	5.45000000e+02
1.09726497e+01	2022-05-17T19:25:27.212583	426	5.93000000e+02
1.09815396e+01	2022-05-17T19:25:27.212583	427	5.56000000e+02
1.10014384e+01	2022-05-17T19:25:27.243352	428	5.44000000e+02
1.10244823e+01	2022-05-17T19:25:27.258975	429	5.53000000e+02
1.10342668e+01	2022-05-17T19:25:27.274953	430	5.52000000e+02
1.10426123e+01	2022-05-17T19:25:27.280957	431	5.45000000e+02
1.10760454e+01	2022-05-17T19:25:27.312796	432	5.45000000e+02
1.10950454e+01	2022-05-17T19:25:27.328458	433	5.45000000e+02
1.11035798e+01	2022-05-17T19:25:27.344615	434	5.53000000e+02
1.11121558e+01	2022-05-17T19:25:27.344615	435	5.89000000e+02
1.11202568e+01	2022-05-17T19:25:27.360115	436	5.45000000e+02
1.11359991e+01	2022-05-17T19:25:27.375309	437	5.45000000e+02
1.11560841e+01	2022-05-17T19:25:27.396507	438	5.44000000e+02
1.11651380e+01	2022-05-17T19:25:27.396507	439	5.52000000e+02
1.11734575e+01	2022-05-17T19:25:27.412457	440	5.46000000e+02
1.11819048e+01	2022-05-17T19:25:27.412457	441	5.46000000e+02
1.11993164e+01	2022-05-17T19:25:27.443356	442	5.45000000e+02
1.12083030e+01	2022-05-17T19:25:27.443356	443	5.67000000e+02
1.12272536e+01	2022-05-17T19:25:27.458989	444	6.00000000e+02
1.12402410e+01	2022-05-17T19:25:27.481174	445	5.54000000e+02
1.12513876e+01	2022-05-17T19:25:27.481174	446	5.46000000e+02
1.12691682e+01	2022-05-17T19:25:27.498004	447	5.57000000e+02
1.12934801e+01	2022-05-17T19:25:27.529288	448	5.45000000e+02
1.13005076e+01	2022-05-17T19:25:27.529288	449	6.00000000e+02
1.13089339e+01	2022-05-17T19:25:27.544871	450	5.45000000e+02
1.13321766e+01	2022-05-17T19:25:27.576180	451	5.53000000e+02
1.13411200e+01	2022-05-17T19:25:27.581220	452	5.45000000e+02
1.13607576e+01	2022-05-17T19:25:27.596880	453	5.44000000e+02
1.13696798e+01	2022-05-17T19:25:27.612476	454	5.48000000e+02
1.13785043e+01	2022-05-17T19:25:27.612476	455	6.01000000e+02
1.14072101e+01	2022-05-17T19:25:27.643747	456	5.46000000e+02
1.14088759e+01	2022-05-17T19:25:27.643747	457	5.54000000e+02
1.14223741e+01	2022-05-17T19:25:27.659366	458	5.94000000e+02
1.14315661e+01	2022-05-17T19:25:27.674977	459	5.45000000e+02
1.14391787e+01	2022-05-17T19:25:27.681834	460	5.57000000e+02
1.14485247e+01	2022-05-17T19:25:27.681834	461	5.45000000e+02
1.14878197e+01	2022-05-17T19:25:27.728701	462	5.95000000e+02
1.14953228e+01	2022-05-17T19:25:27.728701	463	5.43000000e+02
1.15046756e+01	2022-05-17T19:25:27.744322	464	5.50000000e+02
1.15136818e+01	2022-05-17T19:25:27.744322	465	5.47000000e+02
1.15390158e+01	2022-05-17T19:25:27.782138	466	5.62000000e+02
1.15593327e+01	2022-05-17T19:25:27.797798	467	5.43000000e+02
1.15715738e+01	2022-05-17T19:25:27.813416	468	5.45000000e+02
1.15831776e+01	2022-05-17T19:25:27.813416	469	5.45000000e+02
1.16000290e+01	2022-05-17T19:25:27.829005	470	5.58000000e+02
1.16257430e+01	2022-05-17T19:25:27.860284	471	5.92000000e+02
1.16274381e+01	2022-05-17T19:25:27.860284	472	5.46000000e+02
1.16362793e+01	2022-05-17T19:25:27.876423	473	5.60000000e+02
1.16446937e+01	2022-05-17T19:25:27.882903	474	5.45000000e+02
1.16633264e+01	2022-05-17T19:25:27.898920	475	5.45000000e+02
1.16727841e+01	2022-05-17T19:25:27.914175	476	5.50000000e+02
1.16975219e+01	2022-05-17T19:25:27.929808	477	5.90000000e+02
1.17060318e+01	2022-05-17T19:25:27.945628	478	5.44000000e+02
1.17143596e+01	2022-05-17T19:25:27.945628	479	5.54000000e+02
1.17373710e+01	2022-05-17T19:25:27.976666	480	5.46000000e+02
1.17608822e+01	2022-05-17T19:25:27.998878	481	5.48000000e+02
1.17675094e+01	2022-05-17T19:25:27.998878	482	5.45000000e+02
1.17756489e+01	2022-05-17T19:25:28.014855	483	6.01000000e+02
1.17843904e+01	2022-05-17T19:25:28.014855	484	5.45000000e+02
1.18018888e+01	2022-05-17T19:25:28.045757	485	5.46000000e+02
1.18174576e+01	2022-05-17T19:25:28.061353	486	5.58000000e+02
1.18373210e+01	2022-05-17T19:25:28.076985	487	5.48000000e+02
1.18494413e+01	2022-05-17T19:25:28.083937	488	5.46000000e+02
1.18574330e+01	2022-05-17T19:25:28.100070	489	5.45000000e+02
1.18659851e+01	2022-05-17T19:25:28.100070	490	5.47000000e+02
1.18873361e+01	2022-05-17T19:25:28.130875	491	5.64000000e+02
1.19131258e+01	2022-05-17T19:25:28.146462	492	5.43000000e+02
1.19190689e+01	2022-05-17T19:25:28.162048	493	5.61000000e+02
1.19312477e+01	2022-05-17T19:25:28.162048	494	5.45000000e+02
1.19536108e+01	2022-05-17T19:25:28.184188	495	5.96000000e+02
1.19798628e+01	2022-05-17T19:25:28.215474	496	5.44000000e+02
1.19844756e+01	2022-05-17T19:25:28.215474	497	5.60000000e+02
1.19928161e+01	2022-05-17T19:25:28.231467	498	5.45000000e+02
1.20189409e+01	2022-05-17T19:25:28.262324	499	5.56000000e+02
1.20220534e+01	2022-05-17T19:25:28.262324	500	5.92000000e+02
1.20469484e+01	2022-05-17T19:25:28.284501	501	5.61000000e+02
1.20586628e+01	2022-05-17T19:25:28.300641	502	5.45000000e+02
1.20703806e+01	2022-05-17T19:25:28.300641	503	5.46000000e+02
1.20892089e+01	2022-05-17T19:25:28.332000	504	5.96000000e+02
1.21150182e+01	2022-05-17T19:25:28.347619	505	5.44000000e+02
1.21193951e+01	2022-05-17T19:25:28.363233	506	5.50000000e+02
1.21280797e+01	2022-05-17T19:25:28.363233	507	5.52000000e+02
1.21520429e+01	2022-05-17T19:25:28.384865	508	5.45000000e+02
1.21789871e+01	2022-05-17T19:25:28.416153	509	5.44000000e+02
1.21851674e+01	2022-05-17T19:25:28.416153	510	5.45000000e+02
1.21935017e+01	2022-05-17T19:25:28.432185	511	5.50000000e+02
1.22195129e+01	2022-05-17T19:25:28.462997	512	5.98000000e+02
1.22460578e+01	2022-05-17T19:25:28.485178	513	5.43000000e+02
1.22501390e+01	2022-05-17T19:25:28.485178	514	5.44000000e+02
1.22587788e+01	2022-05-17T19:25:28.501970	515	5.55000000e+02
1.22672477e+01	2022-05-17T19:25:28.501970	516	5.46000000e+02
1.22903969e+01	2022-05-17T19:25:28.533243	517	5.43000000e+02
1.22979298e+01	2022-05-17T19:25:28.533243	518	5.57000000e+02
1.23188041e+01	2022-05-17T19:25:28.548877	519	5.47000000e+02
1.23247805e+01	2022-05-17T19:25:28.564459	520	5.44000000e+02
1.23362058e+01	2022-05-17T19:25:28.580097	521	5.49000000e+02
1.23525723e+01	2022-05-17T19:25:28.585145	522	5.53000000e+02
1.23737787e+01	2022-05-17T19:25:28.616429	523	5.48000000e+02
1.23759991e+01	2022-05-17T19:25:28.616429	524	5.48000000e+02
1.23855175e+01	2022-05-17T19:25:28.616429	525	5.62000000e+02
1.23942291e+01	2022-05-17T19:25:28.632511	526	6.00000000e+02
1.24192886e+01	2022-05-17T19:25:28.663280	527	5.97000000e+02
1.24408458e+01	2022-05-17T19:25:28.678914	528	5.45000000e+02
1.24487686e+01	2022-05-17T19:25:28.685450	529	5.44000000e+02
1.24594428e+01	2022-05-17T19:25:28.701594	530	5.92000000e+02
1.24681976e+01	2022-05-17T19:25:28.701594	531	5.85000000e+02
1.24898955e+01	2022-05-17T19:25:28.732342	532	5.62000000e+02
1.25158249e+01	2022-05-17T19:25:28.747975	533	5.45000000e+02
1.25205997e+01	2022-05-17T19:25:28.763584	534	5.45000000e+02
1.25294493e+01	2022-05-17T19:25:28.763584	535	5.46000000e+02
1.25522268e+01	2022-05-17T19:25:28.785724	536	5.45000000e+02
1.25737517e+01	2022-05-17T19:25:28.816984	537	5.48000000e+02
1.25818055e+01	2022-05-17T19:25:28.816984	538	5.51000000e+02
1.25906298e+01	2022-05-17T19:25:28.833155	539	5.48000000e+02
1.25993217e+01	2022-05-17T19:25:28.833155	540	5.46000000e+02
1.26216371e+01	2022-05-17T19:25:28.863863	541	5.44000000e+02
1.26482115e+01	2022-05-17T19:25:28.886054	542	5.47000000e+02
1.26598447e+01	2022-05-17T19:25:28.902190	543	5.50000000e+02
1.26692438e+01	2022-05-17T19:25:28.902190	544	5.45000000e+02
1.26890624e+01	2022-05-17T19:25:28.932946	545	5.45000000e+02
1.26969844e+01	2022-05-17T19:25:28.932946	546	5.47000000e+02
1.27187248e+01	2022-05-17T19:25:28.948587	547	5.44000000e+02
1.27378544e+01	2022-05-17T19:25:28.979784	548	5.43000000e+02
1.27790469e+01	2022-05-17T19:25:29.017612	549	5.48000000e+02
1.27869644e+01	2022-05-17T19:25:29.017612	550	5.45000000e+02
1.27953461e+01	2022-05-17T19:25:29.033515	551	5.45000000e+02
1.28038210e+01	2022-05-17T19:25:29.033515	552	5.47000000e+02
1.28223144e+01	2022-05-17T19:25:29.064473	553	5.46000000e+02
1.28495566e+01	2022-05-17T19:25:29.086634	554	5.44000000e+02
1.28607788e+01	2022-05-17T19:25:29.102684	555	5.51000000e+02
1.28695804e+01	2022-05-17T19:25:29.102684	556	5.61000000e+02
1.28907359e+01	2022-05-17T19:25:29.133564	557	5.44000000e+02
1.29176807e+01	2022-05-17T19:25:29.149158	558	5.45000000e+02
1.29266531e+01	2022-05-17T19:25:29.165209	559	5.45000000e+02
1.29542541e+01	2022-05-17T19:25:29.186692	560	5.44000000e+02
1.29798484e+01	2022-05-17T19:25:29.217978	561	5.45000000e+02
1.29840792e+01	2022-05-17T19:25:29.217978	562	5.45000000e+02
1.29961200e+01	2022-05-17T19:25:29.234115	563	6.01000000e+02
1.30040557e+01	2022-05-17T19:25:29.234115	564	5.62000000e+02
1.30428775e+01	2022-05-17T19:25:29.286964	565	5.43000000e+02
1.30506449e+01	2022-05-17T19:25:29.286964	566	5.44000000e+02
1.30614500e+01	2022-05-17T19:25:29.304017	567	5.45000000e+02
1.30695517e+01	2022-05-17T19:25:29.304017	568	5.44000000e+02
1.30869776e+01	2022-05-17T19:25:29.320242	569	5.48000000e+02
1.30930330e+01	2022-05-17T19:25:29.335289	570	5.52000000e+02
1.31154655e+01	2022-05-17T19:25:29.350924	571	5.49000000e+02
1.31271929e+01	2022-05-17T19:25:29.366506	572	5.50000000e+02
1.31357618e+01	2022-05-17T19:25:29.366506	573	5.93000000e+02
1.31560614e+01	2022-05-17T19:25:29.387165	574	5.46000000e+02
1.31778222e+01	2022-05-17T19:25:29.418447	575	5.49000000e+02
1.31931301e+01	2022-05-17T19:25:29.434071	576	5.47000000e+02
1.32049723e+01	2022-05-17T19:25:29.434071	577	5.96000000e+02
1.32131938e+01	2022-05-17T19:25:29.450029	578	5.48000000e+02
1.32371593e+01	2022-05-17T19:25:29.480921	579	5.45000000e+02
1.32391628e+01	2022-05-17T19:25:29.480921	580	5.44000000e+02
1.32617959e+01	2022-05-17T19:25:29.503648	581	5.44000000e+02
1.32698135e+01	2022-05-17T19:25:29.503648	582	5.46000000e+02
1.32788077e+01	2022-05-17T19:25:29.519246	583	5.45000000e+02
1.32868105e+01	2022-05-17T19:25:29.519246	584	5.47000000e+02
1.33093131e+01	2022-05-17T19:25:29.549914	585	5.45000000e+02
1.33174409e+01	2022-05-17T19:25:29.549914	586	5.45000000e+02
1.33396600e+01	2022-05-17T19:25:29.581197	587	5.43000000e+02
1.33484996e+01	2022-05-17T19:25:29.588249	588	5.60000000e+02
1.33612374e+01	2022-05-17T19:25:29.603908	589	5.56000000e+02
1.33729002e+01	2022-05-17T19:25:29.603908	590	5.58000000e+02
1.33943349e+01	2022-05-17T19:25:29.635142	591	5.45000000e+02
1.34205825e+01	2022-05-17T19:25:29.650776	592	5.43000000e+02
1.34262175e+01	2022-05-17T19:25:29.666736	593	5.45000000e+02
1.34347186e+01	2022-05-17T19:25:29.666736	594	5.47000000e+02
1.34556922e+01	2022-05-17T19:25:29.688539	595	5.62000000e+02
1.34838190e+01	2022-05-17T19:25:29.719813	596	5.46000000e+02
1.34958603e+01	2022-05-17T19:25:29.735777	597	5.44000000e+02
1.35038516e+01	2022-05-17T19:25:29.735777	598	5.48000000e+02
1.35265708e+01	2022-05-17T19:25:29.766675	599	5.46000000e+02
1.35532637e+01	2022-05-17T19:25:29.788850	600	5.45000000e+02
1.35570903e+01	2022-05-17T19:25:29.788850	601	5.47000000e+02
1.35655680e+01	2022-05-17T19:25:29.805001	602	5.46000000e+02
1.35739677e+01	2022-05-17T19:25:29.805001	603	5.44000000e+02
1.35949641e+01	2022-05-17T19:25:29.835742	604	5.44000000e+02
1.36226873e+01	2022-05-17T19:25:29.851376	605	5.43000000e+02
1.36268971e+01	2022-05-17T19:25:29.866973	606	5.47000000e+02
1.36354037e+01	2022-05-17T19:25:29.866973	607	5.57000000e+02
1.36467950e+01	2022-05-17T19:25:29.889617	608	5.46000000e+02
1.36555714e+01	2022-05-17T19:25:29.889617	609	5.44000000e+02
1.36735416e+01	2022-05-17T19:25:29.905833	610	5.46000000e+02
1.37002635e+01	2022-05-17T19:25:29.936523	611	5.64000000e+02
1.37081549e+01	2022-05-17T19:25:29.952106	612	5.45000000e+02
1.37173797e+01	2022-05-17T19:25:29.952106	613	5.52000000e+02
1.37414982e+01	2022-05-17T19:25:29.983379	614	5.47000000e+02
1.37692290e+01	2022-05-17T19:25:30.005579	615	5.90000000e+02
1.37743652e+01	2022-05-17T19:25:30.005579	616	5.45000000e+02
1.37826109e+01	2022-05-17T19:25:30.021679	617	5.63000000e+02
1.37908080e+01	2022-05-17T19:25:30.021679	618	5.46000000e+02
1.38193421e+01	2022-05-17T19:25:30.052431	619	5.43000000e+02
1.38275369e+01	2022-05-17T19:25:30.068058	620	6.01000000e+02
1.38488646e+01	2022-05-17T19:25:30.090236	621	5.44000000e+02
1.38523621e+01	2022-05-17T19:25:30.090236	622	5.45000000e+02
1.38641581e+01	2022-05-17T19:25:30.106361	623	5.44000000e+02
1.38725803e+01	2022-05-17T19:25:30.106361	624	5.50000000e+02
1.38954318e+01	2022-05-17T19:25:30.137133	625	5.43000000e+02
1.39230801e+01	2022-05-17T19:25:30.152766	626	5.56000000e+02
1.39344612e+01	2022-05-17T19:25:30.168779	627	5.45000000e+02
1.39576334e+01	2022-05-17T19:25:30.190569	628	5.45000000e+02
1.39794632e+01	2022-05-17T19:25:30.221851	629	5.45000000e+02
1.39868983e+01	2022-05-17T19:25:30.221851	630	5.61000000e+02
1.39914162e+01	2022-05-17T19:25:30.221851	631	5.63000000e+02
1.39996610e+01	2022-05-17T19:25:30.237915	632	5.47000000e+02
1.40079759e+01	2022-05-17T19:25:30.237915	633	5.46000000e+02
1.40344251e+01	2022-05-17T19:25:30.268716	634	5.45000000e+02
1.40567923e+01	2022-05-17T19:25:30.290879	635	5.61000000e+02
1.40645584e+01	2022-05-17T19:25:30.307648	636	5.67000000e+02
1.40732409e+01	2022-05-17T19:25:30.307648	637	5.87000000e+02
1.40974026e+01	2022-05-17T19:25:30.338919	638	5.44000000e+02
1.41254319e+01	2022-05-17T19:25:30.354552	639	5.43000000e+02
1.41348226e+01	2022-05-17T19:25:30.370505	640	5.58000000e+02
1.41505599e+01	2022-05-17T19:25:30.390898	641	5.45000000e+02
1.41618655e+01	2022-05-17T19:25:30.390898	642	5.45000000e+02
1.41843021e+01	2022-05-17T19:25:30.422180	643	5.50000000e+02
1.41923620e+01	2022-05-17T19:25:30.422180	644	5.57000000e+02
1.42037567e+01	2022-05-17T19:25:30.438118	645	5.45000000e+02
1.42363055e+01	2022-05-17T19:25:30.469040	646	5.54000000e+02
1.42605794e+01	2022-05-17T19:25:30.491205	647	5.45000000e+02
1.42657322e+01	2022-05-17T19:25:30.507772	648	5.53000000e+02
1.42741794e+01	2022-05-17T19:25:30.507772	649	5.83000000e+02
1.43005152e+01	2022-05-17T19:25:30.539044	650	5.98000000e+02
1.43269730e+01	2022-05-17T19:25:30.570282	651	5.43000000e+02
1.43316963e+01	2022-05-17T19:25:30.570282	652	5.47000000e+02
1.43435656e+01	2022-05-17T19:25:30.586410	653	5.67000000e+02
1.43524380e+01	2022-05-17T19:25:30.591950	654	5.44000000e+02
1.43791814e+01	2022-05-17T19:25:30.623222	655	5.47000000e+02
1.43810549e+01	2022-05-17T19:25:30.623222	656	5.92000000e+02
1.44038171e+01	2022-05-17T19:25:30.638843	657	5.47000000e+02
1.44132802e+01	2022-05-17T19:25:30.654441	658	5.46000000e+02
1.44212537e+01	2022-05-17T19:25:30.654441	659	5.45000000e+02
1.44296670e+01	2022-05-17T19:25:30.670630	660	5.50000000e+02
1.44372014e+01	2022-05-17T19:25:30.670630	661	5.44000000e+02
1.44592533e+01	2022-05-17T19:25:30.692293	662	5.55000000e+02
1.44826773e+01	2022-05-17T19:25:30.723578	663	5.92000000e+02
1.44907803e+01	2022-05-17T19:25:30.723578	664	5.98000000e+02
1.44987918e+01	2022-05-17T19:25:30.739492	665	5.56000000e+02
1.45076029e+01	2022-05-17T19:25:30.739492	666	5.56000000e+02
1.45291986e+01	2022-05-17T19:25:30.770428	667	5.43000000e+02
1.45581502e+01	2022-05-17T19:25:30.792603	668	5.44000000e+02
1.45600210e+01	2022-05-17T19:25:30.792603	669	5.94000000e+02
1.45684290e+01	2022-05-17T19:25:30.808767	670	5.48000000e+02
1.45773853e+01	2022-05-17T19:25:30.808767	671	5.45000000e+02
1.45980116e+01	2022-05-17T19:25:30.839496	672	5.44000000e+02
1.46266641e+01	2022-05-17T19:25:30.870718	673	5.51000000e+02
1.46300907e+01	2022-05-17T19:25:30.870718	674	5.44000000e+02
1.46384116e+01	2022-05-17T19:25:30.870718	675	5.52000000e+02
1.46466564e+01	2022-05-17T19:25:30.886652	676	5.46000000e+02
1.46543710e+01	2022-05-17T19:25:30.892998	677	5.46000000e+02
1.46632771e+01	2022-05-17T19:25:30.892998	678	5.45000000e+02
1.46830767e+01	2022-05-17T19:25:30.924270	679	5.67000000e+02
1.47107096e+01	2022-05-17T19:25:30.939901	680	5.44000000e+02
1.47201530e+01	2022-05-17T19:25:30.955877	681	5.89000000e+02
1.47456049e+01	2022-05-17T19:25:30.986755	682	5.55000000e+02
1.47477598e+01	2022-05-17T19:25:30.986755	683	5.44000000e+02
1.47785028e+01	2022-05-17T19:25:31.008957	684	5.84000000e+02
1.47901026e+01	2022-05-17T19:25:31.025027	685	5.45000000e+02
1.48148534e+01	2022-05-17T19:25:31.055806	686	5.45000000e+02
1.48432006e+01	2022-05-17T19:25:31.087033	687	5.44000000e+02
1.48467491e+01	2022-05-17T19:25:31.087033	688	5.45000000e+02
1.48552462e+01	2022-05-17T19:25:31.093838	689	5.45000000e+02
1.48640711e+01	2022-05-17T19:25:31.093838	690	5.45000000e+02
1.48760269e+01	2022-05-17T19:25:31.109902	691	5.45000000e+02
1.48997517e+01	2022-05-17T19:25:31.140732	692	5.45000000e+02
1.49290169e+01	2022-05-17T19:25:31.171966	693	5.49000000e+02
1.49369138e+01	2022-05-17T19:25:31.171966	694	5.48000000e+02
1.49454684e+01	2022-05-17T19:25:31.188219	695	5.45000000e+02
1.49536748e+01	2022-05-17T19:25:31.194331	696	5.48000000e+02
1.49621725e+01	2022-05-17T19:25:31.194331	697	5.65000000e+02
1.49850006e+01	2022-05-17T19:25:31.225602	698	5.44000000e+02
1.50132160e+01	2022-05-17T19:25:31.256860	699	5.92000000e+02
1.50196028e+01	2022-05-17T19:25:31.256860	700	5.45000000e+02
1.50310485e+01	2022-05-17T19:25:31.272914	701	5.46000000e+02
1.50400208e+01	2022-05-17T19:25:31.272914	702	5.47000000e+02
1.50636979e+01	2022-05-17T19:25:31.294651	703	5.43000000e+02
1.50937953e+01	2022-05-17T19:25:31.325934	704	5.97000000e+02
1.51054104e+01	2022-05-17T19:25:31.342065	705	5.47000000e+02
1.51137509e+01	2022-05-17T19:25:31.357167	706	5.47000000e+02
1.51259967e+01	2022-05-17T19:25:31.357167	707	5.87000000e+02
1.51481447e+01	2022-05-17T19:25:31.388408	708	5.47000000e+02
1.51766250e+01	2022-05-17T19:25:31.410569	709	5.44000000e+02
1.51867734e+01	2022-05-17T19:25:31.426189	710	5.52000000e+02
1.51957661e+01	2022-05-17T19:25:31.426189	711	5.46000000e+02
1.52161146e+01	2022-05-17T19:25:31.457462	712	5.43000000e+02
1.52403530e+01	2022-05-17T19:25:31.473097	713	5.54000000e+02
1.52491044e+01	2022-05-17T19:25:31.489827	714	5.51000000e+02
1.52608410e+01	2022-05-17T19:25:31.494877	715	5.54000000e+02
1.52689252e+01	2022-05-17T19:25:31.510899	716	5.45000000e+02
1.52775746e+01	2022-05-17T19:25:31.510899	717	5.48000000e+02
1.53016268e+01	2022-05-17T19:25:31.541771	718	5.44000000e+02
1.53306038e+01	2022-05-17T19:25:31.572997	719	5.44000000e+02
1.53389319e+01	2022-05-17T19:25:31.572997	720	5.51000000e+02
1.53466078e+01	2022-05-17T19:25:31.589208	721	5.59000000e+02
1.53553460e+01	2022-05-17T19:25:31.595506	722	5.68000000e+02
1.53640408e+01	2022-05-17T19:25:31.595506	723	5.67000000e+02
1.54067973e+01	2022-05-17T19:25:31.642417	724	5.89000000e+02
1.54146486e+01	2022-05-17T19:25:31.658006	725	5.43000000e+02
1.54249929e+01	2022-05-17T19:25:31.658006	726	5.47000000e+02
1.54332359e+01	2022-05-17T19:25:31.674184	727	5.46000000e+02
1.54414897e+01	2022-05-17T19:25:31.674184	728	5.48000000e+02
1.54643594e+01	2022-05-17T19:25:31.695804	729	5.50000000e+02
1.54932462e+01	2022-05-17T19:25:31.727050	730	5.44000000e+02
1.55048343e+01	2022-05-17T19:25:31.743125	731	5.50000000e+02
1.55299473e+01	2022-05-17T19:25:31.773939	732	5.92000000e+02
1.55386305e+01	2022-05-17T19:25:31.773939	733	5.92000000e+02
1.55621114e+01	2022-05-17T19:25:31.796116	734	5.60000000e+02
1.55723669e+01	2022-05-17T19:25:31.812027	735	5.46000000e+02
1.55807885e+01	2022-05-17T19:25:31.812027	736	5.60000000e+02
1.56013439e+01	2022-05-17T19:25:31.843013	737	5.49000000e+02
1.56259079e+01	2022-05-17T19:25:31.858644	738	5.46000000e+02
1.56378707e+01	2022-05-17T19:25:31.874267	739	5.45000000e+02
1.56463541e+01	2022-05-17T19:25:31.889881	740	5.44000000e+02
1.56583564e+01	2022-05-17T19:25:31.896667	741	5.45000000e+02
1.56670553e+01	2022-05-17T19:25:31.896667	742	5.46000000e+02
1.56860647e+01	2022-05-17T19:25:31.927940	743	5.43000000e+02
1.57098061e+01	2022-05-17T19:25:31.943540	744	5.47000000e+02
1.57193779e+01	2022-05-17T19:25:31.959193	745	5.52000000e+02
1.57280473e+01	2022-05-17T19:25:31.959193	746	5.61000000e+02
1.57363094e+01	2022-05-17T19:25:31.975283	747	5.45000000e+02
1.57558125e+01	2022-05-17T19:25:31.996956	748	5.45000000e+02
1.57681729e+01	2022-05-17T19:25:31.996956	749	5.46000000e+02
1.57966141e+01	2022-05-17T19:25:32.028246	750	5.52000000e+02
1.58015873e+01	2022-05-17T19:25:32.043856	751	5.45000000e+02
1.58101644e+01	2022-05-17T19:25:32.043856	752	5.53000000e+02
1.58303906e+01	2022-05-17T19:25:32.060022	753	5.44000000e+02
1.58376330e+01	2022-05-17T19:25:32.075103	754	5.46000000e+02
1.58468095e+01	2022-05-17T19:25:32.090719	755	5.99000000e+02
1.58710446e+01	2022-05-17T19:25:32.112929	756	5.80000000e+02
1.58797297e+01	2022-05-17T19:25:32.112929	757	5.45000000e+02
1.58918717e+01	2022-05-17T19:25:32.128798	758	5.94000000e+02
1.59008976e+01	2022-05-17T19:25:32.144141	759	5.94000000e+02
1.59195260e+01	2022-05-17T19:25:32.159771	760	5.44000000e+02
1.59429997e+01	2022-05-17T19:25:32.175407	761	5.45000000e+02
1.59531815e+01	2022-05-17T19:25:32.191027	762	5.45000000e+02
1.59616921e+01	2022-05-17T19:25:32.197548	763	5.44000000e+02
1.59740532e+01	2022-05-17T19:25:32.213593	764	5.53000000e+02
1.60005097e+01	2022-05-17T19:25:32.244441	765	5.43000000e+02
1.60059675e+01	2022-05-17T19:25:32.244441	766	5.75000000e+02
1.60289712e+01	2022-05-17T19:25:32.260078	767	5.44000000e+02
1.60391681e+01	2022-05-17T19:25:32.275701	768	5.42000000e+02
1.60479438e+01	2022-05-17T19:25:32.291316	769	5.96000000e+02
1.60598374e+01	2022-05-17T19:25:32.298317	770	5.50000000e+02
1.60875008e+01	2022-05-17T19:25:32.330737	771	5.45000000e+02
1.61130459e+01	2022-05-17T19:25:32.346340	772	5.43000000e+02
1.61222818e+01	2022-05-17T19:25:32.361985	773	5.47000000e+02
1.61298494e+01	2022-05-17T19:25:32.361985	774	5.47000000e+02
1.61416670e+01	2022-05-17T19:25:32.377557	775	5.96000000e+02
1.61562920e+01	2022-05-17T19:25:32.398260	776	5.45000000e+02
1.61676780e+01	2022-05-17T19:25:32.398260	777	5.45000000e+02
1.61993954e+01	2022-05-17T19:25:32.429542	778	5.44000000e+02
1.62023078e+01	2022-05-17T19:25:32.445127	779	5.57000000e+02
1.62115000e+01	2022-05-17T19:25:32.445127	780	5.46000000e+02
1.62365380e+01	2022-05-17T19:25:32.476395	781	5.48000000e+02
1.62608420e+01	2022-05-17T19:25:32.498225	782	5.50000000e+02
1.62757786e+01	2022-05-17T19:25:32.513876	783	5.46000000e+02
1.62846935e+01	2022-05-17T19:25:32.513876	784	5.46000000e+02
1.62932925e+01	2022-05-17T19:25:32.529470	785	5.47000000e+02
1.63218095e+01	2022-05-17T19:25:32.560740	786	5.48000000e+02
1.63510709e+01	2022-05-17T19:25:32.591993	787	5.43000000e+02
1.63587975e+01	2022-05-17T19:25:32.598932	788	5.47000000e+02
1.63672758e+01	2022-05-17T19:25:32.598932	789	5.54000000e+02
1.63792367e+01	2022-05-17T19:25:32.615085	790	5.45000000e+02
1.63915583e+01	2022-05-17T19:25:32.630183	791	5.65000000e+02
1.64000105e+01	2022-05-17T19:25:32.630183	792	5.45000000e+02
1.64216360e+01	2022-05-17T19:25:32.661450	793	5.45000000e+02
1.64516417e+01	2022-05-17T19:25:32.692707	794	5.65000000e+02
1.64612257e+01	2022-05-17T19:25:32.699681	795	5.46000000e+02
1.64691400e+01	2022-05-17T19:25:32.699681	796	5.46000000e+02
1.64910285e+01	2022-05-17T19:25:32.730953	797	5.55000000e+02
1.65159518e+01	2022-05-17T19:25:32.746586	798	5.45000000e+02
1.65266647e+01	2022-05-17T19:25:32.762211	799	5.45000000e+02
1.65346026e+01	2022-05-17T19:25:32.777819	800	5.45000000e+02
1.65436055e+01	2022-05-17T19:25:32.777819	801	5.44000000e+02
1.65691372e+01	2022-05-17T19:25:32.799732	802	5.45000000e+02
1.66002208e+01	2022-05-17T19:25:32.831018	803	5.90000000e+02
1.66045376e+01	2022-05-17T19:25:32.847047	804	5.49000000e+02
1.66128616e+01	2022-05-17T19:25:32.847047	805	5.94000000e+02
1.66442626e+01	2022-05-17T19:25:32.877883	806	5.51000000e+02
1.66680176e+01	2022-05-17T19:25:32.900005	807	5.45000000e+02
1.66784217e+01	2022-05-17T19:25:32.916141	808	5.53000000e+02
1.67066095e+01	2022-05-17T19:25:32.946897	809	5.46000000e+02
1.67344863e+01	2022-05-17T19:25:32.978148	810	5.48000000e+02
1.67437281e+01	2022-05-17T19:25:32.978148	811	5.64000000e+02
1.67517536e+01	2022-05-17T19:25:32.993736	812	5.50000000e+02
1.67602035e+01	2022-05-17T19:25:33.000816	813	5.94000000e+02
1.67682977e+01	2022-05-17T19:25:33.000816	814	5.59000000e+02
1.67924238e+01	2022-05-17T19:25:33.032088	815	5.45000000e+02
1.68003741e+01	2022-05-17T19:25:33.032088	816	5.51000000e+02
1.68254598e+01	2022-05-17T19:25:33.063348	817	5.89000000e+02
1.68345510e+01	2022-05-17T19:25:33.063348	818	5.47000000e+02
1.68459359e+01	2022-05-17T19:25:33.078935	819	5.46000000e+02
1.68690694e+01	2022-05-17T19:25:33.101099	820	5.96000000e+02
1.68941688e+01	2022-05-17T19:25:33.132386	821	5.43000000e+02
1.69028635e+01	2022-05-17T19:25:33.132386	822	5.51000000e+02
1.69118678e+01	2022-05-17T19:25:33.148388	823	5.46000000e+02
1.69412813e+01	2022-05-17T19:25:33.179244	824	5.49000000e+02
1.69657478e+01	2022-05-17T19:25:33.201377	825	5.87000000e+02
1.69732224e+01	2022-05-17T19:25:33.217011	826	5.61000000e+02
1.69771897e+01	2022-05-17T19:25:33.217011	827	5.48000000e+02
1.69852455e+01	2022-05-17T19:25:33.217011	828	5.45000000e+02
1.69937039e+01	2022-05-17T19:25:33.233191	829	5.50000000e+02
1.70078100e+01	2022-05-17T19:25:33.248740	830	5.61000000e+02
1.70222360e+01	2022-05-17T19:25:33.263890	831	5.45000000e+02
1.70538775e+01	2022-05-17T19:25:33.295151	832	5.45000000e+02
1.70636353e+01	2022-05-17T19:25:33.301784	833	5.96000000e+02
1.70752060e+01	2022-05-17T19:25:33.318538	834	5.47000000e+02
1.70844645e+01	2022-05-17T19:25:33.318538	835	5.60000000e+02
1.71054439e+01	2022-05-17T19:25:33.334758	836	5.40000000e+02
1.71383488e+01	2022-05-17T19:25:33.381033	837	5.44000000e+02
1.71493567e+01	2022-05-17T19:25:33.381033	838	5.47000000e+02
1.71615290e+01	2022-05-17T19:25:33.402135	839	5.50000000e+02
1.71700041e+01	2022-05-17T19:25:33.402135	840	5.45000000e+02
1.71915463e+01	2022-05-17T19:25:33.433407	841	5.44000000e+02
1.72152044e+01	2022-05-17T19:25:33.449044	842	5.48000000e+02
1.72270228e+01	2022-05-17T19:25:33.464667	843	5.47000000e+02
1.72350666e+01	2022-05-17T19:25:33.464667	844	5.46000000e+02
1.72433835e+01	2022-05-17T19:25:33.480684	845	5.44000000e+02
1.72514342e+01	2022-05-17T19:25:33.480684	846	5.50000000e+02
1.72691964e+01	2022-05-17T19:25:33.502476	847	5.43000000e+02
1.72937996e+01	2022-05-17T19:25:33.533759	848	5.92000000e+02
1.73091406e+01	2022-05-17T19:25:33.549383	849	5.45000000e+02
1.73211853e+01	2022-05-17T19:25:33.565002	850	5.45000000e+02
1.73296091e+01	2022-05-17T19:25:33.565002	851	5.46000000e+02
1.73517942e+01	2022-05-17T19:25:33.580586	852	5.94000000e+02
1.73832977e+01	2022-05-17T19:25:33.618406	853	5.73000000e+02
1.73866504e+01	2022-05-17T19:25:33.618406	854	5.68000000e+02
1.73952057e+01	2022-05-17T19:25:33.634526	855	5.45000000e+02
1.74160265e+01	2022-05-17T19:25:33.650138	856	5.46000000e+02
1.74242674e+01	2022-05-17T19:25:33.665258	857	5.43000000e+02
1.74493650e+01	2022-05-17T19:25:33.680894	858	5.50000000e+02
1.74597671e+01	2022-05-17T19:25:33.703033	859	5.97000000e+02
1.74701843e+01	2022-05-17T19:25:33.703033	860	5.46000000e+02
1.74913954e+01	2022-05-17T19:25:33.734305	861	5.56000000e+02
1.75220098e+01	2022-05-17T19:25:33.765562	862	5.44000000e+02
1.75256805e+01	2022-05-17T19:25:33.765562	863	5.46000000e+02
1.75340526e+01	2022-05-17T19:25:33.765562	864	5.64000000e+02
1.75425229e+01	2022-05-17T19:25:33.781660	865	5.45000000e+02
1.75677153e+01	2022-05-17T19:25:33.803221	866	5.43000000e+02
1.75712334e+01	2022-05-17T19:25:33.803221	867	5.56000000e+02
1.76019649e+01	2022-05-17T19:25:33.834512	868	5.45000000e+02
1.76123190e+01	2022-05-17T19:25:33.850659	869	5.47000000e+02
1.76387629e+01	2022-05-17T19:25:33.881362	870	5.43000000e+02
1.76716955e+01	2022-05-17T19:25:33.903531	871	5.43000000e+02
1.76817958e+01	2022-05-17T19:25:33.919680	872	5.46000000e+02
1.77064233e+01	2022-05-17T19:25:33.950423	873	5.60000000e+02
1.77171128e+01	2022-05-17T19:25:33.950423	874	5.45000000e+02
1.77426445e+01	2022-05-17T19:25:33.981686	875	5.45000000e+02
1.77511437e+01	2022-05-17T19:25:33.981686	876	5.45000000e+02
1.77596678e+01	2022-05-17T19:25:34.003756	877	5.50000000e+02
1.77720678e+01	2022-05-17T19:25:34.003756	878	5.44000000e+02
1.77944024e+01	2022-05-17T19:25:34.035047	879	5.43000000e+02
1.78277025e+01	2022-05-17T19:25:34.066281	880	5.43000000e+02
1.78372454e+01	2022-05-17T19:25:34.066281	881	5.94000000e+02
1.78457243e+01	2022-05-17T19:25:34.081866	882	5.46000000e+02
1.78657483e+01	2022-05-17T19:25:34.103944	883	5.45000000e+02
1.78963558e+01	2022-05-17T19:25:34.135226	884	5.49000000e+02
1.79069817e+01	2022-05-17T19:25:34.150866	885	5.44000000e+02
1.79153704e+01	2022-05-17T19:25:34.150866	886	5.89000000e+02
1.79380504e+01	2022-05-17T19:25:34.182080	887	5.47000000e+02
1.79481055e+01	2022-05-17T19:25:34.182080	888	5.46000000e+02
1.79734803e+01	2022-05-17T19:25:34.204259	889	5.45000000e+02
1.79844758e+01	2022-05-17T19:25:34.220379	890	5.45000000e+02
1.80166571e+01	2022-05-17T19:25:34.251158	891	5.48000000e+02
1.80425779e+01	2022-05-17T19:25:34.282411	892	5.45000000e+02
1.80546635e+01	2022-05-17T19:25:34.298018	893	5.45000000e+02
1.80671662e+01	2022-05-17T19:25:34.305149	894	5.45000000e+02
1.80897852e+01	2022-05-17T19:25:34.321857	895	5.46000000e+02
1.81016767e+01	2022-05-17T19:25:34.336421	896	5.44000000e+02
1.81272365e+01	2022-05-17T19:25:34.367678	897	5.52000000e+02
1.81357557e+01	2022-05-17T19:25:34.367678	898	5.47000000e+02
1.81446535e+01	2022-05-17T19:25:34.383798	899	5.44000000e+02
1.81700266e+01	2022-05-17T19:25:34.405468	900	5.47000000e+02
1.81775413e+01	2022-05-17T19:25:34.421125	901	5.44000000e+02
1.82048859e+01	2022-05-17T19:25:34.436752	902	5.44000000e+02
1.82142474e+01	2022-05-17T19:25:34.452875	903	5.48000000e+02
1.82412209e+01	2022-05-17T19:25:34.483603	904	5.53000000e+02
1.82745969e+01	2022-05-17T19:25:34.505712	905	5.50000000e+02
1.82833708e+01	2022-05-17T19:25:34.521655	906	5.56000000e+02
1.82918520e+01	2022-05-17T19:25:34.521655	907	5.47000000e+02
1.83115161e+01	2022-05-17T19:25:34.552579	908	5.92000000e+02
1.83352752e+01	2022-05-17T19:25:34.568238	909	5.44000000e+02
1.83505154e+01	2022-05-17T19:25:34.583822	910	5.61000000e+02
1.83616511e+01	2022-05-17T19:25:34.600011	911	5.47000000e+02
1.83737941e+01	2022-05-17T19:25:34.606015	912	5.45000000e+02
1.83947489e+01	2022-05-17T19:25:34.637287	913	5.98000000e+02
1.84247887e+01	2022-05-17T19:25:34.668545	914	5.43000000e+02
1.84305281e+01	2022-05-17T19:25:34.668545	915	5.97000000e+02
1.84395607e+01	2022-05-17T19:25:34.668545	916	5.52000000e+02
1.84529135e+01	2022-05-17T19:25:34.684563	917	5.44000000e+02
1.85038012e+01	2022-05-17T19:25:34.737542	918	5.55000000e+02
1.85129904e+01	2022-05-17T19:25:34.753447	919	5.46000000e+02
1.85212041e+01	2022-05-17T19:25:34.753447	920	5.91000000e+02
1.85488004e+01	2022-05-17T19:25:34.784395	921	5.92000000e+02
1.85692529e+01	2022-05-17T19:25:34.806581	922	5.44000000e+02
1.85781225e+01	2022-05-17T19:25:34.822205	923	5.51000000e+02
1.85867692e+01	2022-05-17T19:25:34.822205	924	5.61000000e+02
1.86089941e+01	2022-05-17T19:25:34.837827	925	5.47000000e+02
1.86182226e+01	2022-05-17T19:25:34.853473	926	5.49000000e+02
1.86420425e+01	2022-05-17T19:25:34.884733	927	5.46000000e+02
1.86482926e+01	2022-05-17T19:25:34.884733	928	5.44000000e+02
1.86567548e+01	2022-05-17T19:25:34.900350	929	5.92000000e+02
1.86684171e+01	2022-05-17T19:25:34.907475	930	5.47000000e+02
1.86771634e+01	2022-05-17T19:25:34.907475	931	5.44000000e+02
1.86968584e+01	2022-05-17T19:25:34.938747	932	5.44000000e+02
1.87232854e+01	2022-05-17T19:25:34.954368	933	5.58000000e+02
1.87255322e+01	2022-05-17T19:25:34.954368	934	5.41000000e+02
1.87338693e+01	2022-05-17T19:25:34.969965	935	5.47000000e+02
1.87427236e+01	2022-05-17T19:25:34.985585	936	5.96000000e+02
1.87548250e+01	2022-05-17T19:25:34.985585	937	5.47000000e+02
1.87740689e+01	2022-05-17T19:25:35.007732	938	5.43000000e+02
1.88072313e+01	2022-05-17T19:25:35.039017	939	5.91000000e+02
1.88127311e+01	2022-05-17T19:25:35.054874	940	5.45000000e+02
1.88246122e+01	2022-05-17T19:25:35.054874	941	5.93000000e+02
1.88445342e+01	2022-05-17T19:25:35.085867	942	5.44000000e+02
1.88758760e+01	2022-05-17T19:25:35.108041	943	5.41000000e+02
1.88852338e+01	2022-05-17T19:25:35.124208	944	5.44000000e+02
1.88942574e+01	2022-05-17T19:25:35.124208	945	5.50000000e+02
1.89118708e+01	2022-05-17T19:25:35.154967	946	5.44000000e+02
1.89432884e+01	2022-05-17T19:25:35.186190	947	5.45000000e+02
1.89469004e+01	2022-05-17T19:25:35.186190	948	5.55000000e+02
1.89556048e+01	2022-05-17T19:25:35.186190	949	5.55000000e+02
1.89676769e+01	2022-05-17T19:25:35.208725	950	5.46000000e+02
1.89762154e+01	2022-05-17T19:25:35.208725	951	5.51000000e+02
1.89960859e+01	2022-05-17T19:25:35.240010	952	5.44000000e+02
1.90283729e+01	2022-05-17T19:25:35.271253	953	5.57000000e+02
1.90330341e+01	2022-05-17T19:25:35.271253	954	5.46000000e+02
1.90418203e+01	2022-05-17T19:25:35.271253	955	5.45000000e+02
1.90537005e+01	2022-05-17T19:25:35.287229	956	5.46000000e+02
1.90804247e+01	2022-05-17T19:25:35.324390	957	5.43000000e+02
1.91099632e+01	2022-05-17T19:25:35.340019	958	5.42000000e+02
1.91200027e+01	2022-05-17T19:25:35.355814	959	5.41000000e+02
1.91520084e+01	2022-05-17T19:25:35.386843	960	5.41000000e+02
1.91777825e+01	2022-05-17T19:25:35.409008	961	5.45000000e+02
1.91802099e+01	2022-05-17T19:25:35.409008	962	5.46000000e+02
1.91889375e+01	2022-05-17T19:25:35.424633	963	5.47000000e+02
1.92126379e+01	2022-05-17T19:25:35.455876	964	5.52000000e+02
1.92391786e+01	2022-05-17T19:25:35.471539	965	5.45000000e+02
1.92420066e+01	2022-05-17T19:25:35.471539	966	5.44000000e+02
1.92509533e+01	2022-05-17T19:25:35.488410	967	5.45000000e+02
1.92625041e+01	2022-05-17T19:25:35.504520	968	5.44000000e+02
1.92710152e+01	2022-05-17T19:25:35.509197	969	5.46000000e+02
1.92980516e+01	2022-05-17T19:25:35.540469	970	5.47000000e+02
1.93270463e+01	2022-05-17T19:25:35.556101	971	5.43000000e+02
1.93356239e+01	2022-05-17T19:25:35.571729	972	5.45000000e+02
1.93448622e+01	2022-05-17T19:25:35.587535	973	5.60000000e+02
1.93567185e+01	2022-05-17T19:25:35.587535	974	5.46000000e+02
1.93768327e+01	2022-05-17T19:25:35.609378	975	5.95000000e+02
1.93863810e+01	2022-05-17T19:25:35.625033	976	5.56000000e+02
1.94126656e+01	2022-05-17T19:25:35.656249	977	5.44000000e+02
1.94224776e+01	2022-05-17T19:25:35.656249	978	5.45000000e+02
1.94305579e+01	2022-05-17T19:25:35.672464	979	5.45000000e+02
1.94389379e+01	2022-05-17T19:25:35.672464	980	5.45000000e+02
1.94607086e+01	2022-05-17T19:25:35.703135	981	5.94000000e+02
1.94948640e+01	2022-05-17T19:25:35.725301	982	5.92000000e+02
1.95042290e+01	2022-05-17T19:25:35.741370	983	5.45000000e+02
1.95128301e+01	2022-05-17T19:25:35.756641	984	5.45000000e+02
1.95550419e+01	2022-05-17T19:25:35.787785	985	5.43000000e+02
1.95573886e+01	2022-05-17T19:25:35.787785	986	5.54000000e+02
1.95655218e+01	2022-05-17T19:25:35.803411	987	5.49000000e+02
1.95741697e+01	2022-05-17T19:25:35.809917	988	5.54000000e+02
1.95861960e+01	2022-05-17T19:25:35.825541	989	5.45000000e+02
1.95951427e+01	2022-05-17T19:25:35.825541	990	5.46000000e+02
1.96407940e+01	2022-05-17T19:25:35.872444	991	5.45000000e+02
1.96515911e+01	2022-05-17T19:25:35.888066	992	5.46000000e+02
1.96604781e+01	2022-05-17T19:25:35.903684	993	5.45000000e+02
1.96722177e+01	2022-05-17T19:25:35.910481	994	5.46000000e+02
1.96806253e+01	2022-05-17T19:25:35.910481	995	5.50000000e+02
1.96996589e+01	2022-05-17T19:25:35.941752	996	5.45000000e+02
1.97327145e+01	2022-05-17T19:25:35.973010	997	5.68000000e+02
1.97419296e+01	2022-05-17T19:25:35.973010	998	5.45000000e+02
1.97497253e+01	2022-05-17T19:25:35.989097	999	5.76000000e+02
1.97585103e+01	2022-05-17T19:25:35.989097	1000	5.54000000e+02