Time elapsed	Time stamp	Loop Index	GP2Y ADC
s			Cts

5.01003960e+00	2022-05-17T19:25:54.135441	1	5.32000000e+02
5.01981790e+00	2022-05-17T19:25:54.135441	2	5.36000000e+02
5.03173120e+00	2022-05-17T19:25:54.150917	3	5.33000000e+02
5.04996270e+00	2022-05-17T19:25:54.172595	4	5.33000000e+02
5.08466580e+00	2022-05-17T19:25:54.203947	5	5.56000000e+02
5.08796190e+00	2022-05-17T19:25:54.203947	6	5.33000000e+02
5.10089300e+00	2022-05-17T19:25:54.219506	7	5.35000000e+02
5.11411000e+00	2022-05-17T19:25:54.235086	8	5.40000000e+02
5.12563210e+00	2022-05-17T19:25:54.251230	9	5.34000000e+02
5.13426080e+00	2022-05-17T19:25:54.251230	10	5.35000000e+02
5.16162760e+00	2022-05-17T19:25:54.288535	11	5.32000000e+02
5.17974680e+00	2022-05-17T19:25:54.304309	12	5.34000000e+02
5.19146670e+00	2022-05-17T19:25:54.314724	13	5.34000000e+02
5.19975700e+00	2022-05-17T19:25:54.314724	14	5.34000000e+02
5.22099260e+00	2022-05-17T19:25:54.345996	15	5.37000000e+02
5.23910170e+00	2022-05-17T19:25:54.361633	16	5.33000000e+02
5.24868530e+00	2022-05-17T19:25:54.373664	17	5.53000000e+02
5.25726190e+00	2022-05-17T19:25:54.373664	18	5.35000000e+02
5.28106340e+00	2022-05-17T19:25:54.404937	19	5.32000000e+02
5.29805960e+00	2022-05-17T19:25:54.420571	20	5.48000000e+02
5.30603510e+00	2022-05-17T19:25:54.420571	21	5.36000000e+02
5.31417430e+00	2022-05-17T19:25:54.436444	22	5.42000000e+02
5.32261040e+00	2022-05-17T19:25:54.436444	23	5.34000000e+02
5.34045520e+00	2022-05-17T19:25:54.467396	24	5.88000000e+02
5.35749080e+00	2022-05-17T19:25:54.473943	25	5.39000000e+02
5.36367060e+00	2022-05-17T19:25:54.489674	26	5.75000000e+02
5.37591790e+00	2022-05-17T19:25:54.500183	27	5.37000000e+02
5.38404300e+00	2022-05-17T19:25:54.500183	28	5.35000000e+02
5.40706020e+00	2022-05-17T19:25:54.531456	29	5.37000000e+02
5.42080930e+00	2022-05-17T19:25:54.547088	30	5.80000000e+02
5.42835250e+00	2022-05-17T19:25:54.547088	31	5.40000000e+02
5.43742400e+00	2022-05-17T19:25:54.563100	32	5.33000000e+02
5.44928590e+00	2022-05-17T19:25:54.574635	33	5.34000000e+02
5.45796700e+00	2022-05-17T19:25:54.574635	34	5.35000000e+02
5.48108810e+00	2022-05-17T19:25:54.606470	35	5.36000000e+02
5.48965950e+00	2022-05-17T19:25:54.606470	36	5.47000000e+02
5.50212030e+00	2022-05-17T19:25:54.622066	37	5.36000000e+02
5.51080410e+00	2022-05-17T19:25:54.637686	38	5.34000000e+02
5.51928080e+00	2022-05-17T19:25:54.637686	39	5.35000000e+02
5.53825390e+00	2022-05-17T19:25:54.653596	40	5.46000000e+02
5.54918350e+00	2022-05-17T19:25:54.674931	41	5.49000000e+02
5.56472200e+00	2022-05-17T19:25:54.690594	42	5.46000000e+02
5.57230050e+00	2022-05-17T19:25:54.690594	43	5.34000000e+02
5.58151670e+00	2022-05-17T19:25:54.706339	44	5.40000000e+02
5.59319700e+00	2022-05-17T19:25:54.706339	45	5.34000000e+02
5.61211960e+00	2022-05-17T19:25:54.737420	46	5.32000000e+02
5.62457210e+00	2022-05-17T19:25:54.737420	47	5.36000000e+02
5.63308030e+00	2022-05-17T19:25:54.753041	48	5.34000000e+02
5.64281980e+00	2022-05-17T19:25:54.768663	49	5.35000000e+02
5.65427530e+00	2022-05-17T19:25:54.775705	50	5.35000000e+02
5.66254520e+00	2022-05-17T19:25:54.775705	51	5.41000000e+02
5.68255740e+00	2022-05-17T19:25:54.806952	52	5.36000000e+02
5.69588650e+00	2022-05-17T19:25:54.822574	53	5.35000000e+02
5.70301840e+00	2022-05-17T19:25:54.822574	54	5.35000000e+02
5.71106350e+00	2022-05-17T19:25:54.822574	55	5.34000000e+02
5.71995320e+00	2022-05-17T19:25:54.838195	56	5.46000000e+02
5.74252940e+00	2022-05-17T19:25:54.869437	57	5.33000000e+02
5.76113040e+00	2022-05-17T19:25:54.875941	58	5.84000000e+02
5.76495630e+00	2022-05-17T19:25:54.891566	59	5.39000000e+02
5.77698480e+00	2022-05-17T19:25:54.891566	60	5.36000000e+02
5.80017160e+00	2022-05-17T19:25:54.922808	61	5.37000000e+02
5.81359810e+00	2022-05-17T19:25:54.938429	62	5.35000000e+02
5.82170790e+00	2022-05-17T19:25:54.938429	63	5.35000000e+02
5.83042020e+00	2022-05-17T19:25:54.954454	64	5.34000000e+02
5.83870450e+00	2022-05-17T19:25:54.954454	65	5.35000000e+02
5.85968580e+00	2022-05-17T19:25:54.976025	66	5.34000000e+02
5.87838860e+00	2022-05-17T19:25:54.991649	67	5.46000000e+02
5.88345160e+00	2022-05-17T19:25:55.007672	68	5.34000000e+02
5.89217700e+00	2022-05-17T19:25:55.007672	69	5.34000000e+02
5.91576290e+00	2022-05-17T19:25:55.038540	70	5.36000000e+02
5.92917440e+00	2022-05-17T19:25:55.054134	71	5.33000000e+02
5.94079470e+00	2022-05-17T19:25:55.054134	72	5.34000000e+02
5.94926000e+00	2022-05-17T19:25:55.076262	73	5.44000000e+02
5.95769660e+00	2022-05-17T19:25:55.076262	74	5.34000000e+02
5.98061500e+00	2022-05-17T19:25:55.107533	75	5.84000000e+02
5.99158690e+00	2022-05-17T19:25:55.107533	76	5.35000000e+02
6.00468020e+00	2022-05-17T19:25:55.123129	77	5.33000000e+02
6.01029780e+00	2022-05-17T19:25:55.123129	78	5.33000000e+02
6.01937530e+00	2022-05-17T19:25:55.139214	79	5.34000000e+02
6.04501190e+00	2022-05-17T19:25:55.169992	80	5.42000000e+02
6.05984890e+00	2022-05-17T19:25:55.176496	81	5.35000000e+02
6.07500250e+00	2022-05-17T19:25:55.192687	82	5.48000000e+02
6.08366750e+00	2022-05-17T19:25:55.208195	83	5.70000000e+02
6.09253170e+00	2022-05-17T19:25:55.208195	84	5.80000000e+02
6.11371350e+00	2022-05-17T19:25:55.238985	85	5.33000000e+02
6.13380840e+00	2022-05-17T19:25:55.254610	86	5.35000000e+02
6.13742130e+00	2022-05-17T19:25:55.254610	87	5.34000000e+02
6.14557480e+00	2022-05-17T19:25:55.270467	88	5.36000000e+02
6.15403840e+00	2022-05-17T19:25:55.277012	89	5.89000000e+02
6.16206910e+00	2022-05-17T19:25:55.277012	90	5.38000000e+02
6.18132860e+00	2022-05-17T19:25:55.308258	91	5.33000000e+02
6.19752750e+00	2022-05-17T19:25:55.324165	92	5.33000000e+02
6.20724950e+00	2022-05-17T19:25:55.334172	93	5.34000000e+02
6.21576550e+00	2022-05-17T19:25:55.334172	94	5.34000000e+02
6.22736460e+00	2022-05-17T19:25:55.349798	95	5.42000000e+02
6.23649030e+00	2022-05-17T19:25:55.349798	96	5.35000000e+02
6.25499530e+00	2022-05-17T19:25:55.376922	97	5.33000000e+02
6.27505390e+00	2022-05-17T19:25:55.392548	98	5.33000000e+02
6.28508230e+00	2022-05-17T19:25:55.408664	99	5.38000000e+02
6.29316630e+00	2022-05-17T19:25:55.408664	100	5.35000000e+02
6.31426310e+00	2022-05-17T19:25:55.439412	101	5.36000000e+02
6.33404220e+00	2022-05-17T19:25:55.455034	102	5.39000000e+02
6.33834010e+00	2022-05-17T19:25:55.455034	103	5.35000000e+02
6.34645840e+00	2022-05-17T19:25:55.471108	104	5.42000000e+02
6.35476600e+00	2022-05-17T19:25:55.477677	105	5.34000000e+02
6.36289860e+00	2022-05-17T19:25:55.477677	106	5.50000000e+02
6.38274490e+00	2022-05-17T19:25:55.503955	107	5.34000000e+02
6.39101850e+00	2022-05-17T19:25:55.503955	108	5.48000000e+02
6.40466950e+00	2022-05-17T19:25:55.519580	109	5.81000000e+02
6.41611690e+00	2022-05-17T19:25:55.535490	110	5.34000000e+02
6.42610980e+00	2022-05-17T19:25:55.550824	111	5.35000000e+02
6.44911430e+00	2022-05-17T19:25:55.566470	112	5.80000000e+02
6.46251980e+00	2022-05-17T19:25:55.577977	113	5.79000000e+02
6.46912670e+00	2022-05-17T19:25:55.594120	114	5.89000000e+02
6.47727160e+00	2022-05-17T19:25:55.594120	115	5.38000000e+02
6.50073030e+00	2022-05-17T19:25:55.624844	116	5.40000000e+02
6.51989740e+00	2022-05-17T19:25:55.640467	117	5.48000000e+02
6.53082790e+00	2022-05-17T19:25:55.656524	118	5.34000000e+02
6.53938090e+00	2022-05-17T19:25:55.656524	119	5.63000000e+02
6.55774310e+00	2022-05-17T19:25:55.678205	120	5.75000000e+02
6.57079560e+00	2022-05-17T19:25:55.693829	121	5.34000000e+02
6.58424890e+00	2022-05-17T19:25:55.709458	122	5.90000000e+02
6.59601630e+00	2022-05-17T19:25:55.709458	123	5.60000000e+02
6.60464030e+00	2022-05-17T19:25:55.725145	124	5.34000000e+02
6.63146510e+00	2022-05-17T19:25:55.756315	125	5.80000000e+02
6.65187370e+00	2022-05-17T19:25:55.778444	126	5.33000000e+02
6.65804780e+00	2022-05-17T19:25:55.778444	127	5.34000000e+02
6.66994420e+00	2022-05-17T19:25:55.794553	128	5.35000000e+02
6.67792530e+00	2022-05-17T19:25:55.794553	129	5.56000000e+02
6.70501850e+00	2022-05-17T19:25:55.825316	130	5.37000000e+02
6.70733020e+00	2022-05-17T19:25:55.825316	131	5.35000000e+02
6.72337310e+00	2022-05-17T19:25:55.840945	132	5.33000000e+02
6.73495990e+00	2022-05-17T19:25:55.856576	133	5.35000000e+02
6.74359790e+00	2022-05-17T19:25:55.856576	134	5.38000000e+02
6.75136500e+00	2022-05-17T19:25:55.872180	135	5.38000000e+02
6.76072370e+00	2022-05-17T19:25:55.878692	136	5.34000000e+02
6.78072510e+00	2022-05-17T19:25:55.894317	137	5.34000000e+02
6.79058040e+00	2022-05-17T19:25:55.909939	138	5.72000000e+02
6.80716200e+00	2022-05-17T19:25:55.925560	139	5.34000000e+02
6.81679450e+00	2022-05-17T19:25:55.941184	140	5.37000000e+02
6.82523460e+00	2022-05-17T19:25:55.941184	141	5.72000000e+02
6.83328170e+00	2022-05-17T19:25:55.956801	142	5.37000000e+02
6.84151520e+00	2022-05-17T19:25:55.956801	143	5.34000000e+02
6.86674540e+00	2022-05-17T19:25:55.978927	144	5.34000000e+02
6.88880990e+00	2022-05-17T19:25:56.010174	145	5.33000000e+02
6.89560270e+00	2022-05-17T19:25:56.010174	146	5.44000000e+02
6.90696270e+00	2022-05-17T19:25:56.026322	147	5.35000000e+02
6.93350380e+00	2022-05-17T19:25:56.057063	148	5.88000000e+02
6.95022280e+00	2022-05-17T19:25:56.072658	149	5.42000000e+02
6.96011780e+00	2022-05-17T19:25:56.079163	150	5.34000000e+02
6.96836340e+00	2022-05-17T19:25:56.094788	151	5.34000000e+02
6.97725960e+00	2022-05-17T19:25:56.094788	152	5.77000000e+02
7.00522850e+00	2022-05-17T19:25:56.126031	153	5.33000000e+02
7.01785170e+00	2022-05-17T19:25:56.141653	154	5.34000000e+02
7.02670110e+00	2022-05-17T19:25:56.141653	155	5.35000000e+02
7.03773440e+00	2022-05-17T19:25:56.157276	156	5.34000000e+02
7.04637510e+00	2022-05-17T19:25:56.172896	157	5.34000000e+02
7.05421300e+00	2022-05-17T19:25:56.179403	158	5.35000000e+02
7.06265000e+00	2022-05-17T19:25:56.179403	159	5.38000000e+02
7.09837870e+00	2022-05-17T19:25:56.210650	160	5.35000000e+02
7.11528030e+00	2022-05-17T19:25:56.241892	161	5.33000000e+02
7.12957120e+00	2022-05-17T19:25:56.241892	162	5.48000000e+02
7.14032740e+00	2022-05-17T19:25:56.257577	163	5.73000000e+02
7.16763340e+00	2022-05-17T19:25:56.279710	164	5.84000000e+02
7.17032040e+00	2022-05-17T19:25:56.295337	165	5.35000000e+02
7.18739320e+00	2022-05-17T19:25:56.311625	166	5.35000000e+02
7.19784310e+00	2022-05-17T19:25:56.311625	167	5.80000000e+02
7.20590750e+00	2022-05-17T19:25:56.327287	168	5.38000000e+02
7.21423790e+00	2022-05-17T19:25:56.327287	169	5.34000000e+02
7.24083620e+00	2022-05-17T19:25:56.358492	170	5.33000000e+02
7.25258010e+00	2022-05-17T19:25:56.379622	171	5.34000000e+02
7.26504790e+00	2022-05-17T19:25:56.379622	172	5.78000000e+02
7.27589990e+00	2022-05-17T19:25:56.395247	173	5.85000000e+02
7.28360050e+00	2022-05-17T19:25:56.395247	174	5.35000000e+02
7.33006940e+00	2022-05-17T19:25:56.442111	175	5.40000000e+02
7.33299630e+00	2022-05-17T19:25:56.457733	176	5.35000000e+02
7.34098050e+00	2022-05-17T19:25:56.457733	177	5.34000000e+02
7.34939210e+00	2022-05-17T19:25:56.473353	178	5.34000000e+02
7.35734420e+00	2022-05-17T19:25:56.479903	179	5.36000000e+02
7.36569280e+00	2022-05-17T19:25:56.479903	180	5.47000000e+02
7.38835110e+00	2022-05-17T19:25:56.511825	181	5.32000000e+02
7.40557430e+00	2022-05-17T19:25:56.527446	182	5.86000000e+02
7.41481000e+00	2022-05-17T19:25:56.527446	183	5.37000000e+02
7.42314070e+00	2022-05-17T19:25:56.543102	184	5.35000000e+02
7.43150060e+00	2022-05-17T19:25:56.543102	185	5.36000000e+02
7.45360780e+00	2022-05-17T19:25:56.579815	186	5.34000000e+02
7.47195200e+00	2022-05-17T19:25:56.595440	187	5.57000000e+02
7.48093760e+00	2022-05-17T19:25:56.595440	188	5.48000000e+02
7.48865440e+00	2022-05-17T19:25:56.611087	189	5.53000000e+02
7.49709330e+00	2022-05-17T19:25:56.611087	190	5.34000000e+02
7.52122370e+00	2022-05-17T19:25:56.642304	191	5.33000000e+02
7.53981630e+00	2022-05-17T19:25:56.657925	192	5.37000000e+02
7.55014770e+00	2022-05-17T19:25:56.673589	193	5.86000000e+02
7.55909650e+00	2022-05-17T19:25:56.682192	194	5.49000000e+02
7.57035470e+00	2022-05-17T19:25:56.692288	195	5.33000000e+02
7.57856450e+00	2022-05-17T19:25:56.702474	196	5.40000000e+02
7.60363610e+00	2022-05-17T19:25:56.730565	197	5.33000000e+02
7.62970420e+00	2022-05-17T19:25:56.756193	198	5.32000000e+02
7.63221650e+00	2022-05-17T19:25:56.756193	199	5.47000000e+02
7.63987580e+00	2022-05-17T19:25:56.756193	200	5.49000000e+02
7.64851700e+00	2022-05-17T19:25:56.771879	201	5.33000000e+02
7.65647600e+00	2022-05-17T19:25:56.771879	202	5.45000000e+02
7.68801710e+00	2022-05-17T19:25:56.803063	203	5.44000000e+02
7.69398660e+00	2022-05-17T19:25:56.818680	204	5.34000000e+02
7.71059310e+00	2022-05-17T19:25:56.834299	205	5.33000000e+02
7.72171010e+00	2022-05-17T19:25:56.840805	206	5.73000000e+02
7.73041510e+00	2022-05-17T19:25:56.856431	207	5.35000000e+02
7.73826420e+00	2022-05-17T19:25:56.856431	208	5.33000000e+02
7.77642410e+00	2022-05-17T19:25:56.903295	209	5.86000000e+02
7.79588190e+00	2022-05-17T19:25:56.918917	210	5.39000000e+02
7.80436950e+00	2022-05-17T19:25:56.918917	211	5.35000000e+02
7.81263620e+00	2022-05-17T19:25:56.934825	212	5.45000000e+02
7.82081970e+00	2022-05-17T19:25:56.941156	213	5.34000000e+02
7.82917740e+00	2022-05-17T19:25:56.941156	214	5.89000000e+02
7.85439860e+00	2022-05-17T19:25:56.972434	215	5.33000000e+02
7.87057360e+00	2022-05-17T19:25:56.988023	216	5.57000000e+02
7.87843590e+00	2022-05-17T19:25:57.004076	217	5.35000000e+02
7.89094190e+00	2022-05-17T19:25:57.004076	218	5.39000000e+02
7.90922700e+00	2022-05-17T19:25:57.034892	219	5.46000000e+02
7.93334540e+00	2022-05-17T19:25:57.057020	220	5.33000000e+02
7.94343270e+00	2022-05-17T19:25:57.057020	221	5.47000000e+02
7.95157050e+00	2022-05-17T19:25:57.073175	222	5.35000000e+02
7.96029730e+00	2022-05-17T19:25:57.073175	223	5.37000000e+02
7.96764250e+00	2022-05-17T19:25:57.088299	224	5.89000000e+02
7.97650530e+00	2022-05-17T19:25:57.088299	225	5.36000000e+02
7.99320510e+00	2022-05-17T19:25:57.119515	226	5.35000000e+02
8.01064620e+00	2022-05-17T19:25:57.135126	227	5.39000000e+02
8.01785500e+00	2022-05-17T19:25:57.141631	228	5.36000000e+02
8.02984550e+00	2022-05-17T19:25:57.141631	229	5.34000000e+02
8.03854400e+00	2022-05-17T19:25:57.157679	230	5.34000000e+02
8.06129910e+00	2022-05-17T19:25:57.173267	231	5.73000000e+02
8.07981130e+00	2022-05-17T19:25:57.204121	232	5.41000000e+02
8.08720460e+00	2022-05-17T19:25:57.204121	233	5.32000000e+02
8.09528310e+00	2022-05-17T19:25:57.220137	234	5.35000000e+02
8.10379020e+00	2022-05-17T19:25:57.220137	235	5.36000000e+02
8.12469670e+00	2022-05-17T19:25:57.241659	236	5.33000000e+02
8.14299370e+00	2022-05-17T19:25:57.257283	237	5.33000000e+02
8.15736660e+00	2022-05-17T19:25:57.273412	238	5.36000000e+02
8.16896820e+00	2022-05-17T19:25:57.289066	239	5.34000000e+02
8.17677000e+00	2022-05-17T19:25:57.289066	240	5.40000000e+02
8.18553940e+00	2022-05-17T19:25:57.304148	241	5.39000000e+02
8.20804960e+00	2022-05-17T19:25:57.320300	242	5.35000000e+02
8.21010160e+00	2022-05-17T19:25:57.335924	243	5.32000000e+02
8.22682380e+00	2022-05-17T19:25:57.341927	244	5.84000000e+02
8.23450760e+00	2022-05-17T19:25:57.357552	245	5.34000000e+02
8.24468880e+00	2022-05-17T19:25:57.357552	246	5.34000000e+02
8.25499260e+00	2022-05-17T19:25:57.373528	247	5.36000000e+02
8.27720060e+00	2022-05-17T19:25:57.388814	248	5.43000000e+02
8.30100530e+00	2022-05-17T19:25:57.420036	249	5.33000000e+02
8.31217260e+00	2022-05-17T19:25:57.435670	250	5.45000000e+02
8.32054210e+00	2022-05-17T19:25:57.442505	251	5.34000000e+02
8.32867950e+00	2022-05-17T19:25:57.442505	252	5.90000000e+02
8.34879220e+00	2022-05-17T19:25:57.473751	253	5.41000000e+02
8.36586330e+00	2022-05-17T19:25:57.489970	254	5.88000000e+02
8.37297690e+00	2022-05-17T19:25:57.489970	255	5.88000000e+02
8.37799030e+00	2022-05-17T19:25:57.489970	256	5.35000000e+02
8.38627740e+00	2022-05-17T19:25:57.505962	257	5.48000000e+02
8.40997430e+00	2022-05-17T19:25:57.536836	258	5.57000000e+02
8.43227650e+00	2022-05-17T19:25:57.558463	259	5.35000000e+02
8.43742730e+00	2022-05-17T19:25:57.558463	260	5.35000000e+02
8.44801260e+00	2022-05-17T19:25:57.574084	261	5.40000000e+02
8.45969390e+00	2022-05-17T19:25:57.574084	262	5.40000000e+02
8.48000860e+00	2022-05-17T19:25:57.605957	263	5.33000000e+02
8.50328720e+00	2022-05-17T19:25:57.621580	264	5.84000000e+02
8.50878640e+00	2022-05-17T19:25:57.621580	265	5.36000000e+02
8.51739510e+00	2022-05-17T19:25:57.643133	266	5.34000000e+02
8.52944270e+00	2022-05-17T19:25:57.643133	267	5.35000000e+02
8.55008170e+00	2022-05-17T19:25:57.674404	268	5.54000000e+02
8.57391730e+00	2022-05-17T19:25:57.690037	269	5.81000000e+02
8.58268620e+00	2022-05-17T19:25:57.706075	270	5.38000000e+02
8.59186610e+00	2022-05-17T19:25:57.706075	271	5.35000000e+02
8.61007870e+00	2022-05-17T19:25:57.736865	272	5.38000000e+02
8.61879380e+00	2022-05-17T19:25:57.743400	273	5.35000000e+02
8.63576850e+00	2022-05-17T19:25:57.759064	274	5.34000000e+02
8.64402180e+00	2022-05-17T19:25:57.759064	275	5.46000000e+02
8.65247070e+00	2022-05-17T19:25:57.775064	276	5.35000000e+02
8.66034200e+00	2022-05-17T19:25:57.775064	277	5.84000000e+02
8.67995580e+00	2022-05-17T19:25:57.805887	278	5.32000000e+02
8.68881710e+00	2022-05-17T19:25:57.805887	279	5.45000000e+02
8.70560760e+00	2022-05-17T19:25:57.821550	280	5.35000000e+02
8.70973600e+00	2022-05-17T19:25:57.821550	281	5.34000000e+02
8.71809450e+00	2022-05-17T19:25:57.843747	282	5.34000000e+02
8.73019040e+00	2022-05-17T19:25:57.843747	283	5.35000000e+02
8.75495490e+00	2022-05-17T19:25:57.875071	284	5.33000000e+02
8.77809900e+00	2022-05-17T19:25:57.890649	285	5.42000000e+02
8.78367350e+00	2022-05-17T19:25:57.906236	286	5.37000000e+02
8.79563560e+00	2022-05-17T19:25:57.921883	287	5.33000000e+02
8.81333010e+00	2022-05-17T19:25:57.937503	288	5.33000000e+02
8.83807290e+00	2022-05-17T19:25:57.959708	289	5.42000000e+02
8.84900400e+00	2022-05-17T19:25:57.975345	290	5.37000000e+02
8.86135110e+00	2022-05-17T19:25:57.975345	291	5.54000000e+02
8.88042160e+00	2022-05-17T19:25:58.006566	292	5.34000000e+02
8.90491030e+00	2022-05-17T19:25:58.022191	293	5.40000000e+02
8.90987890e+00	2022-05-17T19:25:58.022191	294	5.34000000e+02
8.91878070e+00	2022-05-17T19:25:58.044445	295	5.34000000e+02
8.93082390e+00	2022-05-17T19:25:58.044445	296	5.45000000e+02
8.95477290e+00	2022-05-17T19:25:58.075727	297	5.33000000e+02
8.96715650e+00	2022-05-17T19:25:58.091339	298	5.35000000e+02
8.98088790e+00	2022-05-17T19:25:58.106971	299	5.34000000e+02
8.99210720e+00	2022-05-17T19:25:58.106971	300	5.84000000e+02
9.00059160e+00	2022-05-17T19:25:58.123091	301	5.35000000e+02
9.00901480e+00	2022-05-17T19:25:58.123091	302	5.46000000e+02
9.02833360e+00	2022-05-17T19:25:58.144678	303	5.32000000e+02
9.05283830e+00	2022-05-17T19:25:58.175963	304	5.44000000e+02
9.06226820e+00	2022-05-17T19:25:58.175963	305	5.34000000e+02
9.07487010e+00	2022-05-17T19:25:58.191581	306	5.35000000e+02
9.09884540e+00	2022-05-17T19:25:58.222813	307	5.36000000e+02
9.12412780e+00	2022-05-17T19:25:58.244993	308	5.38000000e+02
9.13556850e+00	2022-05-17T19:25:58.261133	309	5.57000000e+02
9.14337980e+00	2022-05-17T19:25:58.261133	310	5.34000000e+02
9.17029850e+00	2022-05-17T19:25:58.291886	311	5.34000000e+02
9.18767790e+00	2022-05-17T19:25:58.308150	312	5.35000000e+02
9.19704290e+00	2022-05-17T19:25:58.323819	313	5.49000000e+02
9.20480570e+00	2022-05-17T19:25:58.323819	314	5.52000000e+02
9.21421610e+00	2022-05-17T19:25:58.339396	315	5.33000000e+02
9.22742110e+00	2022-05-17T19:25:58.345351	316	5.35000000e+02
9.25112940e+00	2022-05-17T19:25:58.376639	317	5.52000000e+02
9.27544860e+00	2022-05-17T19:25:58.392255	318	5.35000000e+02
9.27904440e+00	2022-05-17T19:25:58.392255	319	5.52000000e+02
9.28727250e+00	2022-05-17T19:25:58.407874	320	5.36000000e+02
9.30449190e+00	2022-05-17T19:25:58.424015	321	5.35000000e+02
9.31721410e+00	2022-05-17T19:25:58.439108	322	5.34000000e+02
9.33628230e+00	2022-05-17T19:25:58.461301	323	5.33000000e+02
9.34427540e+00	2022-05-17T19:25:58.461301	324	5.60000000e+02
9.35273150e+00	2022-05-17T19:25:58.477482	325	5.35000000e+02
9.36092470e+00	2022-05-17T19:25:58.477482	326	5.90000000e+02
9.38615870e+00	2022-05-17T19:25:58.509217	327	5.80000000e+02
9.41101740e+00	2022-05-17T19:25:58.524850	328	5.72000000e+02
9.41363300e+00	2022-05-17T19:25:58.540439	329	5.34000000e+02
9.42236940e+00	2022-05-17T19:25:58.546534	330	5.85000000e+02
9.43068280e+00	2022-05-17T19:25:58.546534	331	5.35000000e+02
9.45287190e+00	2022-05-17T19:25:58.577806	332	5.33000000e+02
9.47849550e+00	2022-05-17T19:25:58.593441	333	5.72000000e+02
9.48405980e+00	2022-05-17T19:25:58.609521	334	5.40000000e+02
9.49627570e+00	2022-05-17T19:25:58.609521	335	5.34000000e+02
9.50813780e+00	2022-05-17T19:25:58.624644	336	5.34000000e+02
9.53147940e+00	2022-05-17T19:25:58.646899	337	5.32000000e+02
9.55702130e+00	2022-05-17T19:25:58.678184	338	5.38000000e+02
9.56132390e+00	2022-05-17T19:25:58.678184	339	5.37000000e+02
9.57014980e+00	2022-05-17T19:25:58.694304	340	5.33000000e+02
9.58212710e+00	2022-05-17T19:25:58.694304	341	5.34000000e+02
9.59059120e+00	2022-05-17T19:25:58.709388	342	5.37000000e+02
9.61740600e+00	2022-05-17T19:25:58.740656	343	5.33000000e+02
9.64167050e+00	2022-05-17T19:25:58.762854	344	5.35000000e+02
9.65191120e+00	2022-05-17T19:25:58.778475	345	5.35000000e+02
9.66407930e+00	2022-05-17T19:25:58.778475	346	5.35000000e+02
9.68627950e+00	2022-05-17T19:25:58.809704	347	5.34000000e+02
9.70592110e+00	2022-05-17T19:25:58.825336	348	5.34000000e+02
9.71720740e+00	2022-05-17T19:25:58.841376	349	5.45000000e+02
9.72552460e+00	2022-05-17T19:25:58.847379	350	5.35000000e+02
9.75516530e+00	2022-05-17T19:25:58.878652	351	5.33000000e+02
9.78050910e+00	2022-05-17T19:25:58.894282	352	5.48000000e+02
9.78211830e+00	2022-05-17T19:25:58.894282	353	5.35000000e+02
9.79124220e+00	2022-05-17T19:25:58.910225	354	5.88000000e+02
9.81806520e+00	2022-05-17T19:25:58.941141	355	5.49000000e+02
9.83856520e+00	2022-05-17T19:25:58.963308	356	5.33000000e+02
9.84829790e+00	2022-05-17T19:25:58.963308	357	5.34000000e+02
9.85669850e+00	2022-05-17T19:25:58.979434	358	5.44000000e+02
9.86882580e+00	2022-05-17T19:25:58.994553	359	5.35000000e+02
9.87662750e+00	2022-05-17T19:25:58.994553	360	5.35000000e+02
9.90171550e+00	2022-05-17T19:25:59.025781	361	5.33000000e+02
9.92754980e+00	2022-05-17T19:25:59.047921	362	5.33000000e+02
9.92996530e+00	2022-05-17T19:25:59.047921	363	5.64000000e+02
9.93912380e+00	2022-05-17T19:25:59.064058	364	5.35000000e+02
9.95005940e+00	2022-05-17T19:25:59.064058	365	5.84000000e+02
9.95817660e+00	2022-05-17T19:25:59.079167	366	5.39000000e+02
9.96633690e+00	2022-05-17T19:25:59.079167	367	5.34000000e+02
9.98774680e+00	2022-05-17T19:25:59.110466	368	5.33000000e+02
1.00117578e+01	2022-05-17T19:25:59.126070	369	5.56000000e+02
1.00203826e+01	2022-05-17T19:25:59.142163	370	5.56000000e+02
1.00330670e+01	2022-05-17T19:25:59.148532	371	5.80000000e+02
1.00562984e+01	2022-05-17T19:25:59.179806	372	5.44000000e+02
1.00767687e+01	2022-05-17T19:25:59.195437	373	5.33000000e+02
1.00852869e+01	2022-05-17T19:25:59.211021	374	5.37000000e+02
1.00940874e+01	2022-05-17T19:25:59.211021	375	5.36000000e+02
1.01184682e+01	2022-05-17T19:25:59.242291	376	5.33000000e+02
1.01453700e+01	2022-05-17T19:25:59.264500	377	5.54000000e+02
1.01548819e+01	2022-05-17T19:25:59.280592	378	5.34000000e+02
1.01638210e+01	2022-05-17T19:25:59.280592	379	5.84000000e+02
1.01876614e+01	2022-05-17T19:25:59.311352	380	5.88000000e+02
1.01960477e+01	2022-05-17T19:25:59.311352	381	5.34000000e+02
1.02090172e+01	2022-05-17T19:25:59.327650	382	5.37000000e+02
1.02242804e+01	2022-05-17T19:25:59.348860	383	5.71000000e+02
1.02332728e+01	2022-05-17T19:25:59.348860	384	5.34000000e+02
1.02413078e+01	2022-05-17T19:25:59.365029	385	5.36000000e+02
1.02501475e+01	2022-05-17T19:25:59.365029	386	5.36000000e+02
1.02761994e+01	2022-05-17T19:25:59.395754	387	5.32000000e+02
1.03022311e+01	2022-05-17T19:25:59.427030	388	5.32000000e+02
1.03111879e+01	2022-05-17T19:25:59.427030	389	5.33000000e+02
1.03193435e+01	2022-05-17T19:25:59.443155	390	5.37000000e+02
1.03272635e+01	2022-05-17T19:25:59.449601	391	5.34000000e+02
1.03359293e+01	2022-05-17T19:25:59.449601	392	5.37000000e+02
1.03564748e+01	2022-05-17T19:25:59.480875	393	5.33000000e+02
1.03771293e+01	2022-05-17T19:25:59.497104	394	5.35000000e+02
1.03845921e+01	2022-05-17T19:25:59.497104	395	5.36000000e+02
1.03925001e+01	2022-05-17T19:25:59.513156	396	5.34000000e+02
1.04014261e+01	2022-05-17T19:25:59.528350	397	5.34000000e+02
1.04206291e+01	2022-05-17T19:25:59.543997	398	5.33000000e+02
1.04291278e+01	2022-05-17T19:25:59.549535	399	5.33000000e+02
1.04481039e+01	2022-05-17T19:25:59.565198	400	5.85000000e+02
1.04552733e+01	2022-05-17T19:25:59.580848	401	5.34000000e+02
1.04671773e+01	2022-05-17T19:25:59.580848	402	5.34000000e+02
1.04914527e+01	2022-05-17T19:25:59.612048	403	5.34000000e+02
1.05170405e+01	2022-05-17T19:25:59.643303	404	5.33000000e+02
1.05194370e+01	2022-05-17T19:25:59.643303	405	5.35000000e+02
1.05282709e+01	2022-05-17T19:25:59.649808	406	5.34000000e+02
1.05411309e+01	2022-05-17T19:25:59.665950	407	5.37000000e+02
1.05527168e+01	2022-05-17T19:25:59.665950	408	5.35000000e+02
1.05725317e+01	2022-05-17T19:25:59.696701	409	5.33000000e+02
1.05993905e+01	2022-05-17T19:25:59.712335	410	5.35000000e+02
1.06057765e+01	2022-05-17T19:25:59.727956	411	5.84000000e+02
1.06143650e+01	2022-05-17T19:25:59.727956	412	5.34000000e+02
1.06261288e+01	2022-05-17T19:25:59.750022	413	5.34000000e+02
1.06348821e+01	2022-05-17T19:25:59.750022	414	5.35000000e+02
1.06560195e+01	2022-05-17T19:25:59.781294	415	5.34000000e+02
1.06812460e+01	2022-05-17T19:25:59.796926	416	5.33000000e+02
1.06876936e+01	2022-05-17T19:25:59.813053	417	5.87000000e+02
1.06957108e+01	2022-05-17T19:25:59.813053	418	5.44000000e+02
1.07204366e+01	2022-05-17T19:25:59.843779	419	5.37000000e+02
1.07454446e+01	2022-05-17T19:25:59.865987	420	5.33000000e+02
1.07494157e+01	2022-05-17T19:25:59.865987	421	5.45000000e+02
1.07572562e+01	2022-05-17T19:25:59.882151	422	5.46000000e+02
1.07659830e+01	2022-05-17T19:25:59.882151	423	5.44000000e+02
1.07869452e+01	2022-05-17T19:25:59.912845	424	5.33000000e+02
1.08073940e+01	2022-05-17T19:25:59.928473	425	5.33000000e+02
1.08189374e+01	2022-05-17T19:25:59.944574	426	5.34000000e+02
1.08272319e+01	2022-05-17T19:25:59.950876	427	5.75000000e+02
1.08355871e+01	2022-05-17T19:25:59.950876	428	5.35000000e+02
1.08570847e+01	2022-05-17T19:25:59.982152	429	5.33000000e+02
1.08828877e+01	2022-05-17T19:25:59.997787	430	5.34000000e+02
1.08891256e+01	2022-05-17T19:26:00.013868	431	5.35000000e+02
1.09004931e+01	2022-05-17T19:26:00.013868	432	5.33000000e+02
1.09239631e+01	2022-05-17T19:26:00.044641	433	5.33000000e+02
1.09492029e+01	2022-05-17T19:26:00.066877	434	5.33000000e+02
1.09534955e+01	2022-05-17T19:26:00.066877	435	5.37000000e+02
1.09619433e+01	2022-05-17T19:26:00.082467	436	5.55000000e+02
1.09700863e+01	2022-05-17T19:26:00.082467	437	5.36000000e+02
1.09890933e+01	2022-05-17T19:26:00.113748	438	5.36000000e+02
1.10151088e+01	2022-05-17T19:26:00.129359	439	5.39000000e+02
1.10199559e+01	2022-05-17T19:26:00.145426	440	5.34000000e+02
1.10320173e+01	2022-05-17T19:26:00.151429	441	5.35000000e+02
1.10410520e+01	2022-05-17T19:26:00.167054	442	5.59000000e+02
1.10560678e+01	2022-05-17T19:26:00.182714	443	5.33000000e+02
1.10774103e+01	2022-05-17T19:26:00.198323	444	5.79000000e+02
1.10847601e+01	2022-05-17T19:26:00.198323	445	5.84000000e+02
1.10934750e+01	2022-05-17T19:26:00.214412	446	5.36000000e+02
1.11018104e+01	2022-05-17T19:26:00.214412	447	5.37000000e+02
1.11201718e+01	2022-05-17T19:26:00.245187	448	5.38000000e+02
1.11477931e+01	2022-05-17T19:26:00.267406	449	5.33000000e+02
1.11586878e+01	2022-05-17T19:26:00.283225	450	5.35000000e+02
1.11672663e+01	2022-05-17T19:26:00.283225	451	5.35000000e+02
1.11890098e+01	2022-05-17T19:26:00.314280	452	5.34000000e+02
1.12100238e+01	2022-05-17T19:26:00.330552	453	5.33000000e+02
1.12203014e+01	2022-05-17T19:26:00.346176	454	5.35000000e+02
1.12280499e+01	2022-05-17T19:26:00.351684	455	5.34000000e+02
1.12369283e+01	2022-05-17T19:26:00.351684	456	5.35000000e+02
1.12588479e+01	2022-05-17T19:26:00.382958	457	5.34000000e+02
1.12675582e+01	2022-05-17T19:26:00.382958	458	5.34000000e+02
1.12881999e+01	2022-05-17T19:26:00.414200	459	5.33000000e+02
1.12982809e+01	2022-05-17T19:26:00.414200	460	5.34000000e+02
1.13103105e+01	2022-05-17T19:26:00.430359	461	5.43000000e+02
1.13188079e+01	2022-05-17T19:26:00.445454	462	5.35000000e+02
1.13406317e+01	2022-05-17T19:26:00.452448	463	5.33000000e+02
1.13674829e+01	2022-05-17T19:26:00.483732	464	5.38000000e+02
1.13719285e+01	2022-05-17T19:26:00.483732	465	5.33000000e+02
1.13802659e+01	2022-05-17T19:26:00.500150	466	5.35000000e+02
1.14005176e+01	2022-05-17T19:26:00.515774	467	5.35000000e+02
1.14263989e+01	2022-05-17T19:26:00.552599	468	5.75000000e+02
1.14339567e+01	2022-05-17T19:26:00.552599	469	5.33000000e+02
1.14456293e+01	2022-05-17T19:26:00.568485	470	5.34000000e+02
1.14540575e+01	2022-05-17T19:26:00.568485	471	5.36000000e+02
1.14800392e+01	2022-05-17T19:26:00.599510	472	5.85000000e+02
1.14998847e+01	2022-05-17T19:26:00.615123	473	5.36000000e+02
1.15112029e+01	2022-05-17T19:26:00.631262	474	5.84000000e+02
1.15194305e+01	2022-05-17T19:26:00.646330	475	5.35000000e+02
1.15413674e+01	2022-05-17T19:26:00.653299	476	5.56000000e+02
1.15686592e+01	2022-05-17T19:26:00.684584	477	5.84000000e+02
1.15811379e+01	2022-05-17T19:26:00.700445	478	5.34000000e+02
1.16077791e+01	2022-05-17T19:26:00.731436	479	5.34000000e+02
1.16353199e+01	2022-05-17T19:26:00.753605	480	5.34000000e+02
1.16376657e+01	2022-05-17T19:26:00.753605	481	5.35000000e+02
1.16463683e+01	2022-05-17T19:26:00.769713	482	5.36000000e+02
1.16547704e+01	2022-05-17T19:26:00.769713	483	5.48000000e+02
1.16736900e+01	2022-05-17T19:26:00.800476	484	5.35000000e+02
1.16758348e+01	2022-05-17T19:26:00.800476	485	5.38000000e+02
1.17030114e+01	2022-05-17T19:26:00.816134	486	5.33000000e+02
1.17120023e+01	2022-05-17T19:26:00.832171	487	5.34000000e+02
1.17380388e+01	2022-05-17T19:26:00.853856	488	5.86000000e+02
1.17610971e+01	2022-05-17T19:26:00.885138	489	5.33000000e+02
1.17689346e+01	2022-05-17T19:26:00.885138	490	5.47000000e+02
1.17774868e+01	2022-05-17T19:26:00.900913	491	5.78000000e+02
1.17858621e+01	2022-05-17T19:26:00.900913	492	5.36000000e+02
1.18058339e+01	2022-05-17T19:26:00.931986	493	5.54000000e+02
1.18345439e+01	2022-05-17T19:26:00.954130	494	5.84000000e+02
1.18390331e+01	2022-05-17T19:26:00.954130	495	5.34000000e+02
1.18510749e+01	2022-05-17T19:26:00.970268	496	5.36000000e+02
1.18676422e+01	2022-05-17T19:26:00.985432	497	5.35000000e+02
1.18760832e+01	2022-05-17T19:26:01.001034	498	5.33000000e+02
1.19030328e+01	2022-05-17T19:26:01.016655	499	5.32000000e+02
1.19130866e+01	2022-05-17T19:26:01.032239	500	5.34000000e+02
1.19400300e+01	2022-05-17T19:26:01.054341	501	5.49000000e+02
1.19718085e+01	2022-05-17T19:26:01.085614	502	5.44000000e+02
1.19820360e+01	2022-05-17T19:26:01.101250	503	5.35000000e+02
1.19900820e+01	2022-05-17T19:26:01.116868	504	5.33000000e+02
1.20075017e+01	2022-05-17T19:26:01.132452	505	5.35000000e+02
1.20348083e+01	2022-05-17T19:26:01.154656	506	5.33000000e+02
1.20393579e+01	2022-05-17T19:26:01.154656	507	5.38000000e+02
1.20476388e+01	2022-05-17T19:26:01.170624	508	5.35000000e+02
1.20561840e+01	2022-05-17T19:26:01.170624	509	5.34000000e+02
1.20757052e+01	2022-05-17T19:26:01.201584	510	5.34000000e+02
1.20976988e+01	2022-05-17T19:26:01.217205	511	5.40000000e+02
1.21084961e+01	2022-05-17T19:26:01.233073	512	5.35000000e+02
1.21176050e+01	2022-05-17T19:26:01.233073	513	5.35000000e+02
1.21398809e+01	2022-05-17T19:26:01.254912	514	5.37000000e+02
1.21630794e+01	2022-05-17T19:26:01.286197	515	5.43000000e+02
1.21744039e+01	2022-05-17T19:26:01.286197	516	5.34000000e+02
1.21830491e+01	2022-05-17T19:26:01.301903	517	5.35000000e+02
1.22074357e+01	2022-05-17T19:26:01.333181	518	5.35000000e+02
1.22293535e+01	2022-05-17T19:26:01.354812	519	5.48000000e+02
1.22315830e+01	2022-05-17T19:26:01.354812	520	5.36000000e+02
1.22454981e+01	2022-05-17T19:26:01.370462	521	5.34000000e+02
1.22519199e+01	2022-05-17T19:26:01.370462	522	5.47000000e+02
1.22605277e+01	2022-05-17T19:26:01.386106	523	5.50000000e+02
1.22689954e+01	2022-05-17T19:26:01.386106	524	5.34000000e+02
1.22913566e+01	2022-05-17T19:26:01.417373	525	5.39000000e+02
1.23192816e+01	2022-05-17T19:26:01.432961	526	5.88000000e+02
1.23216254e+01	2022-05-17T19:26:01.448543	527	5.35000000e+02
1.23299887e+01	2022-05-17T19:26:01.455652	528	5.41000000e+02
1.23389247e+01	2022-05-17T19:26:01.455652	529	5.36000000e+02
1.23618966e+01	2022-05-17T19:26:01.486923	530	5.56000000e+02
1.23707497e+01	2022-05-17T19:26:01.486923	531	5.86000000e+02
1.23917312e+01	2022-05-17T19:26:01.503752	532	5.36000000e+02
1.24001433e+01	2022-05-17T19:26:01.519772	533	5.46000000e+02
1.24327359e+01	2022-05-17T19:26:01.555738	534	5.46000000e+02
1.24547679e+01	2022-05-17T19:26:01.571435	535	5.33000000e+02
1.24616682e+01	2022-05-17T19:26:01.587225	536	5.34000000e+02
1.24733905e+01	2022-05-17T19:26:01.587225	537	5.49000000e+02
1.24926343e+01	2022-05-17T19:26:01.618268	538	5.55000000e+02
1.25211470e+01	2022-05-17T19:26:01.633887	539	5.44000000e+02
1.25304810e+01	2022-05-17T19:26:01.656161	540	5.34000000e+02
1.25389644e+01	2022-05-17T19:26:01.656161	541	5.33000000e+02
1.25612428e+01	2022-05-17T19:26:01.687449	542	5.40000000e+02
1.25902725e+01	2022-05-17T19:26:01.703102	543	5.34000000e+02
1.25962747e+01	2022-05-17T19:26:01.718687	544	5.46000000e+02
1.26046866e+01	2022-05-17T19:26:01.718687	545	5.33000000e+02
1.26128510e+01	2022-05-17T19:26:01.734623	546	5.44000000e+02
1.26210486e+01	2022-05-17T19:26:01.734623	547	5.33000000e+02
1.26407150e+01	2022-05-17T19:26:01.756297	548	5.33000000e+02
1.26630109e+01	2022-05-17T19:26:01.787585	549	5.34000000e+02
1.26741855e+01	2022-05-17T19:26:01.787585	550	5.87000000e+02
1.26826923e+01	2022-05-17T19:26:01.803661	551	5.34000000e+02
1.26911062e+01	2022-05-17T19:26:01.803661	552	5.38000000e+02
1.27090188e+01	2022-05-17T19:26:01.834466	553	5.34000000e+02
1.27314126e+01	2022-05-17T19:26:01.856685	554	5.32000000e+02
1.27397451e+01	2022-05-17T19:26:01.856685	555	5.48000000e+02
1.27481494e+01	2022-05-17T19:26:01.872860	556	5.34000000e+02
1.27570591e+01	2022-05-17T19:26:01.872860	557	5.34000000e+02
1.27787758e+01	2022-05-17T19:26:01.903577	558	5.34000000e+02
1.28079741e+01	2022-05-17T19:26:01.934805	559	5.34000000e+02
1.28137145e+01	2022-05-17T19:26:01.934805	560	5.35000000e+02
1.28221671e+01	2022-05-17T19:26:01.934805	561	5.34000000e+02
1.28341082e+01	2022-05-17T19:26:01.957344	562	5.75000000e+02
1.28418342e+01	2022-05-17T19:26:01.957344	563	5.69000000e+02
1.28625457e+01	2022-05-17T19:26:01.988665	564	5.33000000e+02
1.28907799e+01	2022-05-17T19:26:02.004285	565	5.33000000e+02
1.28998177e+01	2022-05-17T19:26:02.020352	566	5.39000000e+02
1.29263471e+01	2022-05-17T19:26:02.051075	567	5.55000000e+02
1.29340692e+01	2022-05-17T19:26:02.057580	568	5.34000000e+02
1.29576005e+01	2022-05-17T19:26:02.073240	569	5.84000000e+02
1.29603952e+01	2022-05-17T19:26:02.073240	570	5.36000000e+02
1.29689547e+01	2022-05-17T19:26:02.089119	571	5.33000000e+02
1.29776653e+01	2022-05-17T19:26:02.104481	572	5.88000000e+02
1.29983861e+01	2022-05-17T19:26:02.120122	573	5.79000000e+02
1.30204413e+01	2022-05-17T19:26:02.135717	574	5.73000000e+02
1.30307028e+01	2022-05-17T19:26:02.151352	575	5.37000000e+02
1.30393660e+01	2022-05-17T19:26:02.157898	576	5.41000000e+02
1.30506010e+01	2022-05-17T19:26:02.173920	577	5.35000000e+02
1.30588427e+01	2022-05-17T19:26:02.173920	578	5.39000000e+02
1.30802695e+01	2022-05-17T19:26:02.204791	579	5.36000000e+02
1.31101648e+01	2022-05-17T19:26:02.236039	580	5.34000000e+02
1.31119802e+01	2022-05-17T19:26:02.236039	581	5.35000000e+02
1.31214317e+01	2022-05-17T19:26:02.236039	582	5.34000000e+02
1.31329231e+01	2022-05-17T19:26:02.258647	583	5.43000000e+02
1.31414874e+01	2022-05-17T19:26:02.258647	584	5.86000000e+02
1.31643953e+01	2022-05-17T19:26:02.289919	585	5.34000000e+02
1.31931144e+01	2022-05-17T19:26:02.306172	586	5.36000000e+02
1.31986145e+01	2022-05-17T19:26:02.322173	587	5.34000000e+02
1.32067437e+01	2022-05-17T19:26:02.322173	588	5.35000000e+02
1.32288225e+01	2022-05-17T19:26:02.353064	589	5.36000000e+02
1.32529672e+01	2022-05-17T19:26:02.374259	590	5.38000000e+02
1.32679006e+01	2022-05-17T19:26:02.389876	591	5.82000000e+02
1.32762925e+01	2022-05-17T19:26:02.389876	592	5.44000000e+02
1.32847377e+01	2022-05-17T19:26:02.405932	593	5.36000000e+02
1.33118338e+01	2022-05-17T19:26:02.436733	594	5.45000000e+02
1.33413711e+01	2022-05-17T19:26:02.458909	595	5.47000000e+02
1.33460257e+01	2022-05-17T19:26:02.458909	596	5.35000000e+02
1.33544424e+01	2022-05-17T19:26:02.474983	597	5.40000000e+02
1.33824316e+01	2022-05-17T19:26:02.506901	598	5.88000000e+02
1.34064993e+01	2022-05-17T19:26:02.522535	599	5.59000000e+02
1.34156751e+01	2022-05-17T19:26:02.538158	600	5.89000000e+02
1.34237886e+01	2022-05-17T19:26:02.538158	601	5.38000000e+02
1.34322348e+01	2022-05-17T19:26:02.558811	602	5.88000000e+02
1.34446938e+01	2022-05-17T19:26:02.558811	603	5.35000000e+02
1.34723105e+01	2022-05-17T19:26:02.590083	604	5.35000000e+02
1.34947751e+01	2022-05-17T19:26:02.621343	605	5.33000000e+02
1.35018768e+01	2022-05-17T19:26:02.621343	606	5.36000000e+02
1.35140659e+01	2022-05-17T19:26:02.637358	607	5.34000000e+02
1.35270135e+01	2022-05-17T19:26:02.652585	608	5.35000000e+02
1.35464050e+01	2022-05-17T19:26:02.659090	609	5.33000000e+02
1.35705554e+01	2022-05-17T19:26:02.690373	610	5.85000000e+02
1.35801566e+01	2022-05-17T19:26:02.705957	611	5.50000000e+02
1.35877286e+01	2022-05-17T19:26:02.705957	612	5.37000000e+02
1.36118208e+01	2022-05-17T19:26:02.737226	613	5.36000000e+02
1.36410344e+01	2022-05-17T19:26:02.759402	614	5.33000000e+02
1.36450864e+01	2022-05-17T19:26:02.759402	615	5.45000000e+02
1.36533558e+01	2022-05-17T19:26:02.775540	616	5.35000000e+02
1.36615932e+01	2022-05-17T19:26:02.775540	617	5.50000000e+02
1.36818815e+01	2022-05-17T19:26:02.806295	618	5.80000000e+02
1.37107968e+01	2022-05-17T19:26:02.837550	619	5.32000000e+02
1.37142265e+01	2022-05-17T19:26:02.837550	620	5.67000000e+02
1.37228220e+01	2022-05-17T19:26:02.837550	621	5.34000000e+02
1.37312034e+01	2022-05-17T19:26:02.853660	622	5.37000000e+02
1.37400977e+01	2022-05-17T19:26:02.860110	623	5.37000000e+02
1.37668633e+01	2022-05-17T19:26:02.891392	624	5.34000000e+02
1.37968294e+01	2022-05-17T19:26:02.922603	625	5.33000000e+02
1.38086507e+01	2022-05-17T19:26:02.922603	626	5.34000000e+02
1.38172315e+01	2022-05-17T19:26:02.938715	627	5.35000000e+02
1.38440130e+01	2022-05-17T19:26:02.960423	628	5.34000000e+02
1.38460250e+01	2022-05-17T19:26:02.960423	629	5.42000000e+02
1.38756402e+01	2022-05-17T19:26:02.991709	630	5.34000000e+02
1.38867154e+01	2022-05-17T19:26:03.007868	631	5.34000000e+02
1.38950718e+01	2022-05-17T19:26:03.007868	632	5.38000000e+02
1.39030525e+01	2022-05-17T19:26:03.022920	633	5.34000000e+02
1.39116916e+01	2022-05-17T19:26:03.038566	634	5.38000000e+02
1.39290975e+01	2022-05-17T19:26:03.054184	635	5.80000000e+02
1.39601298e+01	2022-05-17T19:26:03.076389	636	5.75000000e+02
1.39638211e+01	2022-05-17T19:26:03.076389	637	5.67000000e+02
1.39725041e+01	2022-05-17T19:26:03.091975	638	5.34000000e+02
1.39803970e+01	2022-05-17T19:26:03.091975	639	5.34000000e+02
1.40065299e+01	2022-05-17T19:26:03.123242	640	5.83000000e+02
1.40290838e+01	2022-05-17T19:26:03.154514	641	5.33000000e+02
1.40384224e+01	2022-05-17T19:26:03.161445	642	5.40000000e+02
1.40506994e+01	2022-05-17T19:26:03.177100	643	5.89000000e+02
1.40628697e+01	2022-05-17T19:26:03.177100	644	5.35000000e+02
1.40828541e+01	2022-05-17T19:26:03.208338	645	5.34000000e+02
1.40917080e+01	2022-05-17T19:26:03.208338	646	5.88000000e+02
1.41089880e+01	2022-05-17T19:26:03.223974	647	5.34000000e+02
1.41201304e+01	2022-05-17T19:26:03.239604	648	5.55000000e+02
1.41285596e+01	2022-05-17T19:26:03.255215	649	5.34000000e+02
1.41410235e+01	2022-05-17T19:26:03.262343	650	5.34000000e+02
1.41666841e+01	2022-05-17T19:26:03.293615	651	5.35000000e+02
1.41928425e+01	2022-05-17T19:26:03.309883	652	5.35000000e+02
1.42006598e+01	2022-05-17T19:26:03.325559	653	5.33000000e+02
1.42103413e+01	2022-05-17T19:26:03.325559	654	5.35000000e+02
1.42185443e+01	2022-05-17T19:26:03.341669	655	5.33000000e+02
1.42267335e+01	2022-05-17T19:26:03.341669	656	5.38000000e+02
1.42545396e+01	2022-05-17T19:26:03.377963	657	5.77000000e+02
1.42728938e+01	2022-05-17T19:26:03.393597	658	5.34000000e+02
1.42886343e+01	2022-05-17T19:26:03.409179	659	5.34000000e+02
1.42997781e+01	2022-05-17T19:26:03.425295	660	5.44000000e+02
1.43093726e+01	2022-05-17T19:26:03.425295	661	5.90000000e+02
1.43307992e+01	2022-05-17T19:26:03.456064	662	5.34000000e+02
1.43627990e+01	2022-05-17T19:26:03.478233	663	5.33000000e+02
1.43738012e+01	2022-05-17T19:26:03.495401	664	5.34000000e+02
1.43820358e+01	2022-05-17T19:26:03.495401	665	5.35000000e+02
1.44024253e+01	2022-05-17T19:26:03.526672	666	5.35000000e+02
1.44317550e+01	2022-05-17T19:26:03.557932	667	5.33000000e+02
1.44352542e+01	2022-05-17T19:26:03.557932	668	5.35000000e+02
1.44438337e+01	2022-05-17T19:26:03.562461	669	5.35000000e+02
1.44521834e+01	2022-05-17T19:26:03.578085	670	5.35000000e+02
1.44646503e+01	2022-05-17T19:26:03.578085	671	5.45000000e+02
1.44930801e+01	2022-05-17T19:26:03.609490	672	5.33000000e+02
1.45145192e+01	2022-05-17T19:26:03.640611	673	5.35000000e+02
1.45214599e+01	2022-05-17T19:26:03.640611	674	5.36000000e+02
1.45300271e+01	2022-05-17T19:26:03.656229	675	5.34000000e+02
1.45419115e+01	2022-05-17T19:26:03.663347	676	5.38000000e+02
1.45504689e+01	2022-05-17T19:26:03.663347	677	5.45000000e+02
1.45713718e+01	2022-05-17T19:26:03.694624	678	5.33000000e+02
1.46005649e+01	2022-05-17T19:26:03.725875	679	5.33000000e+02
1.46043405e+01	2022-05-17T19:26:03.725875	680	5.34000000e+02
1.46159962e+01	2022-05-17T19:26:03.741524	681	5.40000000e+02
1.46279718e+01	2022-05-17T19:26:03.741524	682	5.35000000e+02
1.46488850e+01	2022-05-17T19:26:03.763609	683	5.33000000e+02
1.46791842e+01	2022-05-17T19:26:03.794901	684	5.34000000e+02
1.46852558e+01	2022-05-17T19:26:03.811005	685	5.33000000e+02
1.46937233e+01	2022-05-17T19:26:03.811005	686	5.74000000e+02
1.47177152e+01	2022-05-17T19:26:03.841748	687	5.33000000e+02
1.47486414e+01	2022-05-17T19:26:03.863924	688	5.82000000e+02
1.47504196e+01	2022-05-17T19:26:03.863924	689	5.55000000e+02
1.47592110e+01	2022-05-17T19:26:03.880035	690	5.48000000e+02
1.47674991e+01	2022-05-17T19:26:03.880035	691	5.35000000e+02
1.47876269e+01	2022-05-17T19:26:03.910818	692	5.45000000e+02
1.47960391e+01	2022-05-17T19:26:03.910818	693	5.81000000e+02
1.48199828e+01	2022-05-17T19:26:03.942078	694	5.36000000e+02
1.48289740e+01	2022-05-17T19:26:03.942078	695	5.34000000e+02
1.48407814e+01	2022-05-17T19:26:03.964395	696	5.34000000e+02
1.48495124e+01	2022-05-17T19:26:03.964395	697	5.34000000e+02
1.48713962e+01	2022-05-17T19:26:03.995677	698	5.40000000e+02
1.49002662e+01	2022-05-17T19:26:04.026928	699	5.34000000e+02
1.49063757e+01	2022-05-17T19:26:04.026928	700	5.86000000e+02
1.49149671e+01	2022-05-17T19:26:04.026928	701	5.35000000e+02
1.49351318e+01	2022-05-17T19:26:04.058156	702	5.33000000e+02
1.49677643e+01	2022-05-17T19:26:04.080337	703	5.33000000e+02
1.49721862e+01	2022-05-17T19:26:04.095985	704	5.38000000e+02
1.49805379e+01	2022-05-17T19:26:04.095985	705	5.84000000e+02
1.49925648e+01	2022-05-17T19:26:04.112109	706	5.39000000e+02
1.50011402e+01	2022-05-17T19:26:04.127230	707	5.34000000e+02
1.50124564e+01	2022-05-17T19:26:04.127230	708	5.35000000e+02
1.50388207e+01	2022-05-17T19:26:04.164955	709	5.32000000e+02
1.50696950e+01	2022-05-17T19:26:04.196228	710	5.40000000e+02
1.50787265e+01	2022-05-17T19:26:04.196228	711	5.35000000e+02
1.50905105e+01	2022-05-17T19:26:04.212442	712	5.34000000e+02
1.50988565e+01	2022-05-17T19:26:04.212442	713	5.41000000e+02
1.51225160e+01	2022-05-17T19:26:04.243089	714	5.33000000e+02
1.51523947e+01	2022-05-17T19:26:04.265240	715	5.36000000e+02
1.51539754e+01	2022-05-17T19:26:04.280865	716	5.32000000e+02
1.51646613e+01	2022-05-17T19:26:04.280865	717	5.35000000e+02
1.51887646e+01	2022-05-17T19:26:04.312133	718	5.82000000e+02
1.52125798e+01	2022-05-17T19:26:04.328406	719	5.34000000e+02
1.52204564e+01	2022-05-17T19:26:04.344072	720	5.43000000e+02
1.52304555e+01	2022-05-17T19:26:04.344072	721	5.33000000e+02
1.52423417e+01	2022-05-17T19:26:04.365450	722	5.39000000e+02
1.52508780e+01	2022-05-17T19:26:04.365450	723	5.84000000e+02
1.52723659e+01	2022-05-17T19:26:04.396721	724	5.33000000e+02
1.52975490e+01	2022-05-17T19:26:04.412356	725	5.78000000e+02
1.53128511e+01	2022-05-17T19:26:04.428484	726	5.34000000e+02
1.53157809e+01	2022-05-17T19:26:04.428484	727	5.34000000e+02
1.53253721e+01	2022-05-17T19:26:04.443560	728	5.36000000e+02
1.53507619e+01	2022-05-17T19:26:04.465601	729	5.33000000e+02
1.53772075e+01	2022-05-17T19:26:04.497502	730	5.33000000e+02
1.53856959e+01	2022-05-17T19:26:04.497502	731	5.34000000e+02
1.53941091e+01	2022-05-17T19:26:04.513126	732	5.36000000e+02
1.54210206e+01	2022-05-17T19:26:04.544394	733	5.33000000e+02
1.54454314e+01	2022-05-17T19:26:04.565562	734	5.34000000e+02
1.54536428e+01	2022-05-17T19:26:04.565562	735	5.33000000e+02
1.54637010e+01	2022-05-17T19:26:04.581476	736	5.34000000e+02
1.54845488e+01	2022-05-17T19:26:04.597438	737	5.35000000e+02
1.54927902e+01	2022-05-17T19:26:04.612431	738	5.46000000e+02
1.55230985e+01	2022-05-17T19:26:04.643718	739	5.49000000e+02
1.55333323e+01	2022-05-17T19:26:04.659293	740	5.35000000e+02
1.55455591e+01	2022-05-17T19:26:04.666091	741	5.34000000e+02
1.55539587e+01	2022-05-17T19:26:04.666091	742	5.35000000e+02
1.55734538e+01	2022-05-17T19:26:04.697338	743	5.42000000e+02
1.55815564e+01	2022-05-17T19:26:04.697338	744	5.34000000e+02
1.56060118e+01	2022-05-17T19:26:04.728622	745	5.49000000e+02
1.56152251e+01	2022-05-17T19:26:04.728622	746	5.35000000e+02
1.56231273e+01	2022-05-17T19:26:04.744681	747	5.34000000e+02
1.56317233e+01	2022-05-17T19:26:04.744681	748	5.37000000e+02
1.56592367e+01	2022-05-17T19:26:04.781935	749	5.49000000e+02
1.56838992e+01	2022-05-17T19:26:04.797563	750	5.46000000e+02
1.56883242e+01	2022-05-17T19:26:04.813587	751	5.35000000e+02
1.56971104e+01	2022-05-17T19:26:04.813587	752	5.34000000e+02
1.57201492e+01	2022-05-17T19:26:04.844414	753	5.44000000e+02
1.57527884e+01	2022-05-17T19:26:04.866590	754	5.35000000e+02
1.57624403e+01	2022-05-17T19:26:04.882493	755	5.36000000e+02
1.57709930e+01	2022-05-17T19:26:04.897847	756	5.50000000e+02
1.57898077e+01	2022-05-17T19:26:04.913488	757	5.34000000e+02
1.57987037e+01	2022-05-17T19:26:04.913488	758	5.35000000e+02
1.58238552e+01	2022-05-17T19:26:04.945459	759	5.33000000e+02
1.58322058e+01	2022-05-17T19:26:04.945459	760	5.63000000e+02
1.58401718e+01	2022-05-17T19:26:04.966553	761	5.50000000e+02
1.58487880e+01	2022-05-17T19:26:04.966553	762	5.67000000e+02
1.58726439e+01	2022-05-17T19:26:04.997825	763	5.35000000e+02
1.58980861e+01	2022-05-17T19:26:05.013463	764	5.80000000e+02
1.59071201e+01	2022-05-17T19:26:05.029081	765	5.34000000e+02
1.59178596e+01	2022-05-17T19:26:05.044678	766	5.34000000e+02
1.59264871e+01	2022-05-17T19:26:05.044678	767	5.34000000e+02
1.59558375e+01	2022-05-17T19:26:05.082242	768	5.48000000e+02
1.59871231e+01	2022-05-17T19:26:05.113491	769	5.34000000e+02
1.59918916e+01	2022-05-17T19:26:05.113491	770	5.34000000e+02
1.60003898e+01	2022-05-17T19:26:05.113491	771	5.40000000e+02
1.60121259e+01	2022-05-17T19:26:05.129109	772	5.35000000e+02
1.60404572e+01	2022-05-17T19:26:05.166852	773	5.35000000e+02
1.60653540e+01	2022-05-17T19:26:05.182514	774	5.34000000e+02
1.60738118e+01	2022-05-17T19:26:05.198136	775	5.33000000e+02
1.60822073e+01	2022-05-17T19:26:05.198136	776	5.44000000e+02
1.60942774e+01	2022-05-17T19:26:05.213987	777	5.34000000e+02
1.61121557e+01	2022-05-17T19:26:05.229375	778	5.39000000e+02
1.61237936e+01	2022-05-17T19:26:05.244986	779	5.46000000e+02
1.61481658e+01	2022-05-17T19:26:05.267127	780	5.33000000e+02
1.61598451e+01	2022-05-17T19:26:05.282985	781	5.34000000e+02
1.61682529e+01	2022-05-17T19:26:05.282985	782	5.33000000e+02
1.61921872e+01	2022-05-17T19:26:05.314566	783	5.53000000e+02
1.62194850e+01	2022-05-17T19:26:05.345868	784	5.35000000e+02
1.62297682e+01	2022-05-17T19:26:05.345868	785	5.36000000e+02
1.62417371e+01	2022-05-17T19:26:05.367512	786	5.34000000e+02
1.62502431e+01	2022-05-17T19:26:05.367512	787	5.34000000e+02
1.62743288e+01	2022-05-17T19:26:05.398796	788	5.36000000e+02
1.62994755e+01	2022-05-17T19:26:05.414452	789	5.34000000e+02
1.63089645e+01	2022-05-17T19:26:05.430061	790	5.33000000e+02
1.63153878e+01	2022-05-17T19:26:05.430061	791	5.44000000e+02
1.63236360e+01	2022-05-17T19:26:05.445623	792	5.34000000e+02
1.63325356e+01	2022-05-17T19:26:05.445623	793	5.35000000e+02
1.63543660e+01	2022-05-17T19:26:05.467795	794	5.35000000e+02
1.63864189e+01	2022-05-17T19:26:05.499683	795	5.77000000e+02
1.63975244e+01	2022-05-17T19:26:05.515426	796	5.37000000e+02
1.64058398e+01	2022-05-17T19:26:05.530930	797	5.34000000e+02
1.64240416e+01	2022-05-17T19:26:05.546587	798	5.80000000e+02
1.64568545e+01	2022-05-17T19:26:05.583493	799	5.34000000e+02
1.64583471e+01	2022-05-17T19:26:05.583493	800	5.34000000e+02
1.64669735e+01	2022-05-17T19:26:05.583493	801	5.35000000e+02
1.64751477e+01	2022-05-17T19:26:05.599073	802	5.73000000e+02
1.64833548e+01	2022-05-17T19:26:05.599073	803	5.33000000e+02
1.65067319e+01	2022-05-17T19:26:05.630316	804	5.72000000e+02
1.65391974e+01	2022-05-17T19:26:05.661600	805	5.33000000e+02
1.65494955e+01	2022-05-17T19:26:05.668622	806	5.45000000e+02
1.65776445e+01	2022-05-17T19:26:05.699905	807	5.36000000e+02
1.66053493e+01	2022-05-17T19:26:05.731113	808	5.51000000e+02
1.66137974e+01	2022-05-17T19:26:05.731113	809	5.87000000e+02
1.66230838e+01	2022-05-17T19:26:05.747134	810	5.37000000e+02
1.66346879e+01	2022-05-17T19:26:05.747134	811	5.34000000e+02
1.66542961e+01	2022-05-17T19:26:05.768825	812	5.74000000e+02
1.66802181e+01	2022-05-17T19:26:05.800147	813	5.38000000e+02
1.66892810e+01	2022-05-17T19:26:05.815737	814	5.36000000e+02
1.67005495e+01	2022-05-17T19:26:05.815737	815	5.75000000e+02
1.67087304e+01	2022-05-17T19:26:05.831637	816	5.37000000e+02
1.67170455e+01	2022-05-17T19:26:05.831637	817	5.34000000e+02
1.67395876e+01	2022-05-17T19:26:05.862592	818	5.35000000e+02
1.67654278e+01	2022-05-17T19:26:05.884840	819	5.38000000e+02
1.67742405e+01	2022-05-17T19:26:05.900415	820	5.36000000e+02
1.67826443e+01	2022-05-17T19:26:05.900415	821	5.50000000e+02
1.67947426e+01	2022-05-17T19:26:05.916009	822	5.34000000e+02
1.68030481e+01	2022-05-17T19:26:05.916009	823	5.53000000e+02
1.68243025e+01	2022-05-17T19:26:05.947277	824	5.35000000e+02
1.68482043e+01	2022-05-17T19:26:05.969462	825	5.33000000e+02
1.68570387e+01	2022-05-17T19:26:05.969462	826	5.37000000e+02
1.68684987e+01	2022-05-17T19:26:05.985552	827	5.33000000e+02
1.68920836e+01	2022-05-17T19:26:06.016365	828	5.45000000e+02
1.69220198e+01	2022-05-17T19:26:06.047613	829	5.41000000e+02
1.69257463e+01	2022-05-17T19:26:06.047613	830	5.39000000e+02
1.69342118e+01	2022-05-17T19:26:06.047613	831	5.36000000e+02
1.69462289e+01	2022-05-17T19:26:06.070114	832	5.33000000e+02
1.69554424e+01	2022-05-17T19:26:06.070114	833	5.87000000e+02
1.69755117e+01	2022-05-17T19:26:06.101386	834	5.33000000e+02
1.70073471e+01	2022-05-17T19:26:06.132644	835	5.34000000e+02
1.70114859e+01	2022-05-17T19:26:06.132644	836	5.35000000e+02
1.70194006e+01	2022-05-17T19:26:06.132644	837	5.34000000e+02
1.70277693e+01	2022-05-17T19:26:06.148234	838	5.34000000e+02
1.70362996e+01	2022-05-17T19:26:06.148234	839	5.84000000e+02
1.70524516e+01	2022-05-17T19:26:06.170394	840	5.34000000e+02
1.70801403e+01	2022-05-17T19:26:06.201677	841	5.83000000e+02
1.70892729e+01	2022-05-17T19:26:06.201677	842	5.36000000e+02
1.70979765e+01	2022-05-17T19:26:06.217673	843	5.40000000e+02
1.71252408e+01	2022-05-17T19:26:06.248525	844	5.36000000e+02
1.71519170e+01	2022-05-17T19:26:06.270708	845	5.34000000e+02
1.71632693e+01	2022-05-17T19:26:06.286332	846	5.42000000e+02
1.71713916e+01	2022-05-17T19:26:06.286332	847	5.36000000e+02
1.72013261e+01	2022-05-17T19:26:06.318708	848	5.33000000e+02
1.72276591e+01	2022-05-17T19:26:06.349963	849	5.45000000e+02
1.72372878e+01	2022-05-17T19:26:06.349963	850	5.47000000e+02
1.72491847e+01	2022-05-17T19:26:06.371030	851	5.38000000e+02
1.72569654e+01	2022-05-17T19:26:06.371030	852	5.41000000e+02
1.72716542e+01	2022-05-17T19:26:06.387169	853	5.35000000e+02
1.72840344e+01	2022-05-17T19:26:06.402312	854	5.34000000e+02
1.73060102e+01	2022-05-17T19:26:06.417924	855	5.35000000e+02
1.73144861e+01	2022-05-17T19:26:06.433561	856	5.41000000e+02
1.73229193e+01	2022-05-17T19:26:06.449166	857	5.35000000e+02
1.73314027e+01	2022-05-17T19:26:06.449166	858	5.34000000e+02
1.73538111e+01	2022-05-17T19:26:06.471410	859	5.44000000e+02
1.73875022e+01	2022-05-17T19:26:06.503320	860	5.50000000e+02
1.73967979e+01	2022-05-17T19:26:06.519381	861	5.35000000e+02
1.74049569e+01	2022-05-17T19:26:06.519381	862	5.34000000e+02
1.74244688e+01	2022-05-17T19:26:06.550167	863	5.84000000e+02
1.74332069e+01	2022-05-17T19:26:06.550167	864	5.35000000e+02
1.74600629e+01	2022-05-17T19:26:06.587014	865	5.34000000e+02
1.74704058e+01	2022-05-17T19:26:06.587014	866	5.89000000e+02
1.74944502e+01	2022-05-17T19:26:06.618283	867	5.32000000e+02
1.75236480e+01	2022-05-17T19:26:06.649542	868	5.33000000e+02
1.75320185e+01	2022-05-17T19:26:06.649542	869	5.34000000e+02
1.75399939e+01	2022-05-17T19:26:06.665408	870	5.38000000e+02
1.75484271e+01	2022-05-17T19:26:06.672014	871	5.84000000e+02
1.75562556e+01	2022-05-17T19:26:06.672014	872	5.86000000e+02
1.75774730e+01	2022-05-17T19:26:06.703289	873	5.33000000e+02
1.76091896e+01	2022-05-17T19:26:06.734548	874	5.34000000e+02
1.76144382e+01	2022-05-17T19:26:06.734548	875	5.34000000e+02
1.76260630e+01	2022-05-17T19:26:06.750474	876	5.34000000e+02
1.76345946e+01	2022-05-17T19:26:06.750474	877	5.39000000e+02
1.76569861e+01	2022-05-17T19:26:06.772314	878	5.33000000e+02
1.76895720e+01	2022-05-17T19:26:06.803600	879	5.34000000e+02
1.76910360e+01	2022-05-17T19:26:06.803600	880	5.34000000e+02
1.76999630e+01	2022-05-17T19:26:06.819632	881	5.39000000e+02
1.77080238e+01	2022-05-17T19:26:06.834820	882	5.35000000e+02
1.77265541e+01	2022-05-17T19:26:06.850424	883	5.33000000e+02
1.77587117e+01	2022-05-17T19:26:06.872698	884	5.39000000e+02
1.77609868e+01	2022-05-17T19:26:06.872698	885	5.80000000e+02
1.77698351e+01	2022-05-17T19:26:06.888324	886	5.34000000e+02
1.77967687e+01	2022-05-17T19:26:06.919592	887	5.44000000e+02
1.78257588e+01	2022-05-17T19:26:06.950851	888	5.78000000e+02
1.78312037e+01	2022-05-17T19:26:06.950851	889	5.34000000e+02
1.78431762e+01	2022-05-17T19:26:06.966922	890	5.33000000e+02
1.78513639e+01	2022-05-17T19:26:06.973472	891	5.35000000e+02
1.78597382e+01	2022-05-17T19:26:06.973472	892	5.52000000e+02
1.78787167e+01	2022-05-17T19:26:07.004795	893	5.40000000e+02
1.79129355e+01	2022-05-17T19:26:07.036002	894	5.34000000e+02
1.79256627e+01	2022-05-17T19:26:07.051638	895	5.33000000e+02
1.79333707e+01	2022-05-17T19:26:07.051638	896	5.36000000e+02
1.79417821e+01	2022-05-17T19:26:07.067204	897	5.43000000e+02
1.79541051e+01	2022-05-17T19:26:07.074320	898	5.75000000e+02
1.79658052e+01	2022-05-17T19:26:07.090447	899	5.34000000e+02
1.79742775e+01	2022-05-17T19:26:07.090447	900	5.35000000e+02
1.80020782e+01	2022-05-17T19:26:07.121224	901	5.32000000e+02
1.80257091e+01	2022-05-17T19:26:07.152469	902	5.36000000e+02
1.80358503e+01	2022-05-17T19:26:07.152469	903	5.35000000e+02
1.80481736e+01	2022-05-17T19:26:07.174628	904	5.44000000e+02
1.80603483e+01	2022-05-17T19:26:07.174628	905	5.34000000e+02
1.80805287e+01	2022-05-17T19:26:07.205900	906	5.33000000e+02
1.81084504e+01	2022-05-17T19:26:07.221537	907	5.44000000e+02
1.81169156e+01	2022-05-17T19:26:07.237161	908	5.34000000e+02
1.81259680e+01	2022-05-17T19:26:07.252752	909	5.70000000e+02
1.81381244e+01	2022-05-17T19:26:07.252752	910	5.41000000e+02
1.81568494e+01	2022-05-17T19:26:07.274902	911	5.33000000e+02
1.81912828e+01	2022-05-17T19:26:07.306782	912	5.35000000e+02
1.81995779e+01	2022-05-17T19:26:07.322970	913	5.35000000e+02
1.82080872e+01	2022-05-17T19:26:07.322970	914	5.45000000e+02
1.82283917e+01	2022-05-17T19:26:07.353674	915	5.54000000e+02
1.82557714e+01	2022-05-17T19:26:07.374875	916	5.50000000e+02
1.82651796e+01	2022-05-17T19:26:07.390499	917	5.35000000e+02
1.82773492e+01	2022-05-17T19:26:07.390499	918	5.34000000e+02
1.82857226e+01	2022-05-17T19:26:07.406586	919	5.35000000e+02
1.82939116e+01	2022-05-17T19:26:07.406586	920	5.52000000e+02
1.83122387e+01	2022-05-17T19:26:07.437407	921	5.33000000e+02
1.83395412e+01	2022-05-17T19:26:07.453022	922	5.35000000e+02
1.83554698e+01	2022-05-17T19:26:07.475158	923	5.34000000e+02
1.83672607e+01	2022-05-17T19:26:07.492979	924	5.42000000e+02
1.83754230e+01	2022-05-17T19:26:07.492979	925	5.34000000e+02
1.83980571e+01	2022-05-17T19:26:07.524260	926	5.33000000e+02
1.84337663e+01	2022-05-17T19:26:07.555511	927	5.32000000e+02
1.84412304e+01	2022-05-17T19:26:07.555511	928	5.50000000e+02
1.84494948e+01	2022-05-17T19:26:07.575135	929	5.35000000e+02
1.84618480e+01	2022-05-17T19:26:07.575135	930	5.43000000e+02
1.84820164e+01	2022-05-17T19:26:07.606424	931	5.33000000e+02
1.85148369e+01	2022-05-17T19:26:07.637667	932	5.38000000e+02
1.85225843e+01	2022-05-17T19:26:07.637667	933	5.35000000e+02
1.85317294e+01	2022-05-17T19:26:07.653786	934	5.66000000e+02
1.85572615e+01	2022-05-17T19:26:07.675391	935	5.77000000e+02
1.85932281e+01	2022-05-17T19:26:07.706672	936	5.35000000e+02
1.86048802e+01	2022-05-17T19:26:07.722712	937	5.34000000e+02
1.86239604e+01	2022-05-17T19:26:07.738516	938	5.52000000e+02
1.86305752e+01	2022-05-17T19:26:07.753527	939	5.33000000e+02
1.86648499e+01	2022-05-17T19:26:07.791333	940	5.32000000e+02
1.86746609e+01	2022-05-17T19:26:07.791333	941	5.38000000e+02
1.86827718e+01	2022-05-17T19:26:07.807543	942	5.34000000e+02
1.86910810e+01	2022-05-17T19:26:07.807543	943	5.42000000e+02
1.87140186e+01	2022-05-17T19:26:07.838228	944	5.35000000e+02
1.87471557e+01	2022-05-17T19:26:07.869478	945	5.32000000e+02
1.87561196e+01	2022-05-17T19:26:07.876458	946	5.35000000e+02
1.87650471e+01	2022-05-17T19:26:07.892132	947	5.79000000e+02
1.87770764e+01	2022-05-17T19:26:07.892132	948	5.39000000e+02
1.88039971e+01	2022-05-17T19:26:07.923351	949	5.35000000e+02
1.88321933e+01	2022-05-17T19:26:07.954609	950	5.44000000e+02
1.88426294e+01	2022-05-17T19:26:07.954609	951	5.35000000e+02
1.88509864e+01	2022-05-17T19:26:07.976629	952	5.51000000e+02
1.88631264e+01	2022-05-17T19:26:07.976629	953	5.35000000e+02
1.88823057e+01	2022-05-17T19:26:08.007876	954	5.33000000e+02
1.89108627e+01	2022-05-17T19:26:08.023533	955	5.34000000e+02
1.89202808e+01	2022-05-17T19:26:08.039164	956	5.46000000e+02
1.89289294e+01	2022-05-17T19:26:08.054778	957	5.57000000e+02
1.89408197e+01	2022-05-17T19:26:08.054778	958	5.34000000e+02
1.89611027e+01	2022-05-17T19:26:08.076915	959	5.34000000e+02
1.89693785e+01	2022-05-17T19:26:08.092582	960	5.37000000e+02
1.89976612e+01	2022-05-17T19:26:08.123822	961	5.34000000e+02
1.90016587e+01	2022-05-17T19:26:08.123822	962	5.36000000e+02
1.90101974e+01	2022-05-17T19:26:08.123822	963	5.38000000e+02
1.90180777e+01	2022-05-17T19:26:08.139440	964	5.33000000e+02
1.90266120e+01	2022-05-17T19:26:08.139440	965	5.80000000e+02
1.90447752e+01	2022-05-17T19:26:08.170683	966	5.37000000e+02
1.90788543e+01	2022-05-17T19:26:08.192893	967	5.33000000e+02
1.90881692e+01	2022-05-17T19:26:08.208988	968	5.44000000e+02
1.90967196e+01	2022-05-17T19:26:08.208988	969	5.34000000e+02
1.91091245e+01	2022-05-17T19:26:08.224100	970	5.35000000e+02
1.91314957e+01	2022-05-17T19:26:08.255367	971	5.33000000e+02
1.91655531e+01	2022-05-17T19:26:08.277541	972	5.58000000e+02
1.91704452e+01	2022-05-17T19:26:08.293207	973	5.33000000e+02
1.91829638e+01	2022-05-17T19:26:08.309425	974	5.42000000e+02
1.91947343e+01	2022-05-17T19:26:08.309425	975	5.38000000e+02
1.92099158e+01	2022-05-17T19:26:08.325577	976	5.34000000e+02
1.92243708e+01	2022-05-17T19:26:08.340671	977	5.34000000e+02
1.92516628e+01	2022-05-17T19:26:08.377475	978	5.45000000e+02
1.92562561e+01	2022-05-17T19:26:08.377475	979	5.36000000e+02
1.92646930e+01	2022-05-17T19:26:08.377475	980	5.49000000e+02
1.92768720e+01	2022-05-17T19:26:08.393540	981	5.35000000e+02
1.92989007e+01	2022-05-17T19:26:08.424369	982	5.34000000e+02
1.93081676e+01	2022-05-17T19:26:08.424369	983	5.43000000e+02
1.93364903e+01	2022-05-17T19:26:08.455621	984	5.33000000e+02
1.93422783e+01	2022-05-17T19:26:08.455621	985	5.34000000e+02
1.93505792e+01	2022-05-17T19:26:08.477697	986	5.46000000e+02
1.93625908e+01	2022-05-17T19:26:08.477697	987	5.36000000e+02
1.93831025e+01	2022-05-17T19:26:08.510028	988	5.34000000e+02
1.93928991e+01	2022-05-17T19:26:08.510028	989	5.56000000e+02
1.94154043e+01	2022-05-17T19:26:08.541288	990	5.39000000e+02
1.94237405e+01	2022-05-17T19:26:08.541288	991	5.42000000e+02
1.94318873e+01	2022-05-17T19:26:08.557458	992	5.36000000e+02
1.94409829e+01	2022-05-17T19:26:08.557458	993	5.33000000e+02
1.94630476e+01	2022-05-17T19:26:08.577603	994	5.34000000e+02
1.94727553e+01	2022-05-17T19:26:08.593259	995	5.34000000e+02
1.94989873e+01	2022-05-17T19:26:08.624513	996	5.33000000e+02
1.95055465e+01	2022-05-17T19:26:08.624513	997	5.84000000e+02
1.95145262e+01	2022-05-17T19:26:08.640171	998	5.43000000e+02
1.95266564e+01	2022-05-17T19:26:08.640171	999	5.34000000e+02
1.95488059e+01	2022-05-17T19:26:08.671360	1000	5.54000000e+02