Time elapsed	Time stamp	Loop Index	GP2Y ADC
s			Cts

5.01794770e+00	2022-05-17T19:26:26.503527	1	4.81000000e+02
5.02801240e+00	2022-05-17T19:26:26.503527	2	4.75000000e+02
5.03630310e+00	2022-05-17T19:26:26.518481	3	4.73000000e+02
5.05933740e+00	2022-05-17T19:26:26.539289	4	4.92000000e+02
5.06294090e+00	2022-05-17T19:26:26.539289	5	4.80000000e+02
5.09389800e+00	2022-05-17T19:26:26.570574	6	5.06000000e+02
5.10782510e+00	2022-05-17T19:26:26.586213	7	4.77000000e+02
5.12090130e+00	2022-05-17T19:26:26.601820	8	4.74000000e+02
5.13036400e+00	2022-05-17T19:26:26.617401	9	4.77000000e+02
5.13811060e+00	2022-05-17T19:26:26.617401	10	4.76000000e+02
5.14604050e+00	2022-05-17T19:26:26.633020	11	4.73000000e+02
5.17579160e+00	2022-05-17T19:26:26.655184	12	4.73000000e+02
5.18910270e+00	2022-05-17T19:26:26.670815	13	4.82000000e+02
5.19786700e+00	2022-05-17T19:26:26.670815	14	4.74000000e+02
5.20765880e+00	2022-05-17T19:26:26.686870	15	4.73000000e+02
5.23592110e+00	2022-05-17T19:26:26.717668	16	4.73000000e+02
5.25007650e+00	2022-05-17T19:26:26.733268	17	4.83000000e+02
5.26146680e+00	2022-05-17T19:26:26.739783	18	4.74000000e+02
5.26971910e+00	2022-05-17T19:26:26.755444	19	4.73000000e+02
5.27777210e+00	2022-05-17T19:26:26.755444	20	4.76000000e+02
5.30714500e+00	2022-05-17T19:26:26.786653	21	4.72000000e+02
5.33061800e+00	2022-05-17T19:26:26.817894	22	4.73000000e+02
5.33908020e+00	2022-05-17T19:26:26.817894	23	4.74000000e+02
5.36395180e+00	2022-05-17T19:26:26.840126	24	4.73000000e+02
5.37868550e+00	2022-05-17T19:26:26.855791	25	4.73000000e+02
5.38453600e+00	2022-05-17T19:26:26.871450	26	4.75000000e+02
5.39180340e+00	2022-05-17T19:26:26.871450	27	4.73000000e+02
5.40077160e+00	2022-05-17T19:26:26.887031	28	4.74000000e+02
5.40830330e+00	2022-05-17T19:26:26.887031	29	4.79000000e+02
5.43590390e+00	2022-05-17T19:26:26.918272	30	4.87000000e+02
5.44433670e+00	2022-05-17T19:26:26.918272	31	4.76000000e+02
5.45722170e+00	2022-05-17T19:26:26.940432	32	4.75000000e+02
5.46602420e+00	2022-05-17T19:26:26.940432	33	4.74000000e+02
5.47388210e+00	2022-05-17T19:26:26.956059	34	4.75000000e+02
5.48244550e+00	2022-05-17T19:26:26.956059	35	4.80000000e+02
5.50639240e+00	2022-05-17T19:26:26.987327	36	4.72000000e+02
5.52628350e+00	2022-05-17T19:26:27.002971	37	4.80000000e+02
5.53649110e+00	2022-05-17T19:26:27.018953	38	4.73000000e+02
5.56619820e+00	2022-05-17T19:26:27.040673	39	4.74000000e+02
5.56804530e+00	2022-05-17T19:26:27.040673	40	4.73000000e+02
5.58217510e+00	2022-05-17T19:26:27.056330	41	4.73000000e+02
5.59240050e+00	2022-05-17T19:26:27.071961	42	4.96000000e+02
5.60249520e+00	2022-05-17T19:26:27.087617	43	4.80000000e+02
5.61349820e+00	2022-05-17T19:26:27.087617	44	4.74000000e+02
5.63392600e+00	2022-05-17T19:26:27.118846	45	4.83000000e+02
5.64631510e+00	2022-05-17T19:26:27.118846	46	4.77000000e+02
5.65438560e+00	2022-05-17T19:26:27.140959	47	4.74000000e+02
5.66298130e+00	2022-05-17T19:26:27.140959	48	4.74000000e+02
5.67472010e+00	2022-05-17T19:26:27.156632	49	4.77000000e+02
5.68331680e+00	2022-05-17T19:26:27.156632	50	4.84000000e+02
5.70403120e+00	2022-05-17T19:26:27.187854	51	4.73000000e+02
5.72530500e+00	2022-05-17T19:26:27.203492	52	4.86000000e+02
5.72763560e+00	2022-05-17T19:26:27.203492	53	4.73000000e+02
5.73660040e+00	2022-05-17T19:26:27.219659	54	4.74000000e+02
5.74472610e+00	2022-05-17T19:26:27.219659	55	4.90000000e+02
5.76995980e+00	2022-05-17T19:26:27.256931	56	4.76000000e+02
5.78830490e+00	2022-05-17T19:26:27.272551	57	4.73000000e+02
5.79798220e+00	2022-05-17T19:26:27.272551	58	4.75000000e+02
5.80574860e+00	2022-05-17T19:26:27.288364	59	4.74000000e+02
5.81438720e+00	2022-05-17T19:26:27.288364	60	4.74000000e+02
5.83611790e+00	2022-05-17T19:26:27.320512	61	4.70000000e+02
5.85055040e+00	2022-05-17T19:26:27.336183	62	4.77000000e+02
5.85951920e+00	2022-05-17T19:26:27.341235	63	4.73000000e+02
5.87135440e+00	2022-05-17T19:26:27.356990	64	4.73000000e+02
5.88003510e+00	2022-05-17T19:26:27.356990	65	4.72000000e+02
5.90915420e+00	2022-05-17T19:26:27.388103	66	4.76000000e+02
5.92993210e+00	2022-05-17T19:26:27.403761	67	4.75000000e+02
5.94102890e+00	2022-05-17T19:26:27.419677	68	4.78000000e+02
5.96629340e+00	2022-05-17T19:26:27.441461	69	4.83000000e+02
5.98837810e+00	2022-05-17T19:26:27.472753	70	4.77000000e+02
5.99389280e+00	2022-05-17T19:26:27.472753	71	4.74000000e+02
6.00249630e+00	2022-05-17T19:26:27.489573	72	4.79000000e+02
6.01051670e+00	2022-05-17T19:26:27.489573	73	4.74000000e+02
6.03134030e+00	2022-05-17T19:26:27.505229	74	4.72000000e+02
6.03824130e+00	2022-05-17T19:26:27.520820	75	4.73000000e+02
6.05610080e+00	2022-05-17T19:26:27.541543	76	4.73000000e+02
6.06523610e+00	2022-05-17T19:26:27.541543	77	4.75000000e+02
6.07172130e+00	2022-05-17T19:26:27.557170	78	4.78000000e+02
6.08051360e+00	2022-05-17T19:26:27.557170	79	4.79000000e+02
6.10767270e+00	2022-05-17T19:26:27.588438	80	4.72000000e+02
6.11769820e+00	2022-05-17T19:26:27.604083	81	4.75000000e+02
6.13073300e+00	2022-05-17T19:26:27.604083	82	4.73000000e+02
6.14141240e+00	2022-05-17T19:26:27.620015	83	4.74000000e+02
6.16741200e+00	2022-05-17T19:26:27.641638	84	4.73000000e+02
6.17863740e+00	2022-05-17T19:26:27.657293	85	4.84000000e+02
6.19276600e+00	2022-05-17T19:26:27.672931	86	4.76000000e+02
6.20353700e+00	2022-05-17T19:26:27.688740	87	4.79000000e+02
6.21145240e+00	2022-05-17T19:26:27.688740	88	4.74000000e+02
6.24948060e+00	2022-05-17T19:26:27.735407	89	4.72000000e+02
6.26053870e+00	2022-05-17T19:26:27.741932	90	4.76000000e+02
6.26958240e+00	2022-05-17T19:26:27.741932	91	5.09000000e+02
6.28061330e+00	2022-05-17T19:26:27.757844	92	4.75000000e+02
6.31415670e+00	2022-05-17T19:26:27.788803	93	4.76000000e+02
6.33081890e+00	2022-05-17T19:26:27.804433	94	5.04000000e+02
6.34199500e+00	2022-05-17T19:26:27.820045	95	4.77000000e+02
6.36835840e+00	2022-05-17T19:26:27.842174	96	4.73000000e+02
6.38798580e+00	2022-05-17T19:26:27.873427	97	5.05000000e+02
6.39541070e+00	2022-05-17T19:26:27.873427	98	4.88000000e+02
6.40371500e+00	2022-05-17T19:26:27.889091	99	4.74000000e+02
6.41158970e+00	2022-05-17T19:26:27.889091	100	4.74000000e+02
6.44688080e+00	2022-05-17T19:26:27.920287	101	4.73000000e+02
6.46339570e+00	2022-05-17T19:26:27.942415	102	4.74000000e+02
6.46563010e+00	2022-05-17T19:26:27.942415	103	4.87000000e+02
6.47721050e+00	2022-05-17T19:26:27.958079	104	5.12000000e+02
6.48568550e+00	2022-05-17T19:26:27.958079	105	4.73000000e+02
6.52738880e+00	2022-05-17T19:26:28.004903	106	4.72000000e+02
6.54364080e+00	2022-05-17T19:26:28.020553	107	4.70000000e+02
6.55527400e+00	2022-05-17T19:26:28.036181	108	5.21000000e+02
6.56325600e+00	2022-05-17T19:26:28.042687	109	4.74000000e+02
6.57166260e+00	2022-05-17T19:26:28.058312	110	4.73000000e+02
6.61008730e+00	2022-05-17T19:26:28.089555	111	5.23000000e+02
6.62215150e+00	2022-05-17T19:26:28.105176	112	4.73000000e+02
6.63282890e+00	2022-05-17T19:26:28.105176	113	4.74000000e+02
6.64179440e+00	2022-05-17T19:26:28.120840	114	4.73000000e+02
6.66910740e+00	2022-05-17T19:26:28.142990	115	4.89000000e+02
6.69087210e+00	2022-05-17T19:26:28.174281	116	4.72000000e+02
6.69918710e+00	2022-05-17T19:26:28.174281	117	4.74000000e+02
6.71070930e+00	2022-05-17T19:26:28.190095	118	4.76000000e+02
6.73801710e+00	2022-05-17T19:26:28.221101	119	4.74000000e+02
6.75809300e+00	2022-05-17T19:26:28.243344	120	4.73000000e+02
6.76842370e+00	2022-05-17T19:26:28.243344	121	4.75000000e+02
6.77676320e+00	2022-05-17T19:26:28.259325	122	5.24000000e+02
6.78532440e+00	2022-05-17T19:26:28.259325	123	4.74000000e+02
6.80496150e+00	2022-05-17T19:26:28.290213	124	4.82000000e+02
6.82011540e+00	2022-05-17T19:26:28.306193	125	5.15000000e+02
6.83410960e+00	2022-05-17T19:26:28.306193	126	4.73000000e+02
6.84191270e+00	2022-05-17T19:26:28.322151	127	4.73000000e+02
6.85052920e+00	2022-05-17T19:26:28.337477	128	4.74000000e+02
6.86947560e+00	2022-05-17T19:26:28.343507	129	4.73000000e+02
6.89296660e+00	2022-05-17T19:26:28.374794	130	4.80000000e+02
6.90423860e+00	2022-05-17T19:26:28.390581	131	4.74000000e+02
6.91602980e+00	2022-05-17T19:26:28.390581	132	4.74000000e+02
6.94112220e+00	2022-05-17T19:26:28.421619	133	4.72000000e+02
6.96199440e+00	2022-05-17T19:26:28.443841	134	4.74000000e+02
6.96349310e+00	2022-05-17T19:26:28.443841	135	4.76000000e+02
6.97404270e+00	2022-05-17T19:26:28.459508	136	4.84000000e+02
6.98550260e+00	2022-05-17T19:26:28.459508	137	4.74000000e+02
7.02114480e+00	2022-05-17T19:26:28.507017	138	4.73000000e+02
7.02652490e+00	2022-05-17T19:26:28.507017	139	4.75000000e+02
7.03435380e+00	2022-05-17T19:26:28.507017	140	5.23000000e+02
7.04251280e+00	2022-05-17T19:26:28.522941	141	4.76000000e+02
7.05340940e+00	2022-05-17T19:26:28.538234	142	4.81000000e+02
7.07496230e+00	2022-05-17T19:26:28.559408	143	4.83000000e+02
7.08898650e+00	2022-05-17T19:26:28.575049	144	4.94000000e+02
7.09991820e+00	2022-05-17T19:26:28.575049	145	4.88000000e+02
7.10896260e+00	2022-05-17T19:26:28.591086	146	4.74000000e+02
7.13154030e+00	2022-05-17T19:26:28.606441	147	4.75000000e+02
7.14143840e+00	2022-05-17T19:26:28.621934	148	4.76000000e+02
7.16309940e+00	2022-05-17T19:26:28.644076	149	4.99000000e+02
7.17455300e+00	2022-05-17T19:26:28.659971	150	4.75000000e+02
7.18630510e+00	2022-05-17T19:26:28.659971	151	4.73000000e+02
7.20542070e+00	2022-05-17T19:26:28.690972	152	4.79000000e+02
7.22977200e+00	2022-05-17T19:26:28.706622	153	4.72000000e+02
7.23563300e+00	2022-05-17T19:26:28.722225	154	4.81000000e+02
7.24391000e+00	2022-05-17T19:26:28.722225	155	4.74000000e+02
7.27240450e+00	2022-05-17T19:26:28.744411	156	4.76000000e+02
7.28201540e+00	2022-05-17T19:26:28.760037	157	4.78000000e+02
7.29741610e+00	2022-05-17T19:26:28.775703	158	4.75000000e+02
7.30861920e+00	2022-05-17T19:26:28.791280	159	4.84000000e+02
7.31762200e+00	2022-05-17T19:26:28.791280	160	4.78000000e+02
7.34223270e+00	2022-05-17T19:26:28.822547	161	4.72000000e+02
7.35024100e+00	2022-05-17T19:26:28.822547	162	4.75000000e+02
7.36519800e+00	2022-05-17T19:26:28.844749	163	4.87000000e+02
7.37584280e+00	2022-05-17T19:26:28.860724	164	4.72000000e+02
7.38714800e+00	2022-05-17T19:26:28.860724	165	4.74000000e+02
7.41127190e+00	2022-05-17T19:26:28.891656	166	4.72000000e+02
7.43440290e+00	2022-05-17T19:26:28.907281	167	4.74000000e+02
7.43585500e+00	2022-05-17T19:26:28.922872	168	4.75000000e+02
7.44441300e+00	2022-05-17T19:26:28.922872	169	4.76000000e+02
7.45263770e+00	2022-05-17T19:26:28.938524	170	4.73000000e+02
7.46073900e+00	2022-05-17T19:26:28.945504	171	4.74000000e+02
7.46935370e+00	2022-05-17T19:26:28.945504	172	4.75000000e+02
7.49443830e+00	2022-05-17T19:26:28.976776	173	4.72000000e+02
7.51711200e+00	2022-05-17T19:26:28.992421	174	4.72000000e+02
7.52268790e+00	2022-05-17T19:26:29.008062	175	4.74000000e+02
7.53458140e+00	2022-05-17T19:26:29.008062	176	4.74000000e+02
7.55040180e+00	2022-05-17T19:26:29.024091	177	4.76000000e+02
7.56226650e+00	2022-05-17T19:26:29.045757	178	5.17000000e+02
7.58235770e+00	2022-05-17T19:26:29.061428	179	4.73000000e+02
7.59279730e+00	2022-05-17T19:26:29.077601	180	4.75000000e+02
7.60523650e+00	2022-05-17T19:26:29.077601	181	4.83000000e+02
7.61663710e+00	2022-05-17T19:26:29.092673	182	4.74000000e+02
7.65325400e+00	2022-05-17T19:26:29.139564	183	4.72000000e+02
7.66585050e+00	2022-05-17T19:26:29.146113	184	4.82000000e+02
7.67725010e+00	2022-05-17T19:26:29.162241	185	5.14000000e+02
7.68593590e+00	2022-05-17T19:26:29.162241	186	4.75000000e+02
7.71139660e+00	2022-05-17T19:26:29.193008	187	4.74000000e+02
7.72688020e+00	2022-05-17T19:26:29.208643	188	4.73000000e+02
7.73506620e+00	2022-05-17T19:26:29.208643	189	4.87000000e+02
7.74345210e+00	2022-05-17T19:26:29.224748	190	4.72000000e+02
7.76841230e+00	2022-05-17T19:26:29.246302	191	4.73000000e+02
7.79143520e+00	2022-05-17T19:26:29.277590	192	4.74000000e+02
7.80076310e+00	2022-05-17T19:26:29.277590	193	4.75000000e+02
7.80874450e+00	2022-05-17T19:26:29.293763	194	4.73000000e+02
7.81660790e+00	2022-05-17T19:26:29.293763	195	4.74000000e+02
7.85422870e+00	2022-05-17T19:26:29.341183	196	4.74000000e+02
7.87557860e+00	2022-05-17T19:26:29.361819	197	4.86000000e+02
7.88194790e+00	2022-05-17T19:26:29.361819	198	4.74000000e+02
7.89035200e+00	2022-05-17T19:26:29.377440	199	4.73000000e+02
7.89858660e+00	2022-05-17T19:26:29.377440	200	4.72000000e+02
7.91464950e+00	2022-05-17T19:26:29.393085	201	4.81000000e+02
7.93049800e+00	2022-05-17T19:26:29.408682	202	4.73000000e+02
7.95159820e+00	2022-05-17T19:26:29.424345	203	4.77000000e+02
7.95718460e+00	2022-05-17T19:26:29.439963	204	4.75000000e+02
7.96876200e+00	2022-05-17T19:26:29.446511	205	4.74000000e+02
7.97761210e+00	2022-05-17T19:26:29.462484	206	4.72000000e+02
7.98905380e+00	2022-05-17T19:26:29.462484	207	4.75000000e+02
8.02250920e+00	2022-05-17T19:26:29.509582	208	4.74000000e+02
8.03696160e+00	2022-05-17T19:26:29.509582	209	4.73000000e+02
8.04612570e+00	2022-05-17T19:26:29.525621	210	4.73000000e+02
8.06730790e+00	2022-05-17T19:26:29.546828	211	4.74000000e+02
8.08866240e+00	2022-05-17T19:26:29.562456	212	5.12000000e+02
8.10459360e+00	2022-05-17T19:26:29.578111	213	4.75000000e+02
8.10759880e+00	2022-05-17T19:26:29.593736	214	5.02000000e+02
8.11604190e+00	2022-05-17T19:26:29.593736	215	4.74000000e+02
8.14149610e+00	2022-05-17T19:26:29.624976	216	4.74000000e+02
8.14484690e+00	2022-05-17T19:26:29.624976	217	4.82000000e+02
8.16588450e+00	2022-05-17T19:26:29.647097	218	4.74000000e+02
8.17778200e+00	2022-05-17T19:26:29.663304	219	4.69000000e+02
8.18925440e+00	2022-05-17T19:26:29.663304	220	4.74000000e+02
8.21109200e+00	2022-05-17T19:26:29.693993	221	4.73000000e+02
8.23176960e+00	2022-05-17T19:26:29.709627	222	4.89000000e+02
8.23464350e+00	2022-05-17T19:26:29.709627	223	4.74000000e+02
8.24313130e+00	2022-05-17T19:26:29.725781	224	5.16000000e+02
8.25172200e+00	2022-05-17T19:26:29.725781	225	4.74000000e+02
8.27117940e+00	2022-05-17T19:26:29.747343	226	5.01000000e+02
8.29311340e+00	2022-05-17T19:26:29.778601	227	4.81000000e+02
8.30446900e+00	2022-05-17T19:26:29.778601	228	4.74000000e+02
8.31214710e+00	2022-05-17T19:26:29.794710	229	4.74000000e+02
8.32186280e+00	2022-05-17T19:26:29.794710	230	4.74000000e+02
8.33952700e+00	2022-05-17T19:26:29.825455	231	4.73000000e+02
8.36284720e+00	2022-05-17T19:26:29.847606	232	4.73000000e+02
8.36993040e+00	2022-05-17T19:26:29.847606	233	5.08000000e+02
8.37839480e+00	2022-05-17T19:26:29.863904	234	4.74000000e+02
8.39051190e+00	2022-05-17T19:26:29.863904	235	4.73000000e+02
8.41979000e+00	2022-05-17T19:26:29.894476	236	4.79000000e+02
8.43607810e+00	2022-05-17T19:26:29.910135	237	4.72000000e+02
8.44012800e+00	2022-05-17T19:26:29.925755	238	5.07000000e+02
8.45154960e+00	2022-05-17T19:26:29.925755	239	4.75000000e+02
8.47896680e+00	2022-05-17T19:26:29.963534	240	4.74000000e+02
8.50264410e+00	2022-05-17T19:26:29.979157	241	4.94000000e+02
8.51271570e+00	2022-05-17T19:26:29.995239	242	4.74000000e+02
8.52125290e+00	2022-05-17T19:26:29.995239	243	5.24000000e+02
8.55455060e+00	2022-05-17T19:26:30.041639	244	4.72000000e+02
8.57197680e+00	2022-05-17T19:26:30.048166	245	4.96000000e+02
8.58237070e+00	2022-05-17T19:26:30.064382	246	4.72000000e+02
8.59067000e+00	2022-05-17T19:26:30.064382	247	4.73000000e+02
8.61162220e+00	2022-05-17T19:26:30.095061	248	4.73000000e+02
8.62931860e+00	2022-05-17T19:26:30.110698	249	4.73000000e+02
8.64158220e+00	2022-05-17T19:26:30.126280	250	4.78000000e+02
8.65273680e+00	2022-05-17T19:26:30.126280	251	4.73000000e+02
8.67643140e+00	2022-05-17T19:26:30.148459	252	4.72000000e+02
8.69565780e+00	2022-05-17T19:26:30.179751	253	4.70000000e+02
8.70584580e+00	2022-05-17T19:26:30.179751	254	4.74000000e+02
8.71364990e+00	2022-05-17T19:26:30.195852	255	4.80000000e+02
8.72226450e+00	2022-05-17T19:26:30.195852	256	5.17000000e+02
8.74514020e+00	2022-05-17T19:26:30.226608	257	4.73000000e+02
8.76806280e+00	2022-05-17T19:26:30.248727	258	4.73000000e+02
8.77119370e+00	2022-05-17T19:26:30.248727	259	4.82000000e+02
8.77977440e+00	2022-05-17T19:26:30.265024	260	5.20000000e+02
8.79184940e+00	2022-05-17T19:26:30.265024	261	4.76000000e+02
8.81578580e+00	2022-05-17T19:26:30.295620	262	4.76000000e+02
8.83974840e+00	2022-05-17T19:26:30.312015	263	4.75000000e+02
8.84898990e+00	2022-05-17T19:26:30.327641	264	5.22000000e+02
8.87487660e+00	2022-05-17T19:26:30.348932	265	5.26000000e+02
8.90009560e+00	2022-05-17T19:26:30.380225	266	4.87000000e+02
8.90199330e+00	2022-05-17T19:26:30.380225	267	4.74000000e+02
8.91087050e+00	2022-05-17T19:26:30.396474	268	4.77000000e+02
8.92297420e+00	2022-05-17T19:26:30.396474	269	4.73000000e+02
8.95189960e+00	2022-05-17T19:26:30.427068	270	4.75000000e+02
8.96901690e+00	2022-05-17T19:26:30.449216	271	4.89000000e+02
8.98094870e+00	2022-05-17T19:26:30.465385	272	4.73000000e+02
8.99208410e+00	2022-05-17T19:26:30.465385	273	4.74000000e+02
9.02155610e+00	2022-05-17T19:26:30.497257	274	4.73000000e+02
9.03904230e+00	2022-05-17T19:26:30.512937	275	4.72000000e+02
9.04571770e+00	2022-05-17T19:26:30.528961	276	4.74000000e+02
9.05440420e+00	2022-05-17T19:26:30.528961	277	4.74000000e+02
9.07661290e+00	2022-05-17T19:26:30.549166	278	4.70000000e+02
9.09405710e+00	2022-05-17T19:26:30.580457	279	4.73000000e+02
9.10275160e+00	2022-05-17T19:26:30.580457	280	4.88000000e+02
9.11118970e+00	2022-05-17T19:26:30.596625	281	4.74000000e+02
9.11930220e+00	2022-05-17T19:26:30.596625	282	4.90000000e+02
9.14853530e+00	2022-05-17T19:26:30.627278	283	4.93000000e+02
9.17305180e+00	2022-05-17T19:26:30.649451	284	4.73000000e+02
9.18442990e+00	2022-05-17T19:26:30.665703	285	4.74000000e+02
9.19349770e+00	2022-05-17T19:26:30.680737	286	4.98000000e+02
9.20541280e+00	2022-05-17T19:26:30.680737	287	4.78000000e+02
9.22818320e+00	2022-05-17T19:26:30.711942	288	4.82000000e+02
9.25112410e+00	2022-05-17T19:26:30.727601	289	4.84000000e+02
9.25496450e+00	2022-05-17T19:26:30.727601	290	4.74000000e+02
9.26704640e+00	2022-05-17T19:26:30.749688	291	4.76000000e+02
9.27532680e+00	2022-05-17T19:26:30.749688	292	5.01000000e+02
9.29779560e+00	2022-05-17T19:26:30.780961	293	4.75000000e+02
9.31571430e+00	2022-05-17T19:26:30.796595	294	4.78000000e+02
9.32572450e+00	2022-05-17T19:26:30.812225	295	4.87000000e+02
9.33766350e+00	2022-05-17T19:26:30.812225	296	4.70000000e+02
9.34980460e+00	2022-05-17T19:26:30.828341	297	4.85000000e+02
9.37636260e+00	2022-05-17T19:26:30.849771	298	4.96000000e+02
9.39617350e+00	2022-05-17T19:26:30.881057	299	4.72000000e+02
9.40566390e+00	2022-05-17T19:26:30.881057	300	4.74000000e+02
9.41441140e+00	2022-05-17T19:26:30.897196	301	4.75000000e+02
9.42270310e+00	2022-05-17T19:26:30.897196	302	5.16000000e+02
9.44067660e+00	2022-05-17T19:26:30.927920	303	4.73000000e+02
9.45643940e+00	2022-05-17T19:26:30.943551	304	4.74000000e+02
9.47501410e+00	2022-05-17T19:26:30.950061	305	4.73000000e+02
9.48387050e+00	2022-05-17T19:26:30.965725	306	4.74000000e+02
9.49173190e+00	2022-05-17T19:26:30.965725	307	4.74000000e+02
9.52971280e+00	2022-05-17T19:26:31.012553	308	4.73000000e+02
9.55780490e+00	2022-05-17T19:26:31.043795	309	4.72000000e+02
9.56119700e+00	2022-05-17T19:26:31.043795	310	4.74000000e+02
9.56961960e+00	2022-05-17T19:26:31.050300	311	4.75000000e+02
9.57773760e+00	2022-05-17T19:26:31.050300	312	5.05000000e+02
9.58655870e+00	2022-05-17T19:26:31.065925	313	5.21000000e+02
9.61440980e+00	2022-05-17T19:26:31.097170	314	4.79000000e+02
9.64153610e+00	2022-05-17T19:26:31.128412	315	4.79000000e+02
9.64434770e+00	2022-05-17T19:26:31.128412	316	4.74000000e+02
9.65457620e+00	2022-05-17T19:26:31.128412	317	4.73000000e+02
9.66417410e+00	2022-05-17T19:26:31.150537	318	4.75000000e+02
9.67207760e+00	2022-05-17T19:26:31.150537	319	4.75000000e+02
9.69794160e+00	2022-05-17T19:26:31.181784	320	4.74000000e+02
9.71801840e+00	2022-05-17T19:26:31.197411	321	4.73000000e+02
9.72713100e+00	2022-05-17T19:26:31.213031	322	4.89000000e+02
9.73744110e+00	2022-05-17T19:26:31.213031	323	4.74000000e+02
9.74577230e+00	2022-05-17T19:26:31.228650	324	4.78000000e+02
9.75438100e+00	2022-05-17T19:26:31.228650	325	5.19000000e+02
9.78364430e+00	2022-05-17T19:26:31.266444	326	4.84000000e+02
9.80382720e+00	2022-05-17T19:26:31.282022	327	4.73000000e+02
9.81552160e+00	2022-05-17T19:26:31.297683	328	4.74000000e+02
9.82360760e+00	2022-05-17T19:26:31.297683	329	4.94000000e+02
9.84882120e+00	2022-05-17T19:26:31.329462	330	4.79000000e+02
9.87556250e+00	2022-05-17T19:26:31.351050	331	4.73000000e+02
9.88528030e+00	2022-05-17T19:26:31.366715	332	4.82000000e+02
9.89323940e+00	2022-05-17T19:26:31.366715	333	4.79000000e+02
9.91751100e+00	2022-05-17T19:26:31.397919	334	4.82000000e+02
9.93775370e+00	2022-05-17T19:26:31.413576	335	4.75000000e+02
9.94658090e+00	2022-05-17T19:26:31.429162	336	4.92000000e+02
9.95461890e+00	2022-05-17T19:26:31.429162	337	4.73000000e+02
9.96277760e+00	2022-05-17T19:26:31.444794	338	4.74000000e+02
9.97149470e+00	2022-05-17T19:26:31.451304	339	4.75000000e+02
9.97946570e+00	2022-05-17T19:26:31.451304	340	4.74000000e+02
1.00119730e+01	2022-05-17T19:26:31.498716	341	4.74000000e+02
1.00307248e+01	2022-05-17T19:26:31.514343	342	4.73000000e+02
1.00404191e+01	2022-05-17T19:26:31.514343	343	4.83000000e+02
1.00488690e+01	2022-05-17T19:26:31.529963	344	5.01000000e+02
1.00570753e+01	2022-05-17T19:26:31.529963	345	4.76000000e+02
1.00830018e+01	2022-05-17T19:26:31.567212	346	4.72000000e+02
1.00948551e+01	2022-05-17T19:26:31.567212	347	4.75000000e+02
1.01071915e+01	2022-05-17T19:26:31.582838	348	4.74000000e+02
1.01184348e+01	2022-05-17T19:26:31.598460	349	4.85000000e+02
1.01265906e+01	2022-05-17T19:26:31.598460	350	4.75000000e+02
1.01353504e+01	2022-05-17T19:26:31.614141	351	4.76000000e+02
1.01583358e+01	2022-05-17T19:26:31.645346	352	5.21000000e+02
1.01819908e+01	2022-05-17T19:26:31.667517	353	4.91000000e+02
1.01854588e+01	2022-05-17T19:26:31.667517	354	4.73000000e+02
1.01968863e+01	2022-05-17T19:26:31.683132	355	4.76000000e+02
1.02051123e+01	2022-05-17T19:26:31.683132	356	5.08000000e+02
1.02319283e+01	2022-05-17T19:26:31.714365	357	4.73000000e+02
1.02542769e+01	2022-05-17T19:26:31.730010	358	4.73000000e+02
1.02582154e+01	2022-05-17T19:26:31.730010	359	4.77000000e+02
1.02666779e+01	2022-05-17T19:26:31.752434	360	4.75000000e+02
1.02786736e+01	2022-05-17T19:26:31.752434	361	4.77000000e+02
1.03003044e+01	2022-05-17T19:26:31.783682	362	4.73000000e+02
1.03179688e+01	2022-05-17T19:26:31.799340	363	4.78000000e+02
1.03272643e+01	2022-05-17T19:26:31.799340	364	4.91000000e+02
1.03374456e+01	2022-05-17T19:26:31.815105	365	4.75000000e+02
1.03622669e+01	2022-05-17T19:26:31.846193	366	4.74000000e+02
1.03824769e+01	2022-05-17T19:26:31.868402	367	4.76000000e+02
1.03886017e+01	2022-05-17T19:26:31.868402	368	5.27000000e+02
1.03978584e+01	2022-05-17T19:26:31.884024	369	4.76000000e+02
1.04097652e+01	2022-05-17T19:26:31.884024	370	4.73000000e+02
1.04309222e+01	2022-05-17T19:26:31.915256	371	4.93000000e+02
1.04547637e+01	2022-05-17T19:26:31.930890	372	5.09000000e+02
1.04624851e+01	2022-05-17T19:26:31.947063	373	4.73000000e+02
1.04712700e+01	2022-05-17T19:26:31.953258	374	4.75000000e+02
1.04796770e+01	2022-05-17T19:26:31.953258	375	4.79000000e+02
1.05002844e+01	2022-05-17T19:26:31.984541	376	4.73000000e+02
1.05170603e+01	2022-05-17T19:26:32.000200	377	4.79000000e+02
1.05246298e+01	2022-05-17T19:26:32.000200	378	4.75000000e+02
1.05366278e+01	2022-05-17T19:26:32.016341	379	4.77000000e+02
1.05451457e+01	2022-05-17T19:26:32.031438	380	4.76000000e+02
1.05572388e+01	2022-05-17T19:26:32.031438	381	4.72000000e+02
1.05786124e+01	2022-05-17T19:26:32.053612	382	4.72000000e+02
1.05982709e+01	2022-05-17T19:26:32.084898	383	4.73000000e+02
1.06063967e+01	2022-05-17T19:26:32.084898	384	4.80000000e+02
1.06147785e+01	2022-05-17T19:26:32.100625	385	4.73000000e+02
1.06268769e+01	2022-05-17T19:26:32.100625	386	4.82000000e+02
1.06503659e+01	2022-05-17T19:26:32.131758	387	4.87000000e+02
1.06731129e+01	2022-05-17T19:26:32.153924	388	4.83000000e+02
1.06758753e+01	2022-05-17T19:26:32.153924	389	4.75000000e+02
1.06847986e+01	2022-05-17T19:26:32.169850	390	4.79000000e+02
1.06965011e+01	2022-05-17T19:26:32.169850	391	4.73000000e+02
1.07236984e+01	2022-05-17T19:26:32.200827	392	4.76000000e+02
1.07415561e+01	2022-05-17T19:26:32.216451	393	4.73000000e+02
1.07458328e+01	2022-05-17T19:26:32.232073	394	4.87000000e+02
1.07578447e+01	2022-05-17T19:26:32.232073	395	4.75000000e+02
1.07801504e+01	2022-05-17T19:26:32.254225	396	4.75000000e+02
1.07991612e+01	2022-05-17T19:26:32.285487	397	5.24000000e+02
1.08064345e+01	2022-05-17T19:26:32.285487	398	4.80000000e+02
1.08156500e+01	2022-05-17T19:26:32.301880	399	4.74000000e+02
1.08275418e+01	2022-05-17T19:26:32.301880	400	4.72000000e+02
1.08513710e+01	2022-05-17T19:26:32.333151	401	4.73000000e+02
1.08752234e+01	2022-05-17T19:26:32.354297	402	4.75000000e+02
1.08807608e+01	2022-05-17T19:26:32.354297	403	4.75000000e+02
1.08890156e+01	2022-05-17T19:26:32.369922	404	4.74000000e+02
1.09167915e+01	2022-05-17T19:26:32.401190	405	4.86000000e+02
1.09354669e+01	2022-05-17T19:26:32.416829	406	4.79000000e+02
1.09437694e+01	2022-05-17T19:26:32.416829	407	5.16000000e+02
1.09545327e+01	2022-05-17T19:26:32.432881	408	5.22000000e+02
1.09730226e+01	2022-05-17T19:26:32.454601	409	4.77000000e+02
1.09813624e+01	2022-05-17T19:26:32.454601	410	5.19000000e+02
1.10076720e+01	2022-05-17T19:26:32.485898	411	4.72000000e+02
1.10156683e+01	2022-05-17T19:26:32.502053	412	4.74000000e+02
1.10236356e+01	2022-05-17T19:26:32.502053	413	5.07000000e+02
1.10424485e+01	2022-05-17T19:26:32.517714	414	4.80000000e+02
1.10522911e+01	2022-05-17T19:26:32.533300	415	4.72000000e+02
1.10707727e+01	2022-05-17T19:26:32.554525	416	4.80000000e+02
1.10776243e+01	2022-05-17T19:26:32.554525	417	4.77000000e+02
1.10896309e+01	2022-05-17T19:26:32.570420	418	4.74000000e+02
1.10980079e+01	2022-05-17T19:26:32.570420	419	4.87000000e+02
1.11164784e+01	2022-05-17T19:26:32.601417	420	4.81000000e+02
1.11351164e+01	2022-05-17T19:26:32.617054	421	4.83000000e+02
1.11469118e+01	2022-05-17T19:26:32.632776	422	4.81000000e+02
1.11551186e+01	2022-05-17T19:26:32.632776	423	4.74000000e+02
1.11775384e+01	2022-05-17T19:26:32.654412	424	4.87000000e+02
1.11862943e+01	2022-05-17T19:26:32.670079	425	4.75000000e+02
1.11993301e+01	2022-05-17T19:26:32.685660	426	4.82000000e+02
1.12084790e+01	2022-05-17T19:26:32.685660	427	4.79000000e+02
1.12169145e+01	2022-05-17T19:26:32.701908	428	5.25000000e+02
1.12289609e+01	2022-05-17T19:26:32.701908	429	4.77000000e+02
1.12469665e+01	2022-05-17T19:26:32.732569	430	4.73000000e+02
1.12649959e+01	2022-05-17T19:26:32.748180	431	4.75000000e+02
1.12735263e+01	2022-05-17T19:26:32.754688	432	4.96000000e+02
1.12824883e+01	2022-05-17T19:26:32.754688	433	4.73000000e+02
1.12944997e+01	2022-05-17T19:26:32.770611	434	4.75000000e+02
1.13158680e+01	2022-05-17T19:26:32.801583	435	4.73000000e+02
1.13340376e+01	2022-05-17T19:26:32.817215	436	4.86000000e+02
1.13429117e+01	2022-05-17T19:26:32.817215	437	4.88000000e+02
1.13532621e+01	2022-05-17T19:26:32.833097	438	4.79000000e+02
1.13770162e+01	2022-05-17T19:26:32.854961	439	4.73000000e+02
1.13998533e+01	2022-05-17T19:26:32.886246	440	4.73000000e+02
1.14029619e+01	2022-05-17T19:26:32.886246	441	4.73000000e+02
1.14132324e+01	2022-05-17T19:26:32.886246	442	4.82000000e+02
1.14214909e+01	2022-05-17T19:26:32.902287	443	4.74000000e+02
1.14465167e+01	2022-05-17T19:26:32.933104	444	4.74000000e+02
1.14714003e+01	2022-05-17T19:26:32.955279	445	4.70000000e+02
1.14833936e+01	2022-05-17T19:26:32.955279	446	4.89000000e+02
1.14951599e+01	2022-05-17T19:26:32.970919	447	4.83000000e+02
1.15168742e+01	2022-05-17T19:26:33.002173	448	4.72000000e+02
1.15406012e+01	2022-05-17T19:26:33.017811	449	4.75000000e+02
1.15436446e+01	2022-05-17T19:26:33.017811	450	4.70000000e+02
1.15522158e+01	2022-05-17T19:26:33.033909	451	4.73000000e+02
1.15609573e+01	2022-05-17T19:26:33.033909	452	4.75000000e+02
1.15796808e+01	2022-05-17T19:26:33.055430	453	5.26000000e+02
1.15999429e+01	2022-05-17T19:26:33.086716	454	4.72000000e+02
1.16098986e+01	2022-05-17T19:26:33.086716	455	4.73000000e+02
1.16179126e+01	2022-05-17T19:26:33.102615	456	5.22000000e+02
1.16264660e+01	2022-05-17T19:26:33.102615	457	4.74000000e+02
1.16480579e+01	2022-05-17T19:26:33.133621	458	4.75000000e+02
1.16665205e+01	2022-05-17T19:26:33.149200	459	4.77000000e+02
1.16752061e+01	2022-05-17T19:26:33.155742	460	4.74000000e+02
1.16847034e+01	2022-05-17T19:26:33.171412	461	4.83000000e+02
1.16959241e+01	2022-05-17T19:26:33.171412	462	5.12000000e+02
1.17163370e+01	2022-05-17T19:26:33.202635	463	5.26000000e+02
1.17405398e+01	2022-05-17T19:26:33.218272	464	4.81000000e+02
1.17450820e+01	2022-05-17T19:26:33.218272	465	4.80000000e+02
1.17529982e+01	2022-05-17T19:26:33.234325	466	4.74000000e+02
1.17616113e+01	2022-05-17T19:26:33.234325	467	4.78000000e+02
1.17791756e+01	2022-05-17T19:26:33.255847	468	4.75000000e+02
1.18018292e+01	2022-05-17T19:26:33.287133	469	4.73000000e+02
1.18059306e+01	2022-05-17T19:26:33.287133	470	4.73000000e+02
1.18152018e+01	2022-05-17T19:26:33.287133	471	4.79000000e+02
1.18269280e+01	2022-05-17T19:26:33.302804	472	4.74000000e+02
1.18496740e+01	2022-05-17T19:26:33.334098	473	4.75000000e+02
1.18732471e+01	2022-05-17T19:26:33.355751	474	4.72000000e+02
1.18836903e+01	2022-05-17T19:26:33.355751	475	4.77000000e+02
1.18926471e+01	2022-05-17T19:26:33.371376	476	4.74000000e+02
1.19160746e+01	2022-05-17T19:26:33.402638	477	4.80000000e+02
1.19420896e+01	2022-05-17T19:26:33.418278	478	4.72000000e+02
1.19532744e+01	2022-05-17T19:26:33.433865	479	4.75000000e+02
1.19615945e+01	2022-05-17T19:26:33.433865	480	4.76000000e+02
1.19889701e+01	2022-05-17T19:26:33.471650	481	4.73000000e+02
1.20128470e+01	2022-05-17T19:26:33.487843	482	4.75000000e+02
1.20228194e+01	2022-05-17T19:26:33.503502	483	4.73000000e+02
1.20309940e+01	2022-05-17T19:26:33.503502	484	4.75000000e+02
1.20769477e+01	2022-05-17T19:26:33.556335	485	4.73000000e+02
1.20852838e+01	2022-05-17T19:26:33.571963	486	5.10000000e+02
1.20963998e+01	2022-05-17T19:26:33.571963	487	4.74000000e+02
1.21048530e+01	2022-05-17T19:26:33.587583	488	4.74000000e+02
1.21132447e+01	2022-05-17T19:26:33.587583	489	4.73000000e+02
1.21344592e+01	2022-05-17T19:26:33.618828	490	4.74000000e+02
1.21477012e+01	2022-05-17T19:26:33.634478	491	4.74000000e+02
1.21607815e+01	2022-05-17T19:26:33.634478	492	4.74000000e+02
1.21702915e+01	2022-05-17T19:26:33.656608	493	4.79000000e+02
1.21785596e+01	2022-05-17T19:26:33.656608	494	4.74000000e+02
1.22025699e+01	2022-05-17T19:26:33.687898	495	4.75000000e+02
1.22214088e+01	2022-05-17T19:26:33.703479	496	4.72000000e+02
1.22395191e+01	2022-05-17T19:26:33.719107	497	4.92000000e+02
1.22440869e+01	2022-05-17T19:26:33.719107	498	4.71000000e+02
1.22523976e+01	2022-05-17T19:26:33.734718	499	4.75000000e+02
1.22604162e+01	2022-05-17T19:26:33.734718	500	4.74000000e+02
1.22854080e+01	2022-05-17T19:26:33.772473	501	4.74000000e+02
1.23056790e+01	2022-05-17T19:26:33.788092	502	5.25000000e+02
1.23141515e+01	2022-05-17T19:26:33.788092	503	4.75000000e+02
1.23217605e+01	2022-05-17T19:26:33.803713	504	4.75000000e+02
1.23299553e+01	2022-05-17T19:26:33.803713	505	4.69000000e+02
1.23591891e+01	2022-05-17T19:26:33.834992	506	4.83000000e+02
1.23823149e+01	2022-05-17T19:26:33.857127	507	4.74000000e+02
1.23917908e+01	2022-05-17T19:26:33.872752	508	4.79000000e+02
1.24000786e+01	2022-05-17T19:26:33.872752	509	4.74000000e+02
1.24162871e+01	2022-05-17T19:26:33.888373	510	4.73000000e+02
1.24297690e+01	2022-05-17T19:26:33.903995	511	5.20000000e+02
1.24532932e+01	2022-05-17T19:26:33.935238	512	4.73000000e+02
1.24614231e+01	2022-05-17T19:26:33.935238	513	4.74000000e+02
1.24693732e+01	2022-05-17T19:26:33.950861	514	4.74000000e+02
1.24774646e+01	2022-05-17T19:26:33.957401	515	4.88000000e+02
1.24863085e+01	2022-05-17T19:26:33.973028	516	4.93000000e+02
1.25061116e+01	2022-05-17T19:26:33.988647	517	5.05000000e+02
1.25277829e+01	2022-05-17T19:26:34.004270	518	4.72000000e+02
1.25388359e+01	2022-05-17T19:26:34.019891	519	5.27000000e+02
1.25471616e+01	2022-05-17T19:26:34.019891	520	4.75000000e+02
1.25563748e+01	2022-05-17T19:26:34.035525	521	4.74000000e+02
1.25751933e+01	2022-05-17T19:26:34.057678	522	4.73000000e+02
1.25852866e+01	2022-05-17T19:26:34.057678	523	4.72000000e+02
1.26085532e+01	2022-05-17T19:26:34.088951	524	4.73000000e+02
1.26170794e+01	2022-05-17T19:26:34.088951	525	4.80000000e+02
1.26248342e+01	2022-05-17T19:26:34.104604	526	4.85000000e+02
1.26344148e+01	2022-05-17T19:26:34.120170	527	5.15000000e+02
1.26657030e+01	2022-05-17T19:26:34.151460	528	4.82000000e+02
1.26853355e+01	2022-05-17T19:26:34.157993	529	4.72000000e+02
1.26948291e+01	2022-05-17T19:26:34.173619	530	4.74000000e+02
1.27205507e+01	2022-05-17T19:26:34.204861	531	4.74000000e+02
1.27448835e+01	2022-05-17T19:26:34.220555	532	5.11000000e+02
1.27533517e+01	2022-05-17T19:26:34.236104	533	4.69000000e+02
1.27642408e+01	2022-05-17T19:26:34.236104	534	4.73000000e+02
1.27726832e+01	2022-05-17T19:26:34.258236	535	4.74000000e+02
1.27807566e+01	2022-05-17T19:26:34.258236	536	5.22000000e+02
1.28004185e+01	2022-05-17T19:26:34.273862	537	4.83000000e+02
1.28184594e+01	2022-05-17T19:26:34.305672	538	4.74000000e+02
1.28416999e+01	2022-05-17T19:26:34.321297	539	4.74000000e+02
1.28512126e+01	2022-05-17T19:26:34.336921	540	4.85000000e+02
1.28625948e+01	2022-05-17T19:26:34.336921	541	4.72000000e+02
1.28809771e+01	2022-05-17T19:26:34.358592	542	4.73000000e+02
1.29090317e+01	2022-05-17T19:26:34.389875	543	4.73000000e+02
1.29171877e+01	2022-05-17T19:26:34.389875	544	4.74000000e+02
1.29282006e+01	2022-05-17T19:26:34.405460	545	5.25000000e+02
1.29653102e+01	2022-05-17T19:26:34.452324	546	4.73000000e+02
1.29868240e+01	2022-05-17T19:26:34.458833	547	4.77000000e+02
1.29958480e+01	2022-05-17T19:26:34.474458	548	4.73000000e+02
1.30057792e+01	2022-05-17T19:26:34.490515	549	4.75000000e+02
1.30140170e+01	2022-05-17T19:26:34.490515	550	5.25000000e+02
1.30415410e+01	2022-05-17T19:26:34.521761	551	4.72000000e+02
1.30644238e+01	2022-05-17T19:26:34.537384	552	4.73000000e+02
1.30754838e+01	2022-05-17T19:26:34.559046	553	4.73000000e+02
1.30849914e+01	2022-05-17T19:26:34.559046	554	4.76000000e+02
1.31069053e+01	2022-05-17T19:26:34.590293	555	4.84000000e+02
1.31297829e+01	2022-05-17T19:26:34.605956	556	4.72000000e+02
1.31410002e+01	2022-05-17T19:26:34.621535	557	4.79000000e+02
1.31500421e+01	2022-05-17T19:26:34.637159	558	4.92000000e+02
1.31579885e+01	2022-05-17T19:26:34.637159	559	4.74000000e+02
1.31659160e+01	2022-05-17T19:26:34.652778	560	4.75000000e+02
1.32104118e+01	2022-05-17T19:26:34.690532	561	4.72000000e+02
1.32194412e+01	2022-05-17T19:26:34.706155	562	4.75000000e+02
1.32270539e+01	2022-05-17T19:26:34.706155	563	4.75000000e+02
1.32354166e+01	2022-05-17T19:26:34.721802	564	4.74000000e+02
1.32432672e+01	2022-05-17T19:26:34.721802	565	5.24000000e+02
1.32659968e+01	2022-05-17T19:26:34.753014	566	4.74000000e+02
1.32777852e+01	2022-05-17T19:26:34.759519	567	4.74000000e+02
1.32988592e+01	2022-05-17T19:26:34.775144	568	4.84000000e+02
1.33009421e+01	2022-05-17T19:26:34.775144	569	4.88000000e+02
1.33088653e+01	2022-05-17T19:26:34.790765	570	4.74000000e+02
1.33177943e+01	2022-05-17T19:26:34.790765	571	4.76000000e+02
1.33362965e+01	2022-05-17T19:26:34.822008	572	4.85000000e+02
1.33490738e+01	2022-05-17T19:26:34.822008	573	4.73000000e+02
1.33715804e+01	2022-05-17T19:26:34.853281	574	4.75000000e+02
1.33828962e+01	2022-05-17T19:26:34.859787	575	4.94000000e+02
1.33909451e+01	2022-05-17T19:26:34.875450	576	4.73000000e+02
1.33993482e+01	2022-05-17T19:26:34.875450	577	4.71000000e+02
1.34212456e+01	2022-05-17T19:26:34.906656	578	4.83000000e+02
1.34355948e+01	2022-05-17T19:26:34.922313	579	4.73000000e+02
1.34573284e+01	2022-05-17T19:26:34.937897	580	4.78000000e+02
1.34604813e+01	2022-05-17T19:26:34.937897	581	4.73000000e+02
1.34688403e+01	2022-05-17T19:26:34.953554	582	4.74000000e+02
1.34768423e+01	2022-05-17T19:26:34.960095	583	4.76000000e+02
1.34853320e+01	2022-05-17T19:26:34.960095	584	4.91000000e+02
1.35022002e+01	2022-05-17T19:26:34.975756	585	4.79000000e+02
1.35132798e+01	2022-05-17T19:26:34.991366	586	4.76000000e+02
1.35419335e+01	2022-05-17T19:26:35.022585	587	4.73000000e+02
1.35507687e+01	2022-05-17T19:26:35.022585	588	4.83000000e+02
1.35587986e+01	2022-05-17T19:26:35.038218	589	4.76000000e+02
1.35764428e+01	2022-05-17T19:26:35.060371	590	4.88000000e+02
1.35960201e+01	2022-05-17T19:26:35.075999	591	4.79000000e+02
1.36126263e+01	2022-05-17T19:26:35.091623	592	4.73000000e+02
1.36205065e+01	2022-05-17T19:26:35.107276	593	4.73000000e+02
1.36286562e+01	2022-05-17T19:26:35.107276	594	5.22000000e+02
1.36367257e+01	2022-05-17T19:26:35.122862	595	4.78000000e+02
1.36447303e+01	2022-05-17T19:26:35.122862	596	4.75000000e+02
1.36714549e+01	2022-05-17T19:26:35.154105	597	4.73000000e+02
1.36853296e+01	2022-05-17T19:26:35.160612	598	4.78000000e+02
1.37038350e+01	2022-05-17T19:26:35.176239	599	4.73000000e+02
1.37143233e+01	2022-05-17T19:26:35.191900	600	4.72000000e+02
1.37402673e+01	2022-05-17T19:26:35.223141	601	4.72000000e+02
1.37675882e+01	2022-05-17T19:26:35.254386	602	4.73000000e+02
1.37758151e+01	2022-05-17T19:26:35.260899	603	4.73000000e+02
1.37841603e+01	2022-05-17T19:26:35.260899	604	4.75000000e+02
1.37926789e+01	2022-05-17T19:26:35.276527	605	4.81000000e+02
1.38013567e+01	2022-05-17T19:26:35.276527	606	4.97000000e+02
1.38430157e+01	2022-05-17T19:26:35.323932	607	4.73000000e+02
1.38725587e+01	2022-05-17T19:26:35.355257	608	4.86000000e+02
1.38833844e+01	2022-05-17T19:26:35.360768	609	5.10000000e+02
1.38953364e+01	2022-05-17T19:26:35.376394	610	4.73000000e+02
1.39028919e+01	2022-05-17T19:26:35.376394	611	4.87000000e+02
1.39399181e+01	2022-05-17T19:26:35.423257	612	4.73000000e+02
1.39655725e+01	2022-05-17T19:26:35.438878	613	5.05000000e+02
1.39767427e+01	2022-05-17T19:26:35.461003	614	4.73000000e+02
1.39864722e+01	2022-05-17T19:26:35.461003	615	4.73000000e+02
1.40075800e+01	2022-05-17T19:26:35.492834	616	4.69000000e+02
1.40389933e+01	2022-05-17T19:26:35.524081	617	4.75000000e+02
1.40434272e+01	2022-05-17T19:26:35.524081	618	4.83000000e+02
1.40543491e+01	2022-05-17T19:26:35.539701	619	4.73000000e+02
1.40625795e+01	2022-05-17T19:26:35.539701	620	4.73000000e+02
1.40877374e+01	2022-05-17T19:26:35.561352	621	4.84000000e+02
1.40961443e+01	2022-05-17T19:26:35.577015	622	4.79000000e+02
1.41198343e+01	2022-05-17T19:26:35.592598	623	4.74000000e+02
1.41239597e+01	2022-05-17T19:26:35.608219	624	4.73000000e+02
1.41325740e+01	2022-05-17T19:26:35.608219	625	4.74000000e+02
1.41572007e+01	2022-05-17T19:26:35.639462	626	4.75000000e+02
1.41680849e+01	2022-05-17T19:26:35.655083	627	4.73000000e+02
1.41847764e+01	2022-05-17T19:26:35.661591	628	4.84000000e+02
1.41938517e+01	2022-05-17T19:26:35.677254	629	4.78000000e+02
1.42018041e+01	2022-05-17T19:26:35.677254	630	4.75000000e+02
1.42103501e+01	2022-05-17T19:26:35.692904	631	4.74000000e+02
1.42183967e+01	2022-05-17T19:26:35.692904	632	4.75000000e+02
1.42517662e+01	2022-05-17T19:26:35.724102	633	4.72000000e+02
1.42736091e+01	2022-05-17T19:26:35.755323	634	4.86000000e+02
1.42838069e+01	2022-05-17T19:26:35.761829	635	4.73000000e+02
1.43126594e+01	2022-05-17T19:26:35.793074	636	4.74000000e+02
1.43426922e+01	2022-05-17T19:26:35.824318	637	4.72000000e+02
1.43451127e+01	2022-05-17T19:26:35.824318	638	4.76000000e+02
1.43535343e+01	2022-05-17T19:26:35.839938	639	5.11000000e+02
1.43615557e+01	2022-05-17T19:26:35.839938	640	4.74000000e+02
1.43877178e+01	2022-05-17T19:26:35.862063	641	5.23000000e+02
1.44017227e+01	2022-05-17T19:26:35.877688	642	4.74000000e+02
1.44216528e+01	2022-05-17T19:26:35.908932	643	4.74000000e+02
1.44313175e+01	2022-05-17T19:26:35.908932	644	4.74000000e+02
1.44576927e+01	2022-05-17T19:26:35.940173	645	4.72000000e+02
1.44880319e+01	2022-05-17T19:26:35.962341	646	4.96000000e+02
1.44967644e+01	2022-05-17T19:26:35.978003	647	4.70000000e+02
1.45051901e+01	2022-05-17T19:26:35.978003	648	4.75000000e+02
1.45299807e+01	2022-05-17T19:26:36.009210	649	4.76000000e+02
1.45531285e+01	2022-05-17T19:26:36.024838	650	4.72000000e+02
1.45621826e+01	2022-05-17T19:26:36.040467	651	4.73000000e+02
1.45705846e+01	2022-05-17T19:26:36.056071	652	4.75000000e+02
1.45786530e+01	2022-05-17T19:26:36.062575	653	4.74000000e+02
1.45870720e+01	2022-05-17T19:26:36.062575	654	4.76000000e+02
1.46118543e+01	2022-05-17T19:26:36.093847	655	4.72000000e+02
1.46225027e+01	2022-05-17T19:26:36.109442	656	5.21000000e+02
1.46455524e+01	2022-05-17T19:26:36.125100	657	4.72000000e+02
1.46564347e+01	2022-05-17T19:26:36.140719	658	4.76000000e+02
1.46649344e+01	2022-05-17T19:26:36.140719	659	5.22000000e+02
1.46966955e+01	2022-05-17T19:26:36.178497	660	4.92000000e+02
1.47220369e+01	2022-05-17T19:26:36.194121	661	4.73000000e+02
1.47260488e+01	2022-05-17T19:26:36.209745	662	4.72000000e+02
1.47344559e+01	2022-05-17T19:26:36.209745	663	4.76000000e+02
1.47424490e+01	2022-05-17T19:26:36.225438	664	4.74000000e+02
1.47517989e+01	2022-05-17T19:26:36.225438	665	4.74000000e+02
1.47762313e+01	2022-05-17T19:26:36.263108	666	4.76000000e+02
1.47818791e+01	2022-05-17T19:26:36.263108	667	4.74000000e+02
1.48081059e+01	2022-05-17T19:26:36.294360	668	5.09000000e+02
1.48120483e+01	2022-05-17T19:26:36.294360	669	5.28000000e+02
1.48204156e+01	2022-05-17T19:26:36.294360	670	4.75000000e+02
1.48284037e+01	2022-05-17T19:26:36.310553	671	4.73000000e+02
1.48366034e+01	2022-05-17T19:26:36.310553	672	4.73000000e+02
1.48531669e+01	2022-05-17T19:26:36.326178	673	4.93000000e+02
1.48650886e+01	2022-05-17T19:26:36.341798	674	4.76000000e+02
1.48902616e+01	2022-05-17T19:26:36.362932	675	4.73000000e+02
1.48994399e+01	2022-05-17T19:26:36.378597	676	4.75000000e+02
1.49104616e+01	2022-05-17T19:26:36.394180	677	4.77000000e+02
1.49188039e+01	2022-05-17T19:26:36.394180	678	4.77000000e+02
1.49412959e+01	2022-05-17T19:26:36.425423	679	4.84000000e+02
1.49565796e+01	2022-05-17T19:26:36.441044	680	4.78000000e+02
1.49731952e+01	2022-05-17T19:26:36.456693	681	4.92000000e+02
1.49842847e+01	2022-05-17T19:26:36.463238	682	4.74000000e+02
1.49926940e+01	2022-05-17T19:26:36.478862	683	4.73000000e+02
1.50008989e+01	2022-05-17T19:26:36.478862	684	4.75000000e+02
1.50373086e+01	2022-05-17T19:26:36.510678	685	4.73000000e+02
1.50567577e+01	2022-05-17T19:26:36.541924	686	4.73000000e+02
1.50663617e+01	2022-05-17T19:26:36.541924	687	4.74000000e+02
1.50741572e+01	2022-05-17T19:26:36.557542	688	4.74000000e+02
1.51039510e+01	2022-05-17T19:26:36.579172	689	4.72000000e+02
1.51302086e+01	2022-05-17T19:26:36.610431	690	4.86000000e+02
1.51400716e+01	2022-05-17T19:26:36.626035	691	4.79000000e+02
1.51480197e+01	2022-05-17T19:26:36.626035	692	4.73000000e+02
1.51562690e+01	2022-05-17T19:26:36.641655	693	4.72000000e+02
1.51643429e+01	2022-05-17T19:26:36.641655	694	4.95000000e+02
1.51925900e+01	2022-05-17T19:26:36.679434	695	4.74000000e+02
1.52170171e+01	2022-05-17T19:26:36.695032	696	4.77000000e+02
1.52197493e+01	2022-05-17T19:26:36.695032	697	4.73000000e+02
1.52300065e+01	2022-05-17T19:26:36.710691	698	4.76000000e+02
1.52381291e+01	2022-05-17T19:26:36.710691	699	4.73000000e+02
1.52463115e+01	2022-05-17T19:26:36.726271	700	4.85000000e+02
1.52547327e+01	2022-05-17T19:26:36.741893	701	4.74000000e+02
1.52764412e+01	2022-05-17T19:26:36.757559	702	4.78000000e+02
1.53019882e+01	2022-05-17T19:26:36.779759	703	4.73000000e+02
1.53127040e+01	2022-05-17T19:26:36.795382	704	4.82000000e+02
1.53241637e+01	2022-05-17T19:26:36.810975	705	4.70000000e+02
1.53342962e+01	2022-05-17T19:26:36.810975	706	4.76000000e+02
1.53537059e+01	2022-05-17T19:26:36.826663	707	4.80000000e+02
1.53598563e+01	2022-05-17T19:26:36.842219	708	4.70000000e+02
1.53762923e+01	2022-05-17T19:26:36.857862	709	4.73000000e+02
1.53991989e+01	2022-05-17T19:26:36.879994	710	4.73000000e+02
1.54100982e+01	2022-05-17T19:26:36.895613	711	5.20000000e+02
1.54185491e+01	2022-05-17T19:26:36.895613	712	4.74000000e+02
1.54476333e+01	2022-05-17T19:26:36.926859	713	4.78000000e+02
1.54578484e+01	2022-05-17T19:26:36.942510	714	4.73000000e+02
1.54757988e+01	2022-05-17T19:26:36.958100	715	4.80000000e+02
1.54847428e+01	2022-05-17T19:26:36.964639	716	4.76000000e+02
1.54959865e+01	2022-05-17T19:26:36.980338	717	4.73000000e+02
1.55047092e+01	2022-05-17T19:26:36.980338	718	4.74000000e+02
1.55290872e+01	2022-05-17T19:26:37.011506	719	4.73000000e+02
1.55434835e+01	2022-05-17T19:26:37.027168	720	4.86000000e+02
1.55672077e+01	2022-05-17T19:26:37.042776	721	4.89000000e+02
1.55779185e+01	2022-05-17T19:26:37.064874	722	4.74000000e+02
1.55865182e+01	2022-05-17T19:26:37.064874	723	4.73000000e+02
1.56090854e+01	2022-05-17T19:26:37.096126	724	4.94000000e+02
1.56180301e+01	2022-05-17T19:26:37.096126	725	4.72000000e+02
1.56483790e+01	2022-05-17T19:26:37.127372	726	4.86000000e+02
1.56598813e+01	2022-05-17T19:26:37.142984	727	5.21000000e+02
1.56697219e+01	2022-05-17T19:26:37.142984	728	4.88000000e+02
1.56945916e+01	2022-05-17T19:26:37.180822	729	4.72000000e+02
1.57256238e+01	2022-05-17T19:26:37.212002	730	4.73000000e+02
1.57338908e+01	2022-05-17T19:26:37.212002	731	4.74000000e+02
1.57417343e+01	2022-05-17T19:26:37.227691	732	5.05000000e+02
1.57507835e+01	2022-05-17T19:26:37.227691	733	4.86000000e+02
1.57813609e+01	2022-05-17T19:26:37.265443	734	4.74000000e+02
1.58098475e+01	2022-05-17T19:26:37.296697	735	4.80000000e+02
1.58156127e+01	2022-05-17T19:26:37.296697	736	4.74000000e+02
1.58238229e+01	2022-05-17T19:26:37.296697	737	5.11000000e+02
1.58327160e+01	2022-05-17T19:26:37.312901	738	4.84000000e+02
1.58571899e+01	2022-05-17T19:26:37.344148	739	4.79000000e+02
1.58666096e+01	2022-05-17T19:26:37.344148	740	5.25000000e+02
1.58913012e+01	2022-05-17T19:26:37.365348	741	4.81000000e+02
1.59014360e+01	2022-05-17T19:26:37.381010	742	4.74000000e+02
1.59095972e+01	2022-05-17T19:26:37.396651	743	5.25000000e+02
1.59180310e+01	2022-05-17T19:26:37.396651	744	4.74000000e+02
1.59434148e+01	2022-05-17T19:26:37.427847	745	4.69000000e+02
1.59726367e+01	2022-05-17T19:26:37.459116	746	4.73000000e+02
1.59807043e+01	2022-05-17T19:26:37.465649	747	4.73000000e+02
1.59916114e+01	2022-05-17T19:26:37.465649	748	4.98000000e+02
1.60002999e+01	2022-05-17T19:26:37.481354	749	4.74000000e+02
1.60081099e+01	2022-05-17T19:26:37.481354	750	5.04000000e+02
1.60381669e+01	2022-05-17T19:26:37.513719	751	4.73000000e+02
1.60703494e+01	2022-05-17T19:26:37.544964	752	4.70000000e+02
1.60735551e+01	2022-05-17T19:26:37.560582	753	5.21000000e+02
1.60820257e+01	2022-05-17T19:26:37.565588	754	4.73000000e+02
1.60899755e+01	2022-05-17T19:26:37.565588	755	4.72000000e+02
1.61173036e+01	2022-05-17T19:26:37.596835	756	5.21000000e+02
1.61284472e+01	2022-05-17T19:26:37.612491	757	4.74000000e+02
1.61531177e+01	2022-05-17T19:26:37.628104	758	4.74000000e+02
1.61637763e+01	2022-05-17T19:26:37.643911	759	4.73000000e+02
1.61719821e+01	2022-05-17T19:26:37.643911	760	5.14000000e+02
1.61870356e+01	2022-05-17T19:26:37.665887	761	5.11000000e+02
1.62035410e+01	2022-05-17T19:26:37.681544	762	4.73000000e+02
1.62221007e+01	2022-05-17T19:26:37.697137	763	4.77000000e+02
1.62333501e+01	2022-05-17T19:26:37.712760	764	4.72000000e+02
1.62416920e+01	2022-05-17T19:26:37.728377	765	4.74000000e+02
1.62505217e+01	2022-05-17T19:26:37.728377	766	4.76000000e+02
1.62721195e+01	2022-05-17T19:26:37.744042	767	4.72000000e+02
1.62821948e+01	2022-05-17T19:26:37.766160	768	4.75000000e+02
1.62948504e+01	2022-05-17T19:26:37.781828	769	5.18000000e+02
1.63115720e+01	2022-05-17T19:26:37.797407	770	4.73000000e+02
1.63194912e+01	2022-05-17T19:26:37.797407	771	4.73000000e+02
1.63276346e+01	2022-05-17T19:26:37.813027	772	4.75000000e+02
1.63357929e+01	2022-05-17T19:26:37.813027	773	4.73000000e+02
1.63637619e+01	2022-05-17T19:26:37.844270	774	4.69000000e+02
1.63903753e+01	2022-05-17T19:26:37.866399	775	4.75000000e+02
1.63997136e+01	2022-05-17T19:26:37.882031	776	4.78000000e+02
1.64093144e+01	2022-05-17T19:26:37.882031	777	4.84000000e+02
1.64179104e+01	2022-05-17T19:26:37.897686	778	5.19000000e+02
1.64257996e+01	2022-05-17T19:26:37.897686	779	4.94000000e+02
1.64433202e+01	2022-05-17T19:26:37.928890	780	4.73000000e+02
1.64752205e+01	2022-05-17T19:26:37.960158	781	4.90000000e+02
1.64779861e+01	2022-05-17T19:26:37.960158	782	4.74000000e+02
1.64873239e+01	2022-05-17T19:26:37.966703	783	4.84000000e+02
1.64953270e+01	2022-05-17T19:26:37.982407	784	4.78000000e+02
1.65037805e+01	2022-05-17T19:26:37.982407	785	5.22000000e+02
1.65218949e+01	2022-05-17T19:26:37.997984	786	4.74000000e+02
1.65360190e+01	2022-05-17T19:26:38.013615	787	4.89000000e+02
1.65642883e+01	2022-05-17T19:26:38.044815	788	5.19000000e+02
1.65769382e+01	2022-05-17T19:26:38.060436	789	4.74000000e+02
1.65855234e+01	2022-05-17T19:26:38.066951	790	4.74000000e+02
1.65937894e+01	2022-05-17T19:26:38.066951	791	4.79000000e+02
1.66028021e+01	2022-05-17T19:26:38.082577	792	4.78000000e+02
1.66425604e+01	2022-05-17T19:26:38.129441	793	4.73000000e+02
1.66729133e+01	2022-05-17T19:26:38.145065	794	4.76000000e+02
1.66838118e+01	2022-05-17T19:26:38.167200	795	4.75000000e+02
1.66923898e+01	2022-05-17T19:26:38.167200	796	4.78000000e+02
1.67009784e+01	2022-05-17T19:26:38.182824	797	4.91000000e+02
1.67216363e+01	2022-05-17T19:26:38.198445	798	5.23000000e+02
1.67357864e+01	2022-05-17T19:26:38.214069	799	4.89000000e+02
1.67692649e+01	2022-05-17T19:26:38.245335	800	4.83000000e+02
1.67782102e+01	2022-05-17T19:26:38.260930	801	4.82000000e+02
1.67865375e+01	2022-05-17T19:26:38.267513	802	4.75000000e+02
1.68097886e+01	2022-05-17T19:26:38.283137	803	4.73000000e+02
1.68208156e+01	2022-05-17T19:26:38.298758	804	4.74000000e+02
1.68478616e+01	2022-05-17T19:26:38.330604	805	4.76000000e+02
1.68535246e+01	2022-05-17T19:26:38.330604	806	4.76000000e+02
1.68645583e+01	2022-05-17T19:26:38.346225	807	4.74000000e+02
1.68722542e+01	2022-05-17T19:26:38.346225	808	4.74000000e+02
1.68938766e+01	2022-05-17T19:26:38.367849	809	4.73000000e+02
1.69075613e+01	2022-05-17T19:26:38.383486	810	4.70000000e+02
1.69334167e+01	2022-05-17T19:26:38.414755	811	4.73000000e+02
1.69418185e+01	2022-05-17T19:26:38.414755	812	4.74000000e+02
1.69502285e+01	2022-05-17T19:26:38.430338	813	4.75000000e+02
1.69583709e+01	2022-05-17T19:26:38.430338	814	4.71000000e+02
1.69756146e+01	2022-05-17T19:26:38.461581	815	4.77000000e+02
1.70193039e+01	2022-05-17T19:26:38.500556	816	4.73000000e+02
1.70278994e+01	2022-05-17T19:26:38.500556	817	4.81000000e+02
1.70361732e+01	2022-05-17T19:26:38.516180	818	4.74000000e+02
1.70443423e+01	2022-05-17T19:26:38.516180	819	4.93000000e+02
1.70666183e+01	2022-05-17T19:26:38.547425	820	4.76000000e+02
1.70933635e+01	2022-05-17T19:26:38.568104	821	4.73000000e+02
1.71019890e+01	2022-05-17T19:26:38.583730	822	4.82000000e+02
1.71098991e+01	2022-05-17T19:26:38.583730	823	4.79000000e+02
1.71182133e+01	2022-05-17T19:26:38.599396	824	4.74000000e+02
1.71261622e+01	2022-05-17T19:26:38.599396	825	5.15000000e+02
1.71491666e+01	2022-05-17T19:26:38.630593	826	4.74000000e+02
1.71800467e+01	2022-05-17T19:26:38.661912	827	4.89000000e+02
1.71825372e+01	2022-05-17T19:26:38.668416	828	4.72000000e+02
1.71917539e+01	2022-05-17T19:26:38.668416	829	4.83000000e+02
1.72001274e+01	2022-05-17T19:26:38.684041	830	4.74000000e+02
1.72081040e+01	2022-05-17T19:26:38.684041	831	5.13000000e+02
1.72389497e+01	2022-05-17T19:26:38.715323	832	5.07000000e+02
1.72594223e+01	2022-05-17T19:26:38.746576	833	4.74000000e+02
1.72770667e+01	2022-05-17T19:26:38.762191	834	4.69000000e+02
1.72861015e+01	2022-05-17T19:26:38.768696	835	5.12000000e+02
1.72941026e+01	2022-05-17T19:26:38.768696	836	4.74000000e+02
1.73024517e+01	2022-05-17T19:26:38.784321	837	4.74000000e+02
1.73107081e+01	2022-05-17T19:26:38.784321	838	5.21000000e+02
1.73325186e+01	2022-05-17T19:26:38.815564	839	4.73000000e+02
1.73604798e+01	2022-05-17T19:26:38.846806	840	4.84000000e+02
1.73717727e+01	2022-05-17T19:26:38.846806	841	4.73000000e+02
1.73801627e+01	2022-05-17T19:26:38.862427	842	4.79000000e+02
1.73883413e+01	2022-05-17T19:26:38.868933	843	4.74000000e+02
1.73965285e+01	2022-05-17T19:26:38.868933	844	4.95000000e+02
1.74155212e+01	2022-05-17T19:26:38.900179	845	4.76000000e+02
1.74259487e+01	2022-05-17T19:26:38.900179	846	4.82000000e+02
1.74522851e+01	2022-05-17T19:26:38.931421	847	4.81000000e+02
1.74618896e+01	2022-05-17T19:26:38.947042	848	4.95000000e+02
1.74704499e+01	2022-05-17T19:26:38.947042	849	4.73000000e+02
1.74967725e+01	2022-05-17T19:26:38.969178	850	4.87000000e+02
1.75058722e+01	2022-05-17T19:26:38.984820	851	5.03000000e+02
1.75337469e+01	2022-05-17T19:26:39.016063	852	4.73000000e+02
1.75398293e+01	2022-05-17T19:26:39.016063	853	4.95000000e+02
1.75487119e+01	2022-05-17T19:26:39.031684	854	4.90000000e+02
1.75603000e+01	2022-05-17T19:26:39.047306	855	5.17000000e+02
1.75801678e+01	2022-05-17T19:26:39.062931	856	4.76000000e+02
1.76154887e+01	2022-05-17T19:26:39.100689	857	4.74000000e+02
1.76257727e+01	2022-05-17T19:26:39.100689	858	5.24000000e+02
1.76340826e+01	2022-05-17T19:26:39.116310	859	4.75000000e+02
1.76422861e+01	2022-05-17T19:26:39.116310	860	4.75000000e+02
1.76640640e+01	2022-05-17T19:26:39.147552	861	4.72000000e+02
1.76991025e+01	2022-05-17T19:26:39.185314	862	4.80000000e+02
1.77082686e+01	2022-05-17T19:26:39.185314	863	4.74000000e+02
1.77176654e+01	2022-05-17T19:26:39.200933	864	4.74000000e+02
1.77283415e+01	2022-05-17T19:26:39.200933	865	4.84000000e+02
1.77494700e+01	2022-05-17T19:26:39.232172	866	4.79000000e+02
1.77579914e+01	2022-05-17T19:26:39.232172	867	4.73000000e+02
1.77846303e+01	2022-05-17T19:26:39.269924	868	4.73000000e+02
1.77938196e+01	2022-05-17T19:26:39.269924	869	4.80000000e+02
1.78021027e+01	2022-05-17T19:26:39.285549	870	4.74000000e+02
1.78101806e+01	2022-05-17T19:26:39.285549	871	5.15000000e+02
1.78349458e+01	2022-05-17T19:26:39.317339	872	4.72000000e+02
1.78461180e+01	2022-05-17T19:26:39.333007	873	4.75000000e+02
1.78748274e+01	2022-05-17T19:26:39.348586	874	4.73000000e+02
1.78839121e+01	2022-05-17T19:26:39.369815	875	4.74000000e+02
1.78921666e+01	2022-05-17T19:26:39.369815	876	4.93000000e+02
1.79091906e+01	2022-05-17T19:26:39.385472	877	4.74000000e+02
1.79311106e+01	2022-05-17T19:26:39.416683	878	5.26000000e+02
1.79553363e+01	2022-05-17T19:26:39.432304	879	4.72000000e+02
1.79659007e+01	2022-05-17T19:26:39.447926	880	4.73000000e+02
1.79740254e+01	2022-05-17T19:26:39.447926	881	5.22000000e+02
1.79974566e+01	2022-05-17T19:26:39.470096	882	4.72000000e+02
1.80264799e+01	2022-05-17T19:26:39.501970	883	4.73000000e+02
1.80372183e+01	2022-05-17T19:26:39.517595	884	4.75000000e+02
1.80485643e+01	2022-05-17T19:26:39.533217	885	4.76000000e+02
1.80599119e+01	2022-05-17T19:26:39.533217	886	5.02000000e+02
1.80813551e+01	2022-05-17T19:26:39.564460	887	5.22000000e+02
1.81151079e+01	2022-05-17T19:26:39.601213	888	4.73000000e+02
1.81191172e+01	2022-05-17T19:26:39.601213	889	4.75000000e+02
1.81298059e+01	2022-05-17T19:26:39.616835	890	4.74000000e+02
1.81381210e+01	2022-05-17T19:26:39.616835	891	4.94000000e+02
1.81634348e+01	2022-05-17T19:26:39.648077	892	4.74000000e+02
1.81786973e+01	2022-05-17T19:26:39.663699	893	4.73000000e+02
1.82030287e+01	2022-05-17T19:26:39.685831	894	4.73000000e+02
1.82113984e+01	2022-05-17T19:26:39.685831	895	4.78000000e+02
1.82201588e+01	2022-05-17T19:26:39.701452	896	4.81000000e+02
1.82280409e+01	2022-05-17T19:26:39.701452	897	4.73000000e+02
1.82501206e+01	2022-05-17T19:26:39.732729	898	5.15000000e+02
1.82781791e+01	2022-05-17T19:26:39.763990	899	4.73000000e+02
1.82935243e+01	2022-05-17T19:26:39.770537	900	4.78000000e+02
1.83017938e+01	2022-05-17T19:26:39.786190	901	5.15000000e+02
1.83098407e+01	2022-05-17T19:26:39.786190	902	4.74000000e+02
1.83588789e+01	2022-05-17T19:26:39.833027	903	4.72000000e+02
1.83685429e+01	2022-05-17T19:26:39.848689	904	4.74000000e+02
1.83795099e+01	2022-05-17T19:26:39.864305	905	4.74000000e+02
1.83877287e+01	2022-05-17T19:26:39.870849	906	4.73000000e+02
1.83958330e+01	2022-05-17T19:26:39.870849	907	4.80000000e+02
1.84442002e+01	2022-05-17T19:26:39.917745	908	4.70000000e+02
1.84533778e+01	2022-05-17T19:26:39.933373	909	4.79000000e+02
1.84612988e+01	2022-05-17T19:26:39.933373	910	4.74000000e+02
1.84696305e+01	2022-05-17T19:26:39.948997	911	5.13000000e+02
1.84780352e+01	2022-05-17T19:26:39.964581	912	4.75000000e+02
1.85050925e+01	2022-05-17T19:26:39.986710	913	4.73000000e+02
1.85330695e+01	2022-05-17T19:26:40.017952	914	5.20000000e+02
1.85433495e+01	2022-05-17T19:26:40.017952	915	4.74000000e+02
1.85518034e+01	2022-05-17T19:26:40.033578	916	4.83000000e+02
1.85597224e+01	2022-05-17T19:26:40.033578	917	4.79000000e+02
1.85824157e+01	2022-05-17T19:26:40.064819	918	4.72000000e+02
1.86117255e+01	2022-05-17T19:26:40.086952	919	4.72000000e+02
1.86209783e+01	2022-05-17T19:26:40.102579	920	4.73000000e+02
1.86291344e+01	2022-05-17T19:26:40.102579	921	4.75000000e+02
1.86377517e+01	2022-05-17T19:26:40.118236	922	4.80000000e+02
1.86461818e+01	2022-05-17T19:26:40.118236	923	4.72000000e+02
1.86670466e+01	2022-05-17T19:26:40.149440	924	4.72000000e+02
1.86795219e+01	2022-05-17T19:26:40.165058	925	4.77000000e+02
1.87042232e+01	2022-05-17T19:26:40.187247	926	4.89000000e+02
1.87154178e+01	2022-05-17T19:26:40.187247	927	4.70000000e+02
1.87242201e+01	2022-05-17T19:26:40.202880	928	5.15000000e+02
1.87507446e+01	2022-05-17T19:26:40.234129	929	4.72000000e+02
1.87582308e+01	2022-05-17T19:26:40.234129	930	4.77000000e+02
1.87914016e+01	2022-05-17T19:26:40.271828	931	4.74000000e+02
1.88000219e+01	2022-05-17T19:26:40.271828	932	4.74000000e+02
1.88095316e+01	2022-05-17T19:26:40.287453	933	4.77000000e+02
1.88336836e+01	2022-05-17T19:26:40.319257	934	5.20000000e+02
1.88483600e+01	2022-05-17T19:26:40.334877	935	4.96000000e+02
1.88754510e+01	2022-05-17T19:26:40.350518	936	4.70000000e+02
1.88834293e+01	2022-05-17T19:26:40.366131	937	4.87000000e+02
1.88913525e+01	2022-05-17T19:26:40.372135	938	4.75000000e+02
1.88998728e+01	2022-05-17T19:26:40.372135	939	5.09000000e+02
1.89199645e+01	2022-05-17T19:26:40.403381	940	4.92000000e+02
1.89483659e+01	2022-05-17T19:26:40.434625	941	4.73000000e+02
1.89558612e+01	2022-05-17T19:26:40.434625	942	4.75000000e+02
1.89609137e+01	2022-05-17T19:26:40.434625	943	4.74000000e+02
1.89693793e+01	2022-05-17T19:26:40.450246	944	4.73000000e+02
1.89776633e+01	2022-05-17T19:26:40.450246	945	4.76000000e+02
1.90070065e+01	2022-05-17T19:26:40.488579	946	4.73000000e+02
1.90385071e+01	2022-05-17T19:26:40.519874	947	5.17000000e+02
1.90477120e+01	2022-05-17T19:26:40.519874	948	4.74000000e+02
1.90554538e+01	2022-05-17T19:26:40.535448	949	4.76000000e+02
1.90733927e+01	2022-05-17T19:26:40.551083	950	5.27000000e+02
1.90840854e+01	2022-05-17T19:26:40.566697	951	4.72000000e+02
1.91118169e+01	2022-05-17T19:26:40.588325	952	5.16000000e+02
1.91186407e+01	2022-05-17T19:26:40.603947	953	4.82000000e+02
1.91248338e+01	2022-05-17T19:26:40.603947	954	4.73000000e+02
1.91334766e+01	2022-05-17T19:26:40.619567	955	4.78000000e+02
1.91413168e+01	2022-05-17T19:26:40.619567	956	4.77000000e+02
1.91584610e+01	2022-05-17T19:26:40.635224	957	4.74000000e+02
1.91702925e+01	2022-05-17T19:26:40.650812	958	4.82000000e+02
1.92064069e+01	2022-05-17T19:26:40.688608	959	4.72000000e+02
1.92152070e+01	2022-05-17T19:26:40.688608	960	4.88000000e+02
1.92232451e+01	2022-05-17T19:26:40.704190	961	4.76000000e+02
1.92325345e+01	2022-05-17T19:26:40.719811	962	4.71000000e+02
1.92448028e+01	2022-05-17T19:26:40.719811	963	4.73000000e+02
1.92648399e+01	2022-05-17T19:26:40.751055	964	4.73000000e+02
1.92889100e+01	2022-05-17T19:26:40.773241	965	4.73000000e+02
1.92972815e+01	2022-05-17T19:26:40.773241	966	4.86000000e+02
1.93052552e+01	2022-05-17T19:26:40.788911	967	4.75000000e+02
1.93147627e+01	2022-05-17T19:26:40.788911	968	4.84000000e+02
1.93367735e+01	2022-05-17T19:26:40.820108	969	4.73000000e+02
1.93662034e+01	2022-05-17T19:26:40.851351	970	5.05000000e+02
1.93754708e+01	2022-05-17T19:26:40.851351	971	4.75000000e+02
1.93870723e+01	2022-05-17T19:26:40.873540	972	4.77000000e+02
1.93955729e+01	2022-05-17T19:26:40.873540	973	4.74000000e+02
1.94177398e+01	2022-05-17T19:26:40.904786	974	4.78000000e+02
1.94310449e+01	2022-05-17T19:26:40.904786	975	4.73000000e+02
1.94577822e+01	2022-05-17T19:26:40.936028	976	4.73000000e+02
1.94606534e+01	2022-05-17T19:26:40.936028	977	4.74000000e+02
1.94695609e+01	2022-05-17T19:26:40.951970	978	4.71000000e+02
1.94771866e+01	2022-05-17T19:26:40.951970	979	4.73000000e+02
1.95024238e+01	2022-05-17T19:26:40.989417	980	4.83000000e+02
1.95136515e+01	2022-05-17T19:26:40.989417	981	4.70000000e+02
1.95377993e+01	2022-05-17T19:26:41.020687	982	4.98000000e+02
1.95472719e+01	2022-05-17T19:26:41.020687	983	4.87000000e+02
1.95551366e+01	2022-05-17T19:26:41.036278	984	4.73000000e+02
1.95639588e+01	2022-05-17T19:26:41.036278	985	4.75000000e+02
1.95865622e+01	2022-05-17T19:26:41.067524	986	4.72000000e+02
1.96161534e+01	2022-05-17T19:26:41.089695	987	4.84000000e+02
1.96246706e+01	2022-05-17T19:26:41.105316	988	4.88000000e+02
1.96330256e+01	2022-05-17T19:26:41.105316	989	4.73000000e+02
1.96410293e+01	2022-05-17T19:26:41.120937	990	4.75000000e+02
1.96495087e+01	2022-05-17T19:26:41.136604	991	4.85000000e+02
1.96666707e+01	2022-05-17T19:26:41.152180	992	4.80000000e+02
1.96998384e+01	2022-05-17T19:26:41.174307	993	4.77000000e+02
1.97088014e+01	2022-05-17T19:26:41.189937	994	4.93000000e+02
1.97148048e+01	2022-05-17T19:26:41.189937	995	4.74000000e+02
1.97228895e+01	2022-05-17T19:26:41.205553	996	4.75000000e+02
1.97323208e+01	2022-05-17T19:26:41.205553	997	4.81000000e+02
1.97541437e+01	2022-05-17T19:26:41.236796	998	4.73000000e+02
1.97834145e+01	2022-05-17T19:26:41.268040	999	4.73000000e+02
1.97926278e+01	2022-05-17T19:26:41.274568	1000	4.73000000e+02