Time elapsed	Time stamp	Loop Index	GP2Y ADC
s			Cts

5.00957910e+00	2022-05-17T19:27:02.123772	1	4.13000000e+02
5.02036980e+00	2022-05-17T19:27:02.123772	2	4.14000000e+02
5.03195130e+00	2022-05-17T19:27:02.145587	3	4.16000000e+02
5.04086290e+00	2022-05-17T19:27:02.145587	4	4.13000000e+02
5.05628900e+00	2022-05-17T19:27:02.161740	5	4.23000000e+02
5.07868930e+00	2022-05-17T19:27:02.192455	6	4.11000000e+02
5.09065110e+00	2022-05-17T19:27:02.192455	7	4.15000000e+02
5.10346970e+00	2022-05-17T19:27:02.208076	8	4.13000000e+02
5.11468030e+00	2022-05-17T19:27:02.223742	9	4.12000000e+02
5.12642660e+00	2022-05-17T19:27:02.239639	10	4.23000000e+02
5.13509150e+00	2022-05-17T19:27:02.245966	11	4.12000000e+02
5.14318590e+00	2022-05-17T19:27:02.245966	12	4.15000000e+02
5.16264780e+00	2022-05-17T19:27:02.277211	13	4.04000000e+02
5.17096470e+00	2022-05-17T19:27:02.277211	14	4.36000000e+02
5.18358160e+00	2022-05-17T19:27:02.292874	15	4.13000000e+02
5.19245020e+00	2022-05-17T19:27:02.292874	16	4.13000000e+02
5.20441410e+00	2022-05-17T19:27:02.309495	17	4.24000000e+02
5.22771640e+00	2022-05-17T19:27:02.340741	18	4.13000000e+02
5.23938350e+00	2022-05-17T19:27:02.346248	19	4.04000000e+02
5.25108660e+00	2022-05-17T19:27:02.361909	20	4.37000000e+02
5.26150540e+00	2022-05-17T19:27:02.361909	21	4.13000000e+02
5.27001380e+00	2022-05-17T19:27:02.377735	22	4.13000000e+02
5.29340040e+00	2022-05-17T19:27:02.408737	23	4.11000000e+02
5.30808320e+00	2022-05-17T19:27:02.408737	24	4.55000000e+02
5.31529200e+00	2022-05-17T19:27:02.424397	25	4.13000000e+02
5.32697410e+00	2022-05-17T19:27:02.440484	26	4.13000000e+02
5.33554460e+00	2022-05-17T19:27:02.447033	27	4.14000000e+02
5.34454340e+00	2022-05-17T19:27:02.447033	28	4.13000000e+02
5.36558550e+00	2022-05-17T19:27:02.478280	29	4.14000000e+02
5.37916530e+00	2022-05-17T19:27:02.494750	30	4.04000000e+02
5.38873270e+00	2022-05-17T19:27:02.495294	31	4.13000000e+02
5.39713130e+00	2022-05-17T19:27:02.511254	32	4.12000000e+02
5.40985250e+00	2022-05-17T19:27:02.511254	33	4.14000000e+02
5.42785830e+00	2022-05-17T19:27:02.542160	34	4.11000000e+02
5.44514040e+00	2022-05-17T19:27:02.547207	35	4.08000000e+02
5.45437230e+00	2022-05-17T19:27:02.563314	36	4.17000000e+02
5.46188510e+00	2022-05-17T19:27:02.563314	37	4.62000000e+02
5.48270040e+00	2022-05-17T19:27:02.594074	38	4.12000000e+02
5.50102770e+00	2022-05-17T19:27:02.609696	39	4.13000000e+02
5.50745600e+00	2022-05-17T19:27:02.609696	40	4.13000000e+02
5.51584190e+00	2022-05-17T19:27:02.625614	41	4.17000000e+02
5.52411950e+00	2022-05-17T19:27:02.625614	42	4.12000000e+02
5.54313300e+00	2022-05-17T19:27:02.647444	43	4.12000000e+02
5.56293390e+00	2022-05-17T19:27:02.663069	44	4.18000000e+02
5.57311880e+00	2022-05-17T19:27:02.678690	45	4.60000000e+02
5.59887520e+00	2022-05-17T19:27:02.709933	46	4.13000000e+02
5.61586710e+00	2022-05-17T19:27:02.725592	47	4.13000000e+02
5.62673350e+00	2022-05-17T19:27:02.741177	48	4.12000000e+02
5.63864390e+00	2022-05-17T19:27:02.748205	49	4.23000000e+02
5.64684540e+00	2022-05-17T19:27:02.748205	50	4.14000000e+02
5.66398540e+00	2022-05-17T19:27:02.779451	51	4.11000000e+02
5.68225910e+00	2022-05-17T19:27:02.795111	52	4.32000000e+02
5.68744470e+00	2022-05-17T19:27:02.795111	53	4.25000000e+02
5.69574460e+00	2022-05-17T19:27:02.810702	54	4.12000000e+02
5.70409330e+00	2022-05-17T19:27:02.810702	55	4.12000000e+02
5.72656460e+00	2022-05-17T19:27:02.841937	56	4.19000000e+02
5.74547630e+00	2022-05-17T19:27:02.848441	57	4.12000000e+02
5.75738460e+00	2022-05-17T19:27:02.864582	58	4.04000000e+02
5.77985720e+00	2022-05-17T19:27:02.895307	59	4.11000000e+02
5.78997910e+00	2022-05-17T19:27:02.895307	60	4.15000000e+02
5.80257990e+00	2022-05-17T19:27:02.910930	61	4.19000000e+02
5.81461200e+00	2022-05-17T19:27:02.926752	62	4.13000000e+02
5.82308340e+00	2022-05-17T19:27:02.926752	63	4.12000000e+02
5.84317230e+00	2022-05-17T19:27:02.948510	64	4.04000000e+02
5.86182940e+00	2022-05-17T19:27:02.964183	65	4.11000000e+02
5.88250890e+00	2022-05-17T19:27:02.995376	66	4.13000000e+02
5.90320140e+00	2022-05-17T19:27:03.011023	67	4.15000000e+02
5.91283290e+00	2022-05-17T19:27:03.027039	68	4.20000000e+02
5.92136600e+00	2022-05-17T19:27:03.027039	69	4.51000000e+02
5.94531850e+00	2022-05-17T19:27:03.048605	70	4.13000000e+02
5.96408160e+00	2022-05-17T19:27:03.064272	71	4.14000000e+02
5.97458270e+00	2022-05-17T19:27:03.079851	72	4.12000000e+02
5.98659470e+00	2022-05-17T19:27:03.095893	73	4.12000000e+02
5.99496960e+00	2022-05-17T19:27:03.095893	74	4.15000000e+02
6.01421690e+00	2022-05-17T19:27:03.126715	75	4.11000000e+02
6.03360510e+00	2022-05-17T19:27:03.148842	76	4.45000000e+02
6.04378850e+00	2022-05-17T19:27:03.148842	77	4.15000000e+02
6.05210810e+00	2022-05-17T19:27:03.165055	78	4.12000000e+02
6.06031940e+00	2022-05-17T19:27:03.165055	79	4.18000000e+02
6.08348490e+00	2022-05-17T19:27:03.195710	80	4.12000000e+02
6.10237320e+00	2022-05-17T19:27:03.211373	81	4.14000000e+02
6.10970310e+00	2022-05-17T19:27:03.211373	82	4.49000000e+02
6.11801350e+00	2022-05-17T19:27:03.227395	83	4.13000000e+02
6.14475410e+00	2022-05-17T19:27:03.248906	84	4.55000000e+02
6.16445280e+00	2022-05-17T19:27:03.264531	85	4.25000000e+02
6.17528630e+00	2022-05-17T19:27:03.280152	86	4.19000000e+02
6.19688050e+00	2022-05-17T19:27:03.311394	87	4.40000000e+02
6.21266600e+00	2022-05-17T19:27:03.327703	88	4.13000000e+02
6.22010830e+00	2022-05-17T19:27:03.327703	89	4.22000000e+02
6.22852110e+00	2022-05-17T19:27:03.343365	90	4.04000000e+02
6.24063060e+00	2022-05-17T19:27:03.349422	91	4.19000000e+02
6.24902500e+00	2022-05-17T19:27:03.349422	92	4.13000000e+02
6.26522370e+00	2022-05-17T19:27:03.380668	93	4.15000000e+02
6.28359380e+00	2022-05-17T19:27:03.396335	94	4.12000000e+02
6.29363920e+00	2022-05-17T19:27:03.396335	95	4.14000000e+02
6.30224600e+00	2022-05-17T19:27:03.412064	96	4.16000000e+02
6.30986270e+00	2022-05-17T19:27:03.412064	97	4.23000000e+02
6.33478490e+00	2022-05-17T19:27:03.449658	98	4.11000000e+02
6.34809750e+00	2022-05-17T19:27:03.449658	99	4.16000000e+02
6.35948580e+00	2022-05-17T19:27:03.465754	100	4.40000000e+02
6.38318170e+00	2022-05-17T19:27:03.496526	101	4.14000000e+02
6.40255340e+00	2022-05-17T19:27:03.513626	102	4.13000000e+02
6.41257430e+00	2022-05-17T19:27:03.513626	103	4.14000000e+02
6.42102230e+00	2022-05-17T19:27:03.529674	104	4.25000000e+02
6.44632610e+00	2022-05-17T19:27:03.549894	105	4.11000000e+02
6.46565380e+00	2022-05-17T19:27:03.581140	106	4.22000000e+02
6.46998940e+00	2022-05-17T19:27:03.581140	107	4.15000000e+02
6.47801550e+00	2022-05-17T19:27:03.581140	108	4.13000000e+02
6.48646510e+00	2022-05-17T19:27:03.597295	109	4.13000000e+02
6.49467580e+00	2022-05-17T19:27:03.597295	110	4.13000000e+02
6.51461070e+00	2022-05-17T19:27:03.628003	111	4.11000000e+02
6.52676170e+00	2022-05-17T19:27:03.628003	112	4.13000000e+02
6.53521140e+00	2022-05-17T19:27:03.650170	113	4.22000000e+02
6.54361690e+00	2022-05-17T19:27:03.650170	114	4.12000000e+02
6.55222910e+00	2022-05-17T19:27:03.666351	115	4.13000000e+02
6.56423360e+00	2022-05-17T19:27:03.666351	116	4.13000000e+02
6.58349910e+00	2022-05-17T19:27:03.697039	117	4.11000000e+02
6.60307220e+00	2022-05-17T19:27:03.712698	118	4.11000000e+02
6.60907760e+00	2022-05-17T19:27:03.712698	119	4.12000000e+02
6.61755610e+00	2022-05-17T19:27:03.728819	120	4.13000000e+02
6.62635430e+00	2022-05-17T19:27:03.728819	121	4.15000000e+02
6.64602580e+00	2022-05-17T19:27:03.750267	122	4.04000000e+02
6.65975710e+00	2022-05-17T19:27:03.765890	123	4.11000000e+02
6.67065920e+00	2022-05-17T19:27:03.781550	124	4.58000000e+02
6.67840530e+00	2022-05-17T19:27:03.781550	125	4.12000000e+02
6.68723280e+00	2022-05-17T19:27:03.797651	126	4.51000000e+02
6.69510140e+00	2022-05-17T19:27:03.797651	127	4.63000000e+02
6.71562250e+00	2022-05-17T19:27:03.828376	128	4.11000000e+02
6.73759150e+00	2022-05-17T19:27:03.850543	129	4.11000000e+02
6.74804300e+00	2022-05-17T19:27:03.850543	130	4.16000000e+02
6.75686450e+00	2022-05-17T19:27:03.866692	131	4.13000000e+02
6.76500880e+00	2022-05-17T19:27:03.866692	132	4.13000000e+02
6.77880300e+00	2022-05-17T19:27:03.882217	133	4.50000000e+02
6.79083410e+00	2022-05-17T19:27:03.897452	134	4.16000000e+02
6.80434240e+00	2022-05-17T19:27:03.913035	135	4.33000000e+02
6.81416100e+00	2022-05-17T19:27:03.928656	136	4.24000000e+02
6.82646730e+00	2022-05-17T19:27:03.928656	137	4.13000000e+02
6.84766450e+00	2022-05-17T19:27:03.950814	138	4.04000000e+02
6.86728270e+00	2022-05-17T19:27:03.982060	139	4.12000000e+02
6.87587840e+00	2022-05-17T19:27:03.982060	140	4.12000000e+02
6.88776310e+00	2022-05-17T19:27:03.998079	141	4.13000000e+02
6.89594550e+00	2022-05-17T19:27:03.998079	142	4.34000000e+02
6.91616310e+00	2022-05-17T19:27:04.028924	143	4.11000000e+02
6.93649800e+00	2022-05-17T19:27:04.051053	144	4.28000000e+02
6.94619660e+00	2022-05-17T19:27:04.051053	145	4.15000000e+02
6.95758310e+00	2022-05-17T19:27:04.067260	146	4.57000000e+02
6.96572420e+00	2022-05-17T19:27:04.067260	147	4.14000000e+02
6.98316280e+00	2022-05-17T19:27:04.097922	148	4.16000000e+02
6.99365640e+00	2022-05-17T19:27:04.097922	149	4.13000000e+02
7.00811490e+00	2022-05-17T19:27:04.113583	150	4.13000000e+02
7.01885040e+00	2022-05-17T19:27:04.129631	151	4.40000000e+02
7.02685130e+00	2022-05-17T19:27:04.129631	152	4.13000000e+02
7.04750140e+00	2022-05-17T19:27:04.151293	153	4.21000000e+02
7.06256720e+00	2022-05-17T19:27:04.166953	154	4.13000000e+02
7.07221220e+00	2022-05-17T19:27:04.182539	155	4.13000000e+02
7.08510580e+00	2022-05-17T19:27:04.198656	156	4.13000000e+02
7.09653600e+00	2022-05-17T19:27:04.198656	157	4.13000000e+02
7.11757930e+00	2022-05-17T19:27:04.229403	158	4.19000000e+02
7.13908930e+00	2022-05-17T19:27:04.251607	159	4.18000000e+02
7.14991810e+00	2022-05-17T19:27:04.251607	160	4.12000000e+02
7.15850000e+00	2022-05-17T19:27:04.267700	161	4.59000000e+02
7.18666840e+00	2022-05-17T19:27:04.298479	162	4.11000000e+02
7.20728620e+00	2022-05-17T19:27:04.314755	163	4.29000000e+02
7.21575610e+00	2022-05-17T19:27:04.330379	164	4.13000000e+02
7.22756300e+00	2022-05-17T19:27:04.330379	165	4.13000000e+02
7.24885240e+00	2022-05-17T19:27:04.351555	166	4.11000000e+02
7.26533440e+00	2022-05-17T19:27:04.367179	167	4.13000000e+02
7.27225440e+00	2022-05-17T19:27:04.382838	168	4.13000000e+02
7.28109530e+00	2022-05-17T19:27:04.382838	169	4.12000000e+02
7.28941280e+00	2022-05-17T19:27:04.398891	170	4.25000000e+02
7.31743850e+00	2022-05-17T19:27:04.429664	171	4.14000000e+02
7.32519930e+00	2022-05-17T19:27:04.429664	172	4.63000000e+02
7.33987130e+00	2022-05-17T19:27:04.451873	173	4.18000000e+02
7.34209260e+00	2022-05-17T19:27:04.451873	174	4.13000000e+02
7.35079520e+00	2022-05-17T19:27:04.451873	175	4.22000000e+02
7.36278270e+00	2022-05-17T19:27:04.467928	176	4.14000000e+02
7.38517810e+00	2022-05-17T19:27:04.498741	177	4.19000000e+02
7.40724090e+00	2022-05-17T19:27:04.517083	178	4.12000000e+02
7.41231890e+00	2022-05-17T19:27:04.517083	179	4.19000000e+02
7.42388990e+00	2022-05-17T19:27:04.533314	180	4.08000000e+02
7.43271140e+00	2022-05-17T19:27:04.548328	181	4.31000000e+02
7.45511060e+00	2022-05-17T19:27:04.568033	182	4.11000000e+02
7.47641590e+00	2022-05-17T19:27:04.583693	183	4.42000000e+02
7.48553480e+00	2022-05-17T19:27:04.599805	184	4.17000000e+02
7.49387190e+00	2022-05-17T19:27:04.599805	185	4.14000000e+02
7.51927630e+00	2022-05-17T19:27:04.630517	186	4.15000000e+02
7.54001120e+00	2022-05-17T19:27:04.652725	187	4.11000000e+02
7.55127480e+00	2022-05-17T19:27:04.652725	188	4.14000000e+02
7.55973160e+00	2022-05-17T19:27:04.668810	189	4.39000000e+02
7.56786270e+00	2022-05-17T19:27:04.668810	190	4.12000000e+02
7.58563460e+00	2022-05-17T19:27:04.699595	191	4.13000000e+02
7.60718190e+00	2022-05-17T19:27:04.715242	192	4.13000000e+02
7.61262610e+00	2022-05-17T19:27:04.715242	193	4.13000000e+02
7.62107000e+00	2022-05-17T19:27:04.731349	194	4.25000000e+02
7.62958590e+00	2022-05-17T19:27:04.731349	195	4.04000000e+02
7.64964610e+00	2022-05-17T19:27:04.752938	196	4.12000000e+02
7.66924730e+00	2022-05-17T19:27:04.784223	197	4.13000000e+02
7.67358860e+00	2022-05-17T19:27:04.784223	198	4.67000000e+02
7.68252140e+00	2022-05-17T19:27:04.784223	199	4.22000000e+02
7.69443830e+00	2022-05-17T19:27:04.800273	200	4.13000000e+02
7.72849660e+00	2022-05-17T19:27:04.831048	201	4.12000000e+02
7.74633020e+00	2022-05-17T19:27:04.853177	202	4.14000000e+02
7.74789550e+00	2022-05-17T19:27:04.853177	203	4.22000000e+02
7.75603720e+00	2022-05-17T19:27:04.869356	204	4.14000000e+02
7.76441490e+00	2022-05-17T19:27:04.869356	205	4.28000000e+02
7.78764250e+00	2022-05-17T19:27:04.900046	206	4.59000000e+02
7.80447350e+00	2022-05-17T19:27:04.915705	207	4.21000000e+02
7.81298430e+00	2022-05-17T19:27:04.915705	208	4.12000000e+02
7.82172100e+00	2022-05-17T19:27:04.932696	209	4.12000000e+02
7.82934170e+00	2022-05-17T19:27:04.932696	210	4.17000000e+02
7.84950380e+00	2022-05-17T19:27:04.953283	211	4.11000000e+02
7.85789610e+00	2022-05-17T19:27:04.968907	212	4.54000000e+02
7.87354300e+00	2022-05-17T19:27:04.984569	213	4.63000000e+02
7.88317410e+00	2022-05-17T19:27:04.984569	214	4.12000000e+02
7.89184340e+00	2022-05-17T19:27:05.000598	215	4.13000000e+02
7.91628510e+00	2022-05-17T19:27:05.031392	216	4.04000000e+02
7.93824850e+00	2022-05-17T19:27:05.053520	217	4.14000000e+02
7.94869970e+00	2022-05-17T19:27:05.053520	218	4.46000000e+02
7.95676450e+00	2022-05-17T19:27:05.069718	219	4.19000000e+02
7.96504020e+00	2022-05-17T19:27:05.069718	220	4.12000000e+02
7.98634460e+00	2022-05-17T19:27:05.100389	221	4.13000000e+02
8.00791100e+00	2022-05-17T19:27:05.116047	222	4.12000000e+02
8.00938540e+00	2022-05-17T19:27:05.116047	223	4.18000000e+02
8.01800530e+00	2022-05-17T19:27:05.132276	224	4.64000000e+02
8.02638620e+00	2022-05-17T19:27:05.132276	225	4.16000000e+02
8.04906900e+00	2022-05-17T19:27:05.153849	226	4.11000000e+02
8.06501390e+00	2022-05-17T19:27:05.169474	227	4.18000000e+02
8.07552410e+00	2022-05-17T19:27:05.185144	228	4.08000000e+02
8.08384760e+00	2022-05-17T19:27:05.185144	229	4.12000000e+02
8.09605930e+00	2022-05-17T19:27:05.201142	230	4.31000000e+02
8.11793460e+00	2022-05-17T19:27:05.231958	231	4.13000000e+02
8.13889050e+00	2022-05-17T19:27:05.254091	232	4.12000000e+02
8.14930770e+00	2022-05-17T19:27:05.254091	233	4.13000000e+02
8.15760670e+00	2022-05-17T19:27:05.270286	234	4.15000000e+02
8.16577770e+00	2022-05-17T19:27:05.270286	235	4.14000000e+02
8.18568920e+00	2022-05-17T19:27:05.300960	236	4.15000000e+02
8.19347390e+00	2022-05-17T19:27:05.300960	237	4.60000000e+02
8.20958210e+00	2022-05-17T19:27:05.317227	238	4.13000000e+02
8.21484790e+00	2022-05-17T19:27:05.317227	239	4.13000000e+02
8.22309970e+00	2022-05-17T19:27:05.333355	240	4.18000000e+02
8.23124940e+00	2022-05-17T19:27:05.333355	241	4.12000000e+02
8.25210210e+00	2022-05-17T19:27:05.353990	242	4.61000000e+02
8.27063030e+00	2022-05-17T19:27:05.385273	243	4.14000000e+02
8.27703500e+00	2022-05-17T19:27:05.385273	244	4.12000000e+02
8.28451900e+00	2022-05-17T19:27:05.385273	245	4.18000000e+02
8.29639530e+00	2022-05-17T19:27:05.401220	246	4.15000000e+02
8.31899020e+00	2022-05-17T19:27:05.432099	247	4.12000000e+02
8.33953940e+00	2022-05-17T19:27:05.454264	248	4.17000000e+02
8.34551060e+00	2022-05-17T19:27:05.454264	249	4.15000000e+02
8.35427940e+00	2022-05-17T19:27:05.469889	250	4.12000000e+02
8.36222510e+00	2022-05-17T19:27:05.469889	251	4.12000000e+02
8.38031710e+00	2022-05-17T19:27:05.485511	252	4.13000000e+02
8.38624980e+00	2022-05-17T19:27:05.501668	253	4.13000000e+02
8.40915750e+00	2022-05-17T19:27:05.517294	254	4.55000000e+02
8.41928720e+00	2022-05-17T19:27:05.533443	255	4.16000000e+02
8.42744720e+00	2022-05-17T19:27:05.533443	256	4.13000000e+02
8.45188910e+00	2022-05-17T19:27:05.554190	257	4.16000000e+02
8.46088560e+00	2022-05-17T19:27:05.569814	258	4.14000000e+02
8.47737330e+00	2022-05-17T19:27:05.585435	259	4.08000000e+02
8.48918040e+00	2022-05-17T19:27:05.601514	260	4.63000000e+02
8.49748430e+00	2022-05-17T19:27:05.601514	261	4.13000000e+02
8.51933920e+00	2022-05-17T19:27:05.632300	262	4.14000000e+02
8.53600750e+00	2022-05-17T19:27:05.647957	263	4.11000000e+02
8.54659330e+00	2022-05-17T19:27:05.654500	264	4.12000000e+02
8.55503700e+00	2022-05-17T19:27:05.670125	265	4.13000000e+02
8.56712620e+00	2022-05-17T19:27:05.670125	266	4.12000000e+02
8.58817960e+00	2022-05-17T19:27:05.701369	267	4.11000000e+02
8.61078770e+00	2022-05-17T19:27:05.717027	268	4.12000000e+02
8.61601920e+00	2022-05-17T19:27:05.717027	269	4.49000000e+02
8.62492640e+00	2022-05-17T19:27:05.733042	270	4.35000000e+02
8.64965070e+00	2022-05-17T19:27:05.754713	271	4.11000000e+02
8.67141250e+00	2022-05-17T19:27:05.785986	272	4.11000000e+02
8.67757410e+00	2022-05-17T19:27:05.785986	273	4.26000000e+02
8.68613550e+00	2022-05-17T19:27:05.801580	274	4.13000000e+02
8.69812140e+00	2022-05-17T19:27:05.801580	275	4.22000000e+02
8.72702910e+00	2022-05-17T19:27:05.832825	276	4.13000000e+02
8.73996420e+00	2022-05-17T19:27:05.854955	277	4.62000000e+02
8.75074140e+00	2022-05-17T19:27:05.854955	278	4.29000000e+02
8.77385310e+00	2022-05-17T19:27:05.886201	279	4.04000000e+02
8.79033250e+00	2022-05-17T19:27:05.901858	280	4.17000000e+02
8.80033180e+00	2022-05-17T19:27:05.901858	281	4.04000000e+02
8.80871550e+00	2022-05-17T19:27:05.917891	282	4.15000000e+02
8.81712560e+00	2022-05-17T19:27:05.917891	283	4.27000000e+02
8.83476000e+00	2022-05-17T19:27:05.948686	284	4.16000000e+02
8.85890520e+00	2022-05-17T19:27:05.970873	285	4.05000000e+02
8.87013130e+00	2022-05-17T19:27:05.970873	286	4.16000000e+02
8.87828650e+00	2022-05-17T19:27:05.986836	287	4.12000000e+02
8.89497370e+00	2022-05-17T19:27:06.002077	288	4.12000000e+02
8.90653400e+00	2022-05-17T19:27:06.017699	289	4.11000000e+02
8.92932810e+00	2022-05-17T19:27:06.033358	290	4.12000000e+02
8.93514270e+00	2022-05-17T19:27:06.049240	291	4.31000000e+02
8.94509780e+00	2022-05-17T19:27:06.055817	292	4.13000000e+02
8.95702320e+00	2022-05-17T19:27:06.071442	293	4.49000000e+02
8.97386730e+00	2022-05-17T19:27:06.087063	294	4.33000000e+02
8.99641060e+00	2022-05-17T19:27:06.102722	295	4.13000000e+02
9.00124800e+00	2022-05-17T19:27:06.102722	296	4.12000000e+02
9.00944570e+00	2022-05-17T19:27:06.118307	297	4.61000000e+02
9.01789240e+00	2022-05-17T19:27:06.118307	298	4.13000000e+02
9.03569710e+00	2022-05-17T19:27:06.149549	299	4.20000000e+02
9.05949190e+00	2022-05-17T19:27:06.171716	300	4.12000000e+02
9.06687730e+00	2022-05-17T19:27:06.171716	301	4.25000000e+02
9.07896390e+00	2022-05-17T19:27:06.187881	302	4.15000000e+02
9.08733220e+00	2022-05-17T19:27:06.202920	303	4.21000000e+02
9.09936340e+00	2022-05-17T19:27:06.202920	304	4.12000000e+02
9.12058390e+00	2022-05-17T19:27:06.234163	305	4.57000000e+02
9.13821420e+00	2022-05-17T19:27:06.249823	306	4.12000000e+02
9.14852660e+00	2022-05-17T19:27:06.256365	307	4.05000000e+02
9.15726040e+00	2022-05-17T19:27:06.271990	308	4.12000000e+02
9.16913530e+00	2022-05-17T19:27:06.271990	309	4.45000000e+02
9.18998490e+00	2022-05-17T19:27:06.303233	310	4.12000000e+02
9.20721010e+00	2022-05-17T19:27:06.319009	311	4.13000000e+02
9.21536760e+00	2022-05-17T19:27:06.319009	312	4.11000000e+02
9.22622760e+00	2022-05-17T19:27:06.335123	313	4.14000000e+02
9.23480400e+00	2022-05-17T19:27:06.350255	314	4.16000000e+02
9.25172840e+00	2022-05-17T19:27:06.356295	315	4.12000000e+02
9.27233690e+00	2022-05-17T19:27:06.387581	316	4.12000000e+02
9.27904490e+00	2022-05-17T19:27:06.387581	317	4.13000000e+02
9.28816230e+00	2022-05-17T19:27:06.403162	318	4.36000000e+02
9.30034800e+00	2022-05-17T19:27:06.403162	319	4.15000000e+02
9.32157970e+00	2022-05-17T19:27:06.434405	320	4.16000000e+02
9.34591240e+00	2022-05-17T19:27:06.456619	321	4.25000000e+02
9.34929720e+00	2022-05-17T19:27:06.456619	322	4.13000000e+02
9.35990760e+00	2022-05-17T19:27:06.472244	323	4.13000000e+02
9.36951020e+00	2022-05-17T19:27:06.472244	324	4.12000000e+02
9.38996200e+00	2022-05-17T19:27:06.504774	325	4.62000000e+02
9.41419980e+00	2022-05-17T19:27:06.520433	326	4.12000000e+02
9.41935900e+00	2022-05-17T19:27:06.520433	327	4.15000000e+02
9.43130760e+00	2022-05-17T19:27:06.536440	328	4.13000000e+02
9.45523120e+00	2022-05-17T19:27:06.556770	329	4.12000000e+02
9.46365600e+00	2022-05-17T19:27:06.572399	330	4.36000000e+02
9.47552180e+00	2022-05-17T19:27:06.588055	331	4.31000000e+02
9.48427970e+00	2022-05-17T19:27:06.588055	332	4.12000000e+02
9.49260640e+00	2022-05-17T19:27:06.604194	333	4.15000000e+02
9.50109650e+00	2022-05-17T19:27:06.604194	334	4.20000000e+02
9.52187960e+00	2022-05-17T19:27:06.634883	335	4.12000000e+02
9.54020670e+00	2022-05-17T19:27:06.650546	336	4.15000000e+02
9.55025030e+00	2022-05-17T19:27:06.657088	337	4.13000000e+02
9.56228590e+00	2022-05-17T19:27:06.672712	338	4.12000000e+02
9.57068970e+00	2022-05-17T19:27:06.672712	339	4.14000000e+02
9.59066310e+00	2022-05-17T19:27:06.703955	340	4.14000000e+02
9.59969130e+00	2022-05-17T19:27:06.703955	341	4.15000000e+02
9.61679600e+00	2022-05-17T19:27:06.719616	342	4.14000000e+02
9.62861730e+00	2022-05-17T19:27:06.735495	343	4.04000000e+02
9.65363820e+00	2022-05-17T19:27:06.757316	344	4.13000000e+02
9.67336910e+00	2022-05-17T19:27:06.788599	345	4.12000000e+02
9.68107250e+00	2022-05-17T19:27:06.788599	346	4.13000000e+02
9.68958210e+00	2022-05-17T19:27:06.804183	347	4.15000000e+02
9.70157430e+00	2022-05-17T19:27:06.804183	348	4.13000000e+02
9.72398110e+00	2022-05-17T19:27:06.835426	349	4.12000000e+02
9.74910860e+00	2022-05-17T19:27:06.857629	350	4.12000000e+02
9.75879160e+00	2022-05-17T19:27:06.873255	351	4.12000000e+02
9.76658490e+00	2022-05-17T19:27:06.873255	352	4.17000000e+02
9.79198020e+00	2022-05-17T19:27:06.904496	353	4.12000000e+02
9.79313730e+00	2022-05-17T19:27:06.904496	354	4.13000000e+02
9.81225870e+00	2022-05-17T19:27:06.920157	355	4.22000000e+02
9.82443870e+00	2022-05-17T19:27:06.936191	356	4.14000000e+02
9.83287690e+00	2022-05-17T19:27:06.936191	357	4.19000000e+02
9.85479000e+00	2022-05-17T19:27:06.957924	358	4.25000000e+02
9.87451230e+00	2022-05-17T19:27:06.989172	359	4.04000000e+02
9.88129590e+00	2022-05-17T19:27:06.989172	360	4.13000000e+02
9.89041600e+00	2022-05-17T19:27:07.004792	361	4.19000000e+02
9.90226120e+00	2022-05-17T19:27:07.004792	362	4.14000000e+02
9.92363630e+00	2022-05-17T19:27:07.036034	363	4.14000000e+02
9.94760700e+00	2022-05-17T19:27:07.058238	364	4.04000000e+02
9.96171460e+00	2022-05-17T19:27:07.073865	365	4.15000000e+02
9.97194740e+00	2022-05-17T19:27:07.073865	366	4.12000000e+02
9.99346810e+00	2022-05-17T19:27:07.105105	367	4.11000000e+02
1.00166783e+01	2022-05-17T19:27:07.120765	368	4.12000000e+02
1.00211874e+01	2022-05-17T19:27:07.136347	369	4.15000000e+02
1.00333181e+01	2022-05-17T19:27:07.136347	370	4.14000000e+02
1.00550656e+01	2022-05-17T19:27:07.158534	371	4.61000000e+02
1.00792939e+01	2022-05-17T19:27:07.189821	372	4.12000000e+02
1.00863285e+01	2022-05-17T19:27:07.189821	373	4.08000000e+02
1.00943576e+01	2022-05-17T19:27:07.205718	374	4.21000000e+02
1.01031199e+01	2022-05-17T19:27:07.205718	375	4.19000000e+02
1.01211918e+01	2022-05-17T19:27:07.236650	376	4.16000000e+02
1.01311001e+01	2022-05-17T19:27:07.236650	377	4.12000000e+02
1.01538204e+01	2022-05-17T19:27:07.258856	378	4.12000000e+02
1.01643377e+01	2022-05-17T19:27:07.274481	379	4.61000000e+02
1.01727825e+01	2022-05-17T19:27:07.274481	380	4.12000000e+02
1.01929671e+01	2022-05-17T19:27:07.306317	381	4.11000000e+02
1.02180072e+01	2022-05-17T19:27:07.321954	382	4.04000000e+02
1.02217268e+01	2022-05-17T19:27:07.321954	383	4.12000000e+02
1.02300077e+01	2022-05-17T19:27:07.337564	384	4.12000000e+02
1.02555282e+01	2022-05-17T19:27:07.359189	385	4.59000000e+02
1.02578791e+01	2022-05-17T19:27:07.359189	386	4.16000000e+02
1.02760977e+01	2022-05-17T19:27:07.390473	387	4.12000000e+02
1.02832721e+01	2022-05-17T19:27:07.390473	388	4.14000000e+02
1.02865895e+01	2022-05-17T19:27:07.390473	389	4.17000000e+02
1.02952277e+01	2022-05-17T19:27:07.406055	390	4.25000000e+02
1.03039185e+01	2022-05-17T19:27:07.406055	391	4.12000000e+02
1.03227634e+01	2022-05-17T19:27:07.437299	392	4.13000000e+02
1.03339650e+01	2022-05-17T19:27:07.437299	393	4.58000000e+02
1.03520487e+01	2022-05-17T19:27:07.459505	394	4.15000000e+02
1.03609610e+01	2022-05-17T19:27:07.475129	395	4.14000000e+02
1.03694633e+01	2022-05-17T19:27:07.475129	396	4.19000000e+02
1.03947329e+01	2022-05-17T19:27:07.507387	397	4.02000000e+02
1.04203872e+01	2022-05-17T19:27:07.523048	398	4.13000000e+02
1.04304469e+01	2022-05-17T19:27:07.538629	399	4.13000000e+02
1.04388644e+01	2022-05-17T19:27:07.554250	400	4.20000000e+02
1.04578088e+01	2022-05-17T19:27:07.559795	401	4.19000000e+02
1.04676090e+01	2022-05-17T19:27:07.575423	402	4.55000000e+02
1.04846725e+01	2022-05-17T19:27:07.591078	403	4.04000000e+02
1.04875937e+01	2022-05-17T19:27:07.591078	404	4.16000000e+02
1.04956722e+01	2022-05-17T19:27:07.606960	405	4.13000000e+02
1.05042091e+01	2022-05-17T19:27:07.606960	406	4.13000000e+02
1.05246927e+01	2022-05-17T19:27:07.637905	407	4.08000000e+02
1.05298030e+01	2022-05-17T19:27:07.637905	408	4.13000000e+02
1.05468317e+01	2022-05-17T19:27:07.660112	409	4.26000000e+02
1.05576504e+01	2022-05-17T19:27:07.660112	410	4.23000000e+02
1.05658490e+01	2022-05-17T19:27:07.676230	411	4.12000000e+02
1.05907378e+01	2022-05-17T19:27:07.691754	412	4.12000000e+02
1.05940702e+01	2022-05-17T19:27:07.706978	413	4.13000000e+02
1.06017474e+01	2022-05-17T19:27:07.706978	414	4.15000000e+02
1.06193748e+01	2022-05-17T19:27:07.722643	415	4.40000000e+02
1.06223855e+01	2022-05-17T19:27:07.722643	416	4.13000000e+02
1.06317651e+01	2022-05-17T19:27:07.738222	417	4.23000000e+02
1.06593770e+01	2022-05-17T19:27:07.759979	418	4.11000000e+02
1.06829585e+01	2022-05-17T19:27:07.791225	419	4.11000000e+02
1.06885128e+01	2022-05-17T19:27:07.791225	420	4.18000000e+02
1.06969421e+01	2022-05-17T19:27:07.807138	421	4.12000000e+02
1.07051308e+01	2022-05-17T19:27:07.807138	422	4.16000000e+02
1.07299792e+01	2022-05-17T19:27:07.838089	423	4.04000000e+02
1.07493926e+01	2022-05-17T19:27:07.860280	424	4.12000000e+02
1.07579912e+01	2022-05-17T19:27:07.860280	425	4.15000000e+02
1.07665517e+01	2022-05-17T19:27:07.876415	426	4.17000000e+02
1.07748711e+01	2022-05-17T19:27:07.876415	427	4.12000000e+02
1.07950154e+01	2022-05-17T19:27:07.907149	428	4.12000000e+02
1.08160374e+01	2022-05-17T19:27:07.922797	429	4.11000000e+02
1.08278628e+01	2022-05-17T19:27:07.938471	430	4.29000000e+02
1.08363057e+01	2022-05-17T19:27:07.938471	431	4.12000000e+02
1.08550478e+01	2022-05-17T19:27:07.960549	432	4.12000000e+02
1.08756158e+01	2022-05-17T19:27:07.976174	433	4.25000000e+02
1.08852317e+01	2022-05-17T19:27:07.991832	434	4.45000000e+02
1.08931338e+01	2022-05-17T19:27:08.007431	435	4.13000000e+02
1.09018411e+01	2022-05-17T19:27:08.007431	436	4.40000000e+02
1.09240885e+01	2022-05-17T19:27:08.038659	437	4.17000000e+02
1.09496672e+01	2022-05-17T19:27:08.060862	438	4.57000000e+02
1.09594199e+01	2022-05-17T19:27:08.060862	439	4.08000000e+02
1.09712768e+01	2022-05-17T19:27:08.076554	440	4.13000000e+02
1.09933078e+01	2022-05-17T19:27:08.107730	441	4.11000000e+02
1.10186934e+01	2022-05-17T19:27:08.123387	442	4.12000000e+02
1.10246168e+01	2022-05-17T19:27:08.138972	443	4.12000000e+02
1.10327688e+01	2022-05-17T19:27:08.138972	444	4.26000000e+02
1.10563929e+01	2022-05-17T19:27:08.160766	445	4.38000000e+02
1.10822107e+01	2022-05-17T19:27:08.192012	446	4.13000000e+02
1.10859170e+01	2022-05-17T19:27:08.192012	447	4.12000000e+02
1.10935829e+01	2022-05-17T19:27:08.207634	448	4.14000000e+02
1.11025275e+01	2022-05-17T19:27:08.207634	449	4.12000000e+02
1.11241293e+01	2022-05-17T19:27:08.238876	450	4.11000000e+02
1.11446252e+01	2022-05-17T19:27:08.254533	451	4.12000000e+02
1.11599632e+01	2022-05-17T19:27:08.261446	452	4.12000000e+02
1.11721995e+01	2022-05-17T19:27:08.277523	453	4.27000000e+02
1.11932352e+01	2022-05-17T19:27:08.308865	454	4.13000000e+02
1.12193464e+01	2022-05-17T19:27:08.324528	455	4.14000000e+02
1.12249979e+01	2022-05-17T19:27:08.340112	456	4.12000000e+02
1.12335871e+01	2022-05-17T19:27:08.340112	457	4.54000000e+02
1.12561101e+01	2022-05-17T19:27:08.361739	458	4.63000000e+02
1.12763884e+01	2022-05-17T19:27:08.377365	459	4.12000000e+02
1.12831872e+01	2022-05-17T19:27:08.392987	460	4.15000000e+02
1.12911493e+01	2022-05-17T19:27:08.392987	461	4.12000000e+02
1.13030693e+01	2022-05-17T19:27:08.408924	462	4.23000000e+02
1.13248318e+01	2022-05-17T19:27:08.439849	463	4.12000000e+02
1.13505161e+01	2022-05-17T19:27:08.462054	464	4.18000000e+02
1.13564316e+01	2022-05-17T19:27:08.462054	465	4.04000000e+02
1.13679666e+01	2022-05-17T19:27:08.478241	466	4.13000000e+02
1.13765751e+01	2022-05-17T19:27:08.478241	467	4.12000000e+02
1.13939807e+01	2022-05-17T19:27:08.494332	468	4.63000000e+02
1.14199394e+01	2022-05-17T19:27:08.525617	469	4.59000000e+02
1.14300035e+01	2022-05-17T19:27:08.541639	470	4.17000000e+02
1.14384077e+01	2022-05-17T19:27:08.541639	471	4.13000000e+02
1.14586800e+01	2022-05-17T19:27:08.562167	472	4.11000000e+02
1.14829964e+01	2022-05-17T19:27:08.593453	473	4.14000000e+02
1.14910447e+01	2022-05-17T19:27:08.593453	474	4.13000000e+02
1.14996814e+01	2022-05-17T19:27:08.609530	475	4.12000000e+02
1.15087193e+01	2022-05-17T19:27:08.609530	476	4.13000000e+02
1.15252366e+01	2022-05-17T19:27:08.640277	477	4.12000000e+02
1.15505790e+01	2022-05-17T19:27:08.662480	478	4.50000000e+02
1.15610372e+01	2022-05-17T19:27:08.662480	479	4.13000000e+02
1.15693818e+01	2022-05-17T19:27:08.678562	480	4.20000000e+02
1.15958977e+01	2022-05-17T19:27:08.709348	481	4.11000000e+02
1.16163093e+01	2022-05-17T19:27:08.725011	482	4.12000000e+02
1.16260998e+01	2022-05-17T19:27:08.740591	483	4.17000000e+02
1.16349046e+01	2022-05-17T19:27:08.740591	484	4.12000000e+02
1.16599413e+01	2022-05-17T19:27:08.762469	485	4.12000000e+02
1.16803432e+01	2022-05-17T19:27:08.793751	486	4.14000000e+02
1.16881268e+01	2022-05-17T19:27:08.793751	487	4.12000000e+02
1.16957192e+01	2022-05-17T19:27:08.809869	488	4.13000000e+02
1.17045838e+01	2022-05-17T19:27:08.809869	489	4.13000000e+02
1.17262992e+01	2022-05-17T19:27:08.840578	490	4.34000000e+02
1.17516945e+01	2022-05-17T19:27:08.862786	491	4.11000000e+02
1.17617490e+01	2022-05-17T19:27:08.862786	492	4.16000000e+02
1.17701021e+01	2022-05-17T19:27:08.878837	493	4.06000000e+02
1.17942327e+01	2022-05-17T19:27:08.909654	494	4.11000000e+02
1.18016086e+01	2022-05-17T19:27:08.909654	495	4.19000000e+02
1.18117120e+01	2022-05-17T19:27:08.925274	496	4.13000000e+02
1.18296667e+01	2022-05-17T19:27:08.940906	497	4.12000000e+02
1.18399887e+01	2022-05-17T19:27:08.940906	498	4.13000000e+02
1.18517812e+01	2022-05-17T19:27:08.963494	499	4.12000000e+02
1.18594987e+01	2022-05-17T19:27:08.963494	500	4.13000000e+02
1.18804065e+01	2022-05-17T19:27:08.994740	501	4.53000000e+02
1.19068163e+01	2022-05-17T19:27:09.010398	502	4.12000000e+02
1.19175011e+01	2022-05-17T19:27:09.026534	503	4.02000000e+02
1.19257177e+01	2022-05-17T19:27:09.026534	504	4.15000000e+02
1.19378659e+01	2022-05-17T19:27:09.041605	505	4.04000000e+02
1.19584892e+01	2022-05-17T19:27:09.063731	506	4.31000000e+02
1.19844932e+01	2022-05-17T19:27:09.095015	507	4.37000000e+02
1.19907164e+01	2022-05-17T19:27:09.095015	508	4.64000000e+02
1.19992393e+01	2022-05-17T19:27:09.111172	509	4.11000000e+02
1.20083134e+01	2022-05-17T19:27:09.111172	510	4.42000000e+02
1.20198133e+01	2022-05-17T19:27:09.126263	511	4.13000000e+02
1.20380420e+01	2022-05-17T19:27:09.142122	512	4.13000000e+02
1.20428658e+01	2022-05-17T19:27:09.157463	513	4.13000000e+02
1.20648069e+01	2022-05-17T19:27:09.179677	514	4.15000000e+02
1.20672222e+01	2022-05-17T19:27:09.179677	515	4.12000000e+02
1.20770969e+01	2022-05-17T19:27:09.179677	516	4.14000000e+02
1.20853877e+01	2022-05-17T19:27:09.195768	517	4.26000000e+02
1.20931822e+01	2022-05-17T19:27:09.195768	518	4.28000000e+02
1.21128557e+01	2022-05-17T19:27:09.226505	519	4.11000000e+02
1.21225949e+01	2022-05-17T19:27:09.226505	520	4.19000000e+02
1.21428526e+01	2022-05-17T19:27:09.257792	521	4.12000000e+02
1.21459853e+01	2022-05-17T19:27:09.257792	522	4.21000000e+02
1.21549792e+01	2022-05-17T19:27:09.264801	523	4.15000000e+02
1.21629131e+01	2022-05-17T19:27:09.264801	524	4.14000000e+02
1.21717308e+01	2022-05-17T19:27:09.280896	525	4.13000000e+02
1.21967751e+01	2022-05-17T19:27:09.312207	526	4.16000000e+02
1.22179475e+01	2022-05-17T19:27:09.327867	527	4.11000000e+02
1.22288966e+01	2022-05-17T19:27:09.343453	528	4.29000000e+02
1.22405477e+01	2022-05-17T19:27:09.343453	529	4.33000000e+02
1.22603914e+01	2022-05-17T19:27:09.365122	530	4.11000000e+02
1.22690733e+01	2022-05-17T19:27:09.380747	531	4.13000000e+02
1.22895888e+01	2022-05-17T19:27:09.396408	532	4.16000000e+02
1.22986107e+01	2022-05-17T19:27:09.412312	533	4.12000000e+02
1.23067933e+01	2022-05-17T19:27:09.412312	534	4.12000000e+02
1.23286753e+01	2022-05-17T19:27:09.443232	535	4.15000000e+02
1.23525787e+01	2022-05-17T19:27:09.465400	536	4.18000000e+02
1.23636431e+01	2022-05-17T19:27:09.465400	537	4.15000000e+02
1.23714924e+01	2022-05-17T19:27:09.481025	538	4.17000000e+02
1.23801080e+01	2022-05-17T19:27:09.481025	539	4.26000000e+02
1.24005819e+01	2022-05-17T19:27:09.513240	540	4.17000000e+02
1.24081911e+01	2022-05-17T19:27:09.513240	541	4.31000000e+02
1.24274462e+01	2022-05-17T19:27:09.528903	542	4.12000000e+02
1.24373863e+01	2022-05-17T19:27:09.544944	543	4.12000000e+02
1.24686611e+01	2022-05-17T19:27:09.581324	544	4.33000000e+02
1.24708297e+01	2022-05-17T19:27:09.581324	545	4.14000000e+02
1.24903381e+01	2022-05-17T19:27:09.596984	546	4.12000000e+02
1.24999197e+01	2022-05-17T19:27:09.613216	547	4.44000000e+02
1.25112413e+01	2022-05-17T19:27:09.613216	548	4.15000000e+02
1.25315225e+01	2022-05-17T19:27:09.643809	549	4.12000000e+02
1.25586962e+01	2022-05-17T19:27:09.666009	550	4.14000000e+02
1.25644763e+01	2022-05-17T19:27:09.666009	551	4.22000000e+02
1.25729321e+01	2022-05-17T19:27:09.682106	552	4.13000000e+02
1.25994818e+01	2022-05-17T19:27:09.712876	553	4.24000000e+02
1.26204077e+01	2022-05-17T19:27:09.728535	554	4.13000000e+02
1.26280035e+01	2022-05-17T19:27:09.728535	555	4.16000000e+02
1.26383562e+01	2022-05-17T19:27:09.744155	556	4.12000000e+02
1.26467827e+01	2022-05-17T19:27:09.760281	557	4.13000000e+02
1.26587941e+01	2022-05-17T19:27:09.766818	558	4.12000000e+02
1.26671577e+01	2022-05-17T19:27:09.782442	559	4.15000000e+02
1.26842219e+01	2022-05-17T19:27:09.798064	560	4.11000000e+02
1.27048884e+01	2022-05-17T19:27:09.813723	561	4.57000000e+02
1.27157848e+01	2022-05-17T19:27:09.829801	562	4.19000000e+02
1.27238686e+01	2022-05-17T19:27:09.829801	563	4.12000000e+02
1.27475913e+01	2022-05-17T19:27:09.860549	564	4.22000000e+02
1.27685290e+01	2022-05-17T19:27:09.882715	565	4.14000000e+02
1.27763871e+01	2022-05-17T19:27:09.882715	566	4.16000000e+02
1.27853267e+01	2022-05-17T19:27:09.898831	567	4.14000000e+02
1.27935107e+01	2022-05-17T19:27:09.898831	568	4.06000000e+02
1.28185535e+01	2022-05-17T19:27:09.929542	569	4.12000000e+02
1.28458924e+01	2022-05-17T19:27:09.960821	570	4.11000000e+02
1.28504195e+01	2022-05-17T19:27:09.960821	571	4.20000000e+02
1.28589001e+01	2022-05-17T19:27:09.967770	572	4.04000000e+02
1.28680028e+01	2022-05-17T19:27:09.983395	573	4.61000000e+02
1.28798909e+01	2022-05-17T19:27:09.983395	574	4.12000000e+02
1.29012958e+01	2022-05-17T19:27:10.014638	575	4.14000000e+02
1.29284232e+01	2022-05-17T19:27:10.030297	576	4.18000000e+02
1.29377418e+01	2022-05-17T19:27:10.045922	577	4.12000000e+02
1.29628879e+01	2022-05-17T19:27:10.068020	578	4.11000000e+02
1.29907232e+01	2022-05-17T19:27:10.099266	579	4.29000000e+02
1.30021109e+01	2022-05-17T19:27:10.115360	580	4.12000000e+02
1.30110897e+01	2022-05-17T19:27:10.115360	581	4.04000000e+02
1.30345848e+01	2022-05-17T19:27:10.146129	582	4.13000000e+02
1.30434557e+01	2022-05-17T19:27:10.146129	583	4.25000000e+02
1.30628926e+01	2022-05-17T19:27:10.168293	584	4.30000000e+02
1.30725806e+01	2022-05-17T19:27:10.184359	585	4.40000000e+02
1.30988331e+01	2022-05-17T19:27:10.199539	586	4.18000000e+02
1.31029917e+01	2022-05-17T19:27:10.215161	587	4.19000000e+02
1.31123433e+01	2022-05-17T19:27:10.215161	588	4.13000000e+02
1.31326610e+01	2022-05-17T19:27:10.246442	589	4.14000000e+02
1.31418228e+01	2022-05-17T19:27:10.246442	590	4.04000000e+02
1.31501851e+01	2022-05-17T19:27:10.262347	591	4.13000000e+02
1.31586539e+01	2022-05-17T19:27:10.268703	592	4.13000000e+02
1.31845053e+01	2022-05-17T19:27:10.299949	593	4.02000000e+02
1.31961650e+01	2022-05-17T19:27:10.299949	594	4.12000000e+02
1.32161638e+01	2022-05-17T19:27:10.316234	595	4.13000000e+02
1.32196380e+01	2022-05-17T19:27:10.331858	596	4.13000000e+02
1.32280950e+01	2022-05-17T19:27:10.331858	597	4.16000000e+02
1.32357622e+01	2022-05-17T19:27:10.348035	598	4.12000000e+02
1.32443934e+01	2022-05-17T19:27:10.348035	599	4.59000000e+02
1.32664093e+01	2022-05-17T19:27:10.368668	600	4.12000000e+02
1.32937153e+01	2022-05-17T19:27:10.399955	601	4.13000000e+02
1.33059510e+01	2022-05-17T19:27:10.416179	602	4.24000000e+02
1.33332969e+01	2022-05-17T19:27:10.446781	603	4.13000000e+02
1.33357195e+01	2022-05-17T19:27:10.446781	604	4.22000000e+02
1.33626885e+01	2022-05-17T19:27:10.468984	605	4.63000000e+02
1.33740214e+01	2022-05-17T19:27:10.485248	606	4.61000000e+02
1.33836852e+01	2022-05-17T19:27:10.485248	607	4.13000000e+02
1.34027691e+01	2022-05-17T19:27:10.516906	608	4.14000000e+02
1.34240252e+01	2022-05-17T19:27:10.532566	609	4.13000000e+02
1.34319301e+01	2022-05-17T19:27:10.532566	610	4.11000000e+02
1.34368901e+01	2022-05-17T19:27:10.548189	611	4.15000000e+02
1.34451237e+01	2022-05-17T19:27:10.548189	612	4.13000000e+02
1.34533038e+01	2022-05-17T19:27:10.564293	613	4.19000000e+02
1.34615275e+01	2022-05-17T19:27:10.569299	614	4.13000000e+02
1.34699058e+01	2022-05-17T19:27:10.584923	615	4.13000000e+02
1.34848636e+01	2022-05-17T19:27:10.584923	616	4.16000000e+02
1.35085903e+01	2022-05-17T19:27:10.616166	617	4.14000000e+02
1.35160158e+01	2022-05-17T19:27:10.616166	618	4.13000000e+02
1.35186811e+01	2022-05-17T19:27:10.631788	619	4.25000000e+02
1.35269755e+01	2022-05-17T19:27:10.631788	620	4.12000000e+02
1.35353182e+01	2022-05-17T19:27:10.647920	621	4.18000000e+02
1.35473967e+01	2022-05-17T19:27:10.663029	622	4.12000000e+02
1.35717691e+01	2022-05-17T19:27:10.685627	623	4.36000000e+02
1.35804027e+01	2022-05-17T19:27:10.685627	624	4.12000000e+02
1.36007660e+01	2022-05-17T19:27:10.701289	625	4.11000000e+02
1.36086680e+01	2022-05-17T19:27:10.716907	626	4.15000000e+02
1.36326897e+01	2022-05-17T19:27:10.748113	627	4.13000000e+02
1.36346598e+01	2022-05-17T19:27:10.748113	628	4.21000000e+02
1.36572162e+01	2022-05-17T19:27:10.770317	629	4.19000000e+02
1.36662201e+01	2022-05-17T19:27:10.770317	630	4.12000000e+02
1.36743501e+01	2022-05-17T19:27:10.786385	631	4.12000000e+02
1.36828251e+01	2022-05-17T19:27:10.786385	632	4.14000000e+02
1.37038819e+01	2022-05-17T19:27:10.817184	633	4.11000000e+02
1.37321741e+01	2022-05-17T19:27:10.832841	634	4.40000000e+02
1.37358617e+01	2022-05-17T19:27:10.848467	635	4.12000000e+02
1.37440859e+01	2022-05-17T19:27:10.848467	636	4.13000000e+02
1.37523761e+01	2022-05-17T19:27:10.864619	637	4.12000000e+02
1.37605136e+01	2022-05-17T19:27:10.870626	638	4.26000000e+02
1.37688974e+01	2022-05-17T19:27:10.870626	639	4.13000000e+02
1.37888708e+01	2022-05-17T19:27:10.901873	640	4.11000000e+02
1.38187128e+01	2022-05-17T19:27:10.933123	641	4.11000000e+02
1.38295864e+01	2022-05-17T19:27:10.933123	642	4.12000000e+02
1.38514622e+01	2022-05-17T19:27:10.964363	643	4.11000000e+02
1.38733949e+01	2022-05-17T19:27:10.986578	644	4.18000000e+02
1.38832833e+01	2022-05-17T19:27:10.986578	645	4.41000000e+02
1.38913868e+01	2022-05-17T19:27:11.002694	646	4.20000000e+02
1.39001748e+01	2022-05-17T19:27:11.002694	647	4.12000000e+02
1.39197131e+01	2022-05-17T19:27:11.033402	648	4.16000000e+02
1.39477110e+01	2022-05-17T19:27:11.049060	649	4.11000000e+02
1.39525148e+01	2022-05-17T19:27:11.064681	650	4.12000000e+02
1.39605960e+01	2022-05-17T19:27:11.071186	651	4.25000000e+02
1.39693788e+01	2022-05-17T19:27:11.071186	652	4.63000000e+02
1.39774300e+01	2022-05-17T19:27:11.086848	653	4.12000000e+02
1.39856378e+01	2022-05-17T19:27:11.086848	654	4.12000000e+02
1.40036338e+01	2022-05-17T19:27:11.118053	655	4.15000000e+02
1.40323623e+01	2022-05-17T19:27:11.133711	656	4.11000000e+02
1.40430332e+01	2022-05-17T19:27:11.149733	657	4.12000000e+02
1.40671338e+01	2022-05-17T19:27:11.171095	658	4.20000000e+02
1.40898226e+01	2022-05-17T19:27:11.202380	659	4.04000000e+02
1.40917435e+01	2022-05-17T19:27:11.202380	660	4.13000000e+02
1.40998171e+01	2022-05-17T19:27:11.202380	661	4.06000000e+02
1.41083144e+01	2022-05-17T19:27:11.218472	662	4.14000000e+02
1.41173279e+01	2022-05-17T19:27:11.218472	663	4.12000000e+02
1.41357197e+01	2022-05-17T19:27:11.249205	664	4.12000000e+02
1.41452944e+01	2022-05-17T19:27:11.249205	665	4.21000000e+02
1.41658836e+01	2022-05-17T19:27:11.271410	666	4.13000000e+02
1.41735832e+01	2022-05-17T19:27:11.287473	667	4.12000000e+02
1.41823372e+01	2022-05-17T19:27:11.287473	668	4.22000000e+02
1.42068634e+01	2022-05-17T19:27:11.319007	669	4.11000000e+02
1.42197490e+01	2022-05-17T19:27:11.334629	670	4.15000000e+02
1.42366923e+01	2022-05-17T19:27:11.350287	671	4.25000000e+02
1.42478953e+01	2022-05-17T19:27:11.350287	672	4.12000000e+02
1.42566794e+01	2022-05-17T19:27:11.371369	673	4.14000000e+02
1.42683759e+01	2022-05-17T19:27:11.371369	674	4.14000000e+02
1.42913428e+01	2022-05-17T19:27:11.402615	675	4.11000000e+02
1.43189745e+01	2022-05-17T19:27:11.433896	676	4.11000000e+02
1.43297879e+01	2022-05-17T19:27:11.433896	677	4.12000000e+02
1.43380812e+01	2022-05-17T19:27:11.450045	678	4.51000000e+02
1.43458298e+01	2022-05-17T19:27:11.450045	679	4.61000000e+02
1.43685238e+01	2022-05-17T19:27:11.471668	680	4.12000000e+02
1.43965759e+01	2022-05-17T19:27:11.503576	681	4.59000000e+02
1.44074323e+01	2022-05-17T19:27:11.519654	682	4.12000000e+02
1.44159783e+01	2022-05-17T19:27:11.519654	683	4.25000000e+02
1.44403843e+01	2022-05-17T19:27:11.550439	684	4.13000000e+02
1.44670023e+01	2022-05-17T19:27:11.571611	685	4.17000000e+02
1.44772516e+01	2022-05-17T19:27:11.587323	686	4.13000000e+02
1.44852544e+01	2022-05-17T19:27:11.587323	687	4.12000000e+02
1.45070566e+01	2022-05-17T19:27:11.618477	688	4.14000000e+02
1.45348162e+01	2022-05-17T19:27:11.649757	689	4.13000000e+02
1.45387066e+01	2022-05-17T19:27:11.649757	690	4.13000000e+02
1.45467285e+01	2022-05-17T19:27:11.649757	691	4.29000000e+02
1.45552270e+01	2022-05-17T19:27:11.665662	692	4.13000000e+02
1.45669534e+01	2022-05-17T19:27:11.671964	693	4.13000000e+02
1.45892771e+01	2022-05-17T19:27:11.703215	694	4.13000000e+02
1.46178435e+01	2022-05-17T19:27:11.718862	695	4.15000000e+02
1.46244371e+01	2022-05-17T19:27:11.734457	696	4.13000000e+02
1.46330584e+01	2022-05-17T19:27:11.734457	697	4.15000000e+02
1.46537167e+01	2022-05-17T19:27:11.765700	698	4.12000000e+02
1.46804435e+01	2022-05-17T19:27:11.787867	699	4.12000000e+02
1.46860838e+01	2022-05-17T19:27:11.787867	700	4.13000000e+02
1.46943673e+01	2022-05-17T19:27:11.803798	701	4.64000000e+02
1.47027190e+01	2022-05-17T19:27:11.803798	702	4.12000000e+02
1.47223362e+01	2022-05-17T19:27:11.834693	703	4.51000000e+02
1.47354798e+01	2022-05-17T19:27:11.850315	704	4.13000000e+02
1.47525148e+01	2022-05-17T19:27:11.865942	705	4.11000000e+02
1.47639129e+01	2022-05-17T19:27:11.872447	706	4.13000000e+02
1.47729700e+01	2022-05-17T19:27:11.888076	707	4.14000000e+02
1.47843881e+01	2022-05-17T19:27:11.888076	708	4.14000000e+02
1.48039286e+01	2022-05-17T19:27:11.919316	709	4.54000000e+02
1.48163818e+01	2022-05-17T19:27:11.919316	710	4.15000000e+02
1.48380372e+01	2022-05-17T19:27:11.950606	711	4.11000000e+02
1.48500426e+01	2022-05-17T19:27:11.950606	712	4.13000000e+02
1.48580706e+01	2022-05-17T19:27:11.972720	713	4.34000000e+02
1.48665149e+01	2022-05-17T19:27:11.972720	714	4.12000000e+02
1.48885140e+01	2022-05-17T19:27:12.003966	715	4.08000000e+02
1.48992617e+01	2022-05-17T19:27:12.003966	716	4.15000000e+02
1.49204452e+01	2022-05-17T19:27:12.035208	717	4.61000000e+02
1.49318555e+01	2022-05-17T19:27:12.035208	718	4.13000000e+02
1.49398850e+01	2022-05-17T19:27:12.051366	719	4.12000000e+02
1.49484533e+01	2022-05-17T19:27:12.051366	720	4.13000000e+02
1.49710286e+01	2022-05-17T19:27:12.073000	721	4.11000000e+02
1.49801040e+01	2022-05-17T19:27:12.088625	722	4.21000000e+02
1.50010168e+01	2022-05-17T19:27:12.104285	723	4.12000000e+02
1.50101073e+01	2022-05-17T19:27:12.120165	724	4.12000000e+02
1.50259382e+01	2022-05-17T19:27:12.136019	725	4.15000000e+02
1.50417275e+01	2022-05-17T19:27:12.151110	726	4.14000000e+02
1.50528354e+01	2022-05-17T19:27:12.166731	727	4.22000000e+02
1.50714213e+01	2022-05-17T19:27:12.173274	728	4.12000000e+02
1.50831618e+01	2022-05-17T19:27:12.189221	729	4.13000000e+02
1.51085268e+01	2022-05-17T19:27:12.220144	730	4.12000000e+02
1.51372376e+01	2022-05-17T19:27:12.251429	731	4.12000000e+02
1.51401753e+01	2022-05-17T19:27:12.251429	732	4.25000000e+02
1.51488092e+01	2022-05-17T19:27:12.251429	733	4.12000000e+02
1.51570424e+01	2022-05-17T19:27:12.267328	734	4.15000000e+02
1.51652227e+01	2022-05-17T19:27:12.273651	735	4.12000000e+02
1.51739960e+01	2022-05-17T19:27:12.289284	736	4.13000000e+02
1.51910286e+01	2022-05-17T19:27:12.305461	737	4.14000000e+02
1.52148875e+01	2022-05-17T19:27:12.321122	738	4.12000000e+02
1.52301743e+01	2022-05-17T19:27:12.336947	739	4.13000000e+02
1.52389925e+01	2022-05-17T19:27:12.352953	740	4.15000000e+02
1.52477247e+01	2022-05-17T19:27:12.352953	741	4.14000000e+02
1.52720401e+01	2022-05-17T19:27:12.373554	742	4.13000000e+02
1.53001112e+01	2022-05-17T19:27:12.404835	743	4.11000000e+02
1.53045973e+01	2022-05-17T19:27:12.404835	744	4.13000000e+02
1.53128953e+01	2022-05-17T19:27:12.420421	745	4.21000000e+02
1.53368106e+01	2022-05-17T19:27:12.451664	746	4.05000000e+02
1.53485713e+01	2022-05-17T19:27:12.451664	747	4.16000000e+02
1.53692564e+01	2022-05-17T19:27:12.473839	748	4.33000000e+02
1.53779704e+01	2022-05-17T19:27:12.490718	749	4.12000000e+02
1.53867322e+01	2022-05-17T19:27:12.490718	750	4.06000000e+02
1.54101110e+01	2022-05-17T19:27:12.521964	751	4.18000000e+02
1.54379393e+01	2022-05-17T19:27:12.553207	752	4.51000000e+02
1.54438293e+01	2022-05-17T19:27:12.553207	753	4.15000000e+02
1.54522322e+01	2022-05-17T19:27:12.553207	754	4.64000000e+02
1.54646274e+01	2022-05-17T19:27:12.574229	755	4.08000000e+02
1.54900529e+01	2022-05-17T19:27:12.605475	756	4.12000000e+02
1.54911375e+01	2022-05-17T19:27:12.605475	757	4.30000000e+02
1.55020164e+01	2022-05-17T19:27:12.605475	758	4.21000000e+02
1.55245218e+01	2022-05-17T19:27:12.636754	759	4.23000000e+02
1.55339765e+01	2022-05-17T19:27:12.636754	760	4.12000000e+02
1.55421046e+01	2022-05-17T19:27:12.652863	761	4.22000000e+02
1.55505162e+01	2022-05-17T19:27:12.652863	762	4.12000000e+02
1.55719960e+01	2022-05-17T19:27:12.674479	763	4.11000000e+02
1.56009537e+01	2022-05-17T19:27:12.705762	764	4.13000000e+02
1.56110783e+01	2022-05-17T19:27:12.721616	765	4.12000000e+02
1.56198181e+01	2022-05-17T19:27:12.721616	766	4.12000000e+02
1.56433232e+01	2022-05-17T19:27:12.752589	767	4.62000000e+02
1.56725716e+01	2022-05-17T19:27:12.774752	768	4.15000000e+02
1.56766676e+01	2022-05-17T19:27:12.790841	769	4.27000000e+02
1.56859963e+01	2022-05-17T19:27:12.790841	770	4.13000000e+02
1.57102509e+01	2022-05-17T19:27:12.821631	771	4.13000000e+02
1.57335254e+01	2022-05-17T19:27:12.837288	772	4.04000000e+02
1.57415204e+01	2022-05-17T19:27:12.852902	773	4.12000000e+02
1.57510945e+01	2022-05-17T19:27:12.852902	774	4.16000000e+02
1.57592017e+01	2022-05-17T19:27:12.868963	775	4.12000000e+02
1.57676148e+01	2022-05-17T19:27:12.874967	776	4.12000000e+02
1.57914750e+01	2022-05-17T19:27:12.906214	777	4.04000000e+02
1.58182628e+01	2022-05-17T19:27:12.921872	778	4.23000000e+02
1.58284881e+01	2022-05-17T19:27:12.937483	779	4.13000000e+02
1.58362007e+01	2022-05-17T19:27:12.937483	780	4.13000000e+02
1.58453443e+01	2022-05-17T19:27:12.953324	781	4.12000000e+02
1.58742708e+01	2022-05-17T19:27:12.975122	782	4.22000000e+02
1.58818504e+01	2022-05-17T19:27:12.990749	783	4.13000000e+02
1.59025317e+01	2022-05-17T19:27:13.006406	784	4.15000000e+02
1.59064033e+01	2022-05-17T19:27:13.021989	785	4.13000000e+02
1.59152857e+01	2022-05-17T19:27:13.021989	786	4.12000000e+02
1.59404756e+01	2022-05-17T19:27:13.053232	787	4.16000000e+02
1.59697153e+01	2022-05-17T19:27:13.075432	788	4.11000000e+02
1.59764284e+01	2022-05-17T19:27:13.091056	789	4.17000000e+02
1.59846105e+01	2022-05-17T19:27:13.091056	790	4.13000000e+02
1.60094576e+01	2022-05-17T19:27:13.122299	791	4.17000000e+02
1.60389805e+01	2022-05-17T19:27:13.153583	792	4.19000000e+02
1.60457539e+01	2022-05-17T19:27:13.153583	793	4.13000000e+02
1.60546609e+01	2022-05-17T19:27:13.169163	794	4.13000000e+02
1.60662617e+01	2022-05-17T19:27:13.176229	795	4.14000000e+02
1.60742522e+01	2022-05-17T19:27:13.176229	796	4.13000000e+02
1.60962748e+01	2022-05-17T19:27:13.207476	797	4.11000000e+02
1.61243765e+01	2022-05-17T19:27:13.238718	798	4.11000000e+02
1.61272599e+01	2022-05-17T19:27:13.238718	799	4.16000000e+02
1.61366085e+01	2022-05-17T19:27:13.238718	800	4.14000000e+02
1.61482648e+01	2022-05-17T19:27:13.254637	801	4.13000000e+02
1.61730341e+01	2022-05-17T19:27:13.276535	802	4.12000000e+02
1.62027999e+01	2022-05-17T19:27:13.308410	803	4.11000000e+02
1.62051122e+01	2022-05-17T19:27:13.308410	804	4.13000000e+02
1.62138617e+01	2022-05-17T19:27:13.324557	805	4.12000000e+02
1.62227060e+01	2022-05-17T19:27:13.324557	806	4.12000000e+02
1.62439687e+01	2022-05-17T19:27:13.355277	807	4.11000000e+02
1.62662726e+01	2022-05-17T19:27:13.376478	808	4.13000000e+02
1.62814200e+01	2022-05-17T19:27:13.392139	809	4.11000000e+02
1.62924700e+01	2022-05-17T19:27:13.407723	810	4.19000000e+02
1.63040876e+01	2022-05-17T19:27:13.407723	811	4.05000000e+02
1.63261587e+01	2022-05-17T19:27:13.438966	812	4.40000000e+02
1.63561279e+01	2022-05-17T19:27:13.470242	813	4.12000000e+02
1.63653406e+01	2022-05-17T19:27:13.477188	814	4.62000000e+02
1.63734765e+01	2022-05-17T19:27:13.477188	815	4.15000000e+02
1.63817402e+01	2022-05-17T19:27:13.493928	816	4.12000000e+02
1.63898222e+01	2022-05-17T19:27:13.493928	817	4.04000000e+02
1.64134645e+01	2022-05-17T19:27:13.525174	818	4.17000000e+02
1.64221569e+01	2022-05-17T19:27:13.525174	819	4.04000000e+02
1.64432154e+01	2022-05-17T19:27:13.556463	820	4.10000000e+02
1.64514628e+01	2022-05-17T19:27:13.556463	821	4.18000000e+02
1.64599519e+01	2022-05-17T19:27:13.572038	822	4.26000000e+02
1.64726494e+01	2022-05-17T19:27:13.578032	823	4.12000000e+02
1.64950270e+01	2022-05-17T19:27:13.609278	824	4.44000000e+02
1.65051764e+01	2022-05-17T19:27:13.609278	825	4.12000000e+02
1.65272216e+01	2022-05-17T19:27:13.640560	826	4.40000000e+02
1.65377002e+01	2022-05-17T19:27:13.640560	827	4.15000000e+02
1.65456796e+01	2022-05-17T19:27:13.656609	828	4.13000000e+02
1.65540697e+01	2022-05-17T19:27:13.656609	829	4.12000000e+02
1.65721701e+01	2022-05-17T19:27:13.678181	830	4.25000000e+02
1.66009333e+01	2022-05-17T19:27:13.709466	831	4.40000000e+02
1.66068052e+01	2022-05-17T19:27:13.709466	832	4.15000000e+02
1.66153928e+01	2022-05-17T19:27:13.725572	833	4.17000000e+02
1.66363882e+01	2022-05-17T19:27:13.741163	834	4.12000000e+02
1.66417227e+01	2022-05-17T19:27:13.756291	835	4.15000000e+02
1.66723850e+01	2022-05-17T19:27:13.778494	836	4.11000000e+02
1.66766191e+01	2022-05-17T19:27:13.778494	837	4.33000000e+02
1.66848820e+01	2022-05-17T19:27:13.794607	838	4.13000000e+02
1.66930099e+01	2022-05-17T19:27:13.794607	839	4.04000000e+02
1.67110897e+01	2022-05-17T19:27:13.825361	840	4.11000000e+02
1.67411913e+01	2022-05-17T19:27:13.856603	841	4.12000000e+02
1.67504180e+01	2022-05-17T19:27:13.856603	842	4.12000000e+02
1.67657708e+01	2022-05-17T19:27:13.878644	843	4.15000000e+02
1.67771552e+01	2022-05-17T19:27:13.878644	844	4.40000000e+02
1.67979517e+01	2022-05-17T19:27:13.909932	845	4.13000000e+02
1.68070374e+01	2022-05-17T19:27:13.909932	846	4.13000000e+02
1.68155239e+01	2022-05-17T19:27:13.926045	847	4.15000000e+02
1.68237453e+01	2022-05-17T19:27:13.926045	848	4.13000000e+02
1.68316029e+01	2022-05-17T19:27:13.941168	849	4.04000000e+02
1.68404997e+01	2022-05-17T19:27:13.941168	850	4.28000000e+02
1.68591984e+01	2022-05-17T19:27:13.972375	851	4.31000000e+02
1.68861903e+01	2022-05-17T19:27:13.994504	852	4.02000000e+02
1.68976347e+01	2022-05-17T19:27:14.010617	853	4.12000000e+02
1.69059694e+01	2022-05-17T19:27:14.010617	854	4.12000000e+02
1.69258212e+01	2022-05-17T19:27:14.041367	855	4.12000000e+02
1.69490715e+01	2022-05-17T19:27:14.057033	856	4.13000000e+02
1.69519678e+01	2022-05-17T19:27:14.057033	857	4.16000000e+02
1.69590942e+01	2022-05-17T19:27:14.072611	858	4.13000000e+02
1.69673877e+01	2022-05-17T19:27:14.079413	859	4.63000000e+02
1.69759713e+01	2022-05-17T19:27:14.079413	860	4.06000000e+02
1.69879838e+01	2022-05-17T19:27:14.095566	861	4.24000000e+02
1.69961843e+01	2022-05-17T19:27:14.110659	862	4.14000000e+02
1.70044787e+01	2022-05-17T19:27:14.110659	863	4.32000000e+02
1.70274568e+01	2022-05-17T19:27:14.141901	864	4.11000000e+02
1.70368671e+01	2022-05-17T19:27:14.141901	865	4.15000000e+02
1.70578274e+01	2022-05-17T19:27:14.173170	866	4.18000000e+02
1.70657604e+01	2022-05-17T19:27:14.180080	867	4.04000000e+02
1.70736915e+01	2022-05-17T19:27:14.180080	868	4.36000000e+02
1.70821606e+01	2022-05-17T19:27:14.196355	869	4.12000000e+02
1.70906676e+01	2022-05-17T19:27:14.196355	870	4.14000000e+02
1.71116899e+01	2022-05-17T19:27:14.226947	871	4.15000000e+02
1.71211974e+01	2022-05-17T19:27:14.226947	872	4.13000000e+02
1.71433102e+01	2022-05-17T19:27:14.258191	873	4.14000000e+02
1.71521822e+01	2022-05-17T19:27:14.258191	874	4.18000000e+02
1.71643041e+01	2022-05-17T19:27:14.274314	875	4.55000000e+02
1.71762659e+01	2022-05-17T19:27:14.280318	876	4.12000000e+02
1.71971735e+01	2022-05-17T19:27:14.311564	877	4.23000000e+02
1.72260599e+01	2022-05-17T19:27:14.327845	878	4.18000000e+02
1.72378538e+01	2022-05-17T19:27:14.343951	879	4.17000000e+02
1.72526391e+01	2022-05-17T19:27:14.359678	880	4.35000000e+02
1.72617079e+01	2022-05-17T19:27:14.374711	881	4.12000000e+02
1.72874961e+01	2022-05-17T19:27:14.395879	882	4.17000000e+02
1.72954317e+01	2022-05-17T19:27:14.395879	883	4.12000000e+02
1.73067885e+01	2022-05-17T19:27:14.411503	884	4.37000000e+02
1.73155106e+01	2022-05-17T19:27:14.427663	885	4.05000000e+02
1.73236974e+01	2022-05-17T19:27:14.427663	886	4.19000000e+02
1.73439724e+01	2022-05-17T19:27:14.458327	887	4.16000000e+02
1.73527540e+01	2022-05-17T19:27:14.458327	888	4.20000000e+02
1.73758165e+01	2022-05-17T19:27:14.480541	889	4.13000000e+02
1.73845756e+01	2022-05-17T19:27:14.497225	890	4.13000000e+02
1.73934252e+01	2022-05-17T19:27:14.497225	891	4.12000000e+02
1.74141334e+01	2022-05-17T19:27:14.528471	892	4.60000000e+02
1.74387287e+01	2022-05-17T19:27:14.544130	893	4.13000000e+02
1.74460993e+01	2022-05-17T19:27:14.559756	894	4.13000000e+02
1.74551559e+01	2022-05-17T19:27:14.559756	895	4.36000000e+02
1.74670131e+01	2022-05-17T19:27:14.581313	896	4.23000000e+02
1.74751859e+01	2022-05-17T19:27:14.581313	897	4.13000000e+02
1.74970768e+01	2022-05-17T19:27:14.612559	898	4.12000000e+02
1.74999732e+01	2022-05-17T19:27:14.612559	899	4.13000000e+02
1.75087809e+01	2022-05-17T19:27:14.612559	900	4.02000000e+02
1.75312685e+01	2022-05-17T19:27:14.643842	901	4.27000000e+02
1.75403007e+01	2022-05-17T19:27:14.643842	902	4.17000000e+02
1.75491383e+01	2022-05-17T19:27:14.659972	903	4.15000000e+02
1.75569903e+01	2022-05-17T19:27:14.659972	904	4.15000000e+02
1.75754843e+01	2022-05-17T19:27:14.681572	905	4.13000000e+02
1.76059428e+01	2022-05-17T19:27:14.712856	906	4.12000000e+02
1.76156203e+01	2022-05-17T19:27:14.729047	907	4.14000000e+02
1.76263616e+01	2022-05-17T19:27:14.729047	908	4.15000000e+02
1.76455311e+01	2022-05-17T19:27:14.759682	909	4.11000000e+02
1.76747812e+01	2022-05-17T19:27:14.781882	910	4.13000000e+02
1.76801539e+01	2022-05-17T19:27:14.781882	911	4.12000000e+02
1.76884949e+01	2022-05-17T19:27:14.797985	912	4.25000000e+02
1.77163833e+01	2022-05-17T19:27:14.828749	913	4.12000000e+02
1.77470859e+01	2022-05-17T19:27:14.860012	914	4.17000000e+02
1.77576845e+01	2022-05-17T19:27:14.860012	915	4.11000000e+02
1.77663009e+01	2022-05-17T19:27:14.876099	916	4.13000000e+02
1.77740307e+01	2022-05-17T19:27:14.882103	917	4.08000000e+02
1.77827022e+01	2022-05-17T19:27:14.897727	918	4.12000000e+02
1.77998416e+01	2022-05-17T19:27:14.913348	919	4.13000000e+02
1.78236149e+01	2022-05-17T19:27:14.929010	920	4.13000000e+02
1.78351329e+01	2022-05-17T19:27:14.944593	921	4.13000000e+02
1.78443416e+01	2022-05-17T19:27:14.944593	922	4.04000000e+02
1.78559810e+01	2022-05-17T19:27:14.960212	923	4.12000000e+02
1.78767003e+01	2022-05-17T19:27:14.982406	924	4.12000000e+02
1.79058301e+01	2022-05-17T19:27:15.013691	925	4.12000000e+02
1.79094477e+01	2022-05-17T19:27:15.013691	926	4.12000000e+02
1.79176126e+01	2022-05-17T19:27:15.029841	927	4.12000000e+02
1.79258877e+01	2022-05-17T19:27:15.029841	928	4.14000000e+02
1.79488025e+01	2022-05-17T19:27:15.060517	929	4.59000000e+02
1.79791589e+01	2022-05-17T19:27:15.082679	930	4.25000000e+02
1.79874048e+01	2022-05-17T19:27:15.098857	931	4.12000000e+02
1.79996054e+01	2022-05-17T19:27:15.113937	932	4.31000000e+02
1.80071503e+01	2022-05-17T19:27:15.113937	933	4.12000000e+02
1.80303627e+01	2022-05-17T19:27:15.145167	934	4.12000000e+02
1.80401655e+01	2022-05-17T19:27:15.145167	935	4.12000000e+02
1.80571471e+01	2022-05-17T19:27:15.160828	936	4.63000000e+02
1.80690684e+01	2022-05-17T19:27:15.183463	937	4.16000000e+02
1.80778416e+01	2022-05-17T19:27:15.183463	938	4.18000000e+02
1.81016572e+01	2022-05-17T19:27:15.214709	939	4.14000000e+02
1.81095546e+01	2022-05-17T19:27:15.214709	940	4.12000000e+02
1.81317699e+01	2022-05-17T19:27:15.245953	941	4.13000000e+02
1.81427476e+01	2022-05-17T19:27:15.245953	942	4.13000000e+02
1.81509801e+01	2022-05-17T19:27:15.261893	943	4.13000000e+02
1.81593663e+01	2022-05-17T19:27:15.261893	944	4.34000000e+02
1.81785730e+01	2022-05-17T19:27:15.283563	945	4.22000000e+02
1.81876836e+01	2022-05-17T19:27:15.299188	946	4.12000000e+02
1.82046158e+01	2022-05-17T19:27:15.315619	947	4.17000000e+02
1.82166659e+01	2022-05-17T19:27:15.331243	948	4.13000000e+02
1.82248122e+01	2022-05-17T19:27:15.331243	949	4.40000000e+02
1.82473117e+01	2022-05-17T19:27:15.362485	950	4.13000000e+02
1.82492642e+01	2022-05-17T19:27:15.362485	951	4.13000000e+02
1.82732946e+01	2022-05-17T19:27:15.383652	952	4.26000000e+02
1.82816936e+01	2022-05-17T19:27:15.383652	953	4.12000000e+02
1.82924005e+01	2022-05-17T19:27:15.399603	954	4.21000000e+02
1.83151129e+01	2022-05-17T19:27:15.430519	955	4.12000000e+02
1.83251012e+01	2022-05-17T19:27:15.430519	956	4.13000000e+02
1.83414251e+01	2022-05-17T19:27:15.446177	957	4.12000000e+02
1.83564936e+01	2022-05-17T19:27:15.461935	958	4.08000000e+02
1.83679979e+01	2022-05-17T19:27:15.483497	959	4.12000000e+02
1.83763157e+01	2022-05-17T19:27:15.483497	960	4.18000000e+02
1.83981938e+01	2022-05-17T19:27:15.499698	961	4.12000000e+02
1.84315195e+01	2022-05-17T19:27:15.546566	962	4.12000000e+02
1.84418335e+01	2022-05-17T19:27:15.546566	963	4.15000000e+02
1.84500338e+01	2022-05-17T19:27:15.562767	964	4.12000000e+02
1.84582200e+01	2022-05-17T19:27:15.562767	965	4.24000000e+02
1.84792845e+01	2022-05-17T19:27:15.583370	966	4.16000000e+02
1.85047158e+01	2022-05-17T19:27:15.614653	967	4.12000000e+02
1.85160930e+01	2022-05-17T19:27:15.630237	968	4.14000000e+02
1.85279192e+01	2022-05-17T19:27:15.630237	969	4.12000000e+02
1.85483349e+01	2022-05-17T19:27:15.661479	970	4.63000000e+02
1.85717665e+01	2022-05-17T19:27:15.683695	971	4.12000000e+02
1.85797610e+01	2022-05-17T19:27:15.683695	972	4.11000000e+02
1.85891946e+01	2022-05-17T19:27:15.699631	973	4.15000000e+02
1.85977633e+01	2022-05-17T19:27:15.699631	974	4.23000000e+02
1.86170880e+01	2022-05-17T19:27:15.730562	975	4.12000000e+02
1.86255256e+01	2022-05-17T19:27:15.730562	976	4.12000000e+02
1.86489009e+01	2022-05-17T19:27:15.761849	977	4.12000000e+02
1.86589949e+01	2022-05-17T19:27:15.761849	978	4.12000000e+02
1.86673797e+01	2022-05-17T19:27:15.777938	979	4.13000000e+02
1.86795100e+01	2022-05-17T19:27:15.784374	980	4.44000000e+02
1.87012702e+01	2022-05-17T19:27:15.815624	981	4.11000000e+02
1.87320403e+01	2022-05-17T19:27:15.846863	982	4.14000000e+02
1.87373754e+01	2022-05-17T19:27:15.846863	983	4.12000000e+02
1.87487252e+01	2022-05-17T19:27:15.863016	984	4.37000000e+02
1.87567502e+01	2022-05-17T19:27:15.863016	985	4.23000000e+02
1.87795315e+01	2022-05-17T19:27:15.884284	986	4.12000000e+02
1.88100745e+01	2022-05-17T19:27:15.915566	987	4.14000000e+02
1.88146933e+01	2022-05-17T19:27:15.915566	988	4.12000000e+02
1.88228231e+01	2022-05-17T19:27:15.931151	989	4.13000000e+02
1.88303599e+01	2022-05-17T19:27:15.931151	990	4.13000000e+02
1.88499163e+01	2022-05-17T19:27:15.962394	991	4.22000000e+02
1.88592549e+01	2022-05-17T19:27:15.962394	992	4.20000000e+02
1.88814357e+01	2022-05-17T19:27:15.984600	993	4.38000000e+02
1.88927019e+01	2022-05-17T19:27:16.000770	994	4.12000000e+02
1.89008473e+01	2022-05-17T19:27:16.015845	995	4.12000000e+02
1.89129240e+01	2022-05-17T19:27:16.015845	996	4.19000000e+02
1.89337842e+01	2022-05-17T19:27:16.047088	997	4.12000000e+02
1.89644932e+01	2022-05-17T19:27:16.078332	998	4.62000000e+02
1.89743415e+01	2022-05-17T19:27:16.084839	999	4.12000000e+02
1.89827561e+01	2022-05-17T19:27:16.084839	1000	4.12000000e+02