Time elapsed	Time stamp	Loop Index	GP2Y ADC
s			Cts

5.00697380e+00	2022-05-17T19:27:34.424761	1	3.59000000e+02
5.01580450e+00	2022-05-17T19:27:34.424761	2	3.81000000e+02
5.03622710e+00	2022-05-17T19:27:34.455291	3	3.71000000e+02
5.06300860e+00	2022-05-17T19:27:34.470919	4	3.77000000e+02
5.07640320e+00	2022-05-17T19:27:34.492844	5	3.69000000e+02
5.08461330e+00	2022-05-17T19:27:34.492844	6	3.60000000e+02
5.09347400e+00	2022-05-17T19:27:34.509072	7	3.61000000e+02
5.10177020e+00	2022-05-17T19:27:34.509072	8	3.70000000e+02
5.12701840e+00	2022-05-17T19:27:34.539737	9	3.59000000e+02
5.14410350e+00	2022-05-17T19:27:34.555380	10	3.73000000e+02
5.15073590e+00	2022-05-17T19:27:34.555380	11	3.63000000e+02
5.15921290e+00	2022-05-17T19:27:34.571384	12	3.77000000e+02
5.18428680e+00	2022-05-17T19:27:34.593130	13	3.60000000e+02
5.20571010e+00	2022-05-17T19:27:34.624417	14	3.59000000e+02
5.21168960e+00	2022-05-17T19:27:34.624417	15	3.46000000e+02
5.22054890e+00	2022-05-17T19:27:34.624417	16	3.48000000e+02
5.23238000e+00	2022-05-17T19:27:34.639998	17	4.03000000e+02
5.25677600e+00	2022-05-17T19:27:34.671273	18	3.60000000e+02
5.26597580e+00	2022-05-17T19:27:34.671273	19	3.62000000e+02
5.27809380e+00	2022-05-17T19:27:34.693451	20	3.63000000e+02
5.28597050e+00	2022-05-17T19:27:34.693451	21	3.84000000e+02
5.29393290e+00	2022-05-17T19:27:34.709619	22	3.99000000e+02
5.30238960e+00	2022-05-17T19:27:34.709619	23	3.60000000e+02
5.32176700e+00	2022-05-17T19:27:34.740320	24	3.60000000e+02
5.33033690e+00	2022-05-17T19:27:34.740320	25	3.87000000e+02
5.34327710e+00	2022-05-17T19:27:34.755979	26	3.60000000e+02
5.35164020e+00	2022-05-17T19:27:34.755979	27	3.65000000e+02
5.36358190e+00	2022-05-17T19:27:34.771925	28	3.60000000e+02
5.38749550e+00	2022-05-17T19:27:34.793789	29	3.59000000e+02
5.40526620e+00	2022-05-17T19:27:34.809445	30	3.66000000e+02
5.41687910e+00	2022-05-17T19:27:34.825329	31	3.69000000e+02
5.43996640e+00	2022-05-17T19:27:34.856304	32	3.60000000e+02
5.45891980e+00	2022-05-17T19:27:34.871940	33	3.60000000e+02
5.46605700e+00	2022-05-17T19:27:34.871940	34	3.61000000e+02
5.47435420e+00	2022-05-17T19:27:34.888013	35	3.60000000e+02
5.48656170e+00	2022-05-17T19:27:34.894016	36	3.61000000e+02
5.51013450e+00	2022-05-17T19:27:34.925288	37	3.48000000e+02
5.52859930e+00	2022-05-17T19:27:34.940913	38	3.55000000e+02
5.53913590e+00	2022-05-17T19:27:34.957004	39	3.58000000e+02
5.54818240e+00	2022-05-17T19:27:34.957004	40	3.56000000e+02
5.57565290e+00	2022-05-17T19:27:34.994280	41	3.63000000e+02
5.59389550e+00	2022-05-17T19:27:35.009944	42	3.60000000e+02
5.60532800e+00	2022-05-17T19:27:35.009944	43	3.64000000e+02
5.61375290e+00	2022-05-17T19:27:35.025525	44	3.89000000e+02
5.63831980e+00	2022-05-17T19:27:35.056794	45	3.68000000e+02
5.65758190e+00	2022-05-17T19:27:35.072419	46	3.84000000e+02
5.66629530e+00	2022-05-17T19:27:35.072419	47	3.52000000e+02
5.67429890e+00	2022-05-17T19:27:35.088050	48	3.61000000e+02
5.68327820e+00	2022-05-17T19:27:35.094558	49	3.67000000e+02
5.70666930e+00	2022-05-17T19:27:35.125830	50	3.62000000e+02
5.71561280e+00	2022-05-17T19:27:35.125830	51	3.62000000e+02
5.72749910e+00	2022-05-17T19:27:35.141463	52	3.61000000e+02
5.73675440e+00	2022-05-17T19:27:35.141463	53	3.69000000e+02
5.74861030e+00	2022-05-17T19:27:35.157464	54	3.60000000e+02
5.77111760e+00	2022-05-17T19:27:35.188314	55	3.63000000e+02
5.78972300e+00	2022-05-17T19:27:35.194824	56	3.60000000e+02
5.79337800e+00	2022-05-17T19:27:35.210678	57	3.78000000e+02
5.80210720e+00	2022-05-17T19:27:35.210678	58	4.06000000e+02
5.82519980e+00	2022-05-17T19:27:35.241718	59	3.55000000e+02
5.84430950e+00	2022-05-17T19:27:35.257351	60	3.64000000e+02
5.85557420e+00	2022-05-17T19:27:35.273159	61	3.60000000e+02
5.86780370e+00	2022-05-17T19:27:35.273159	62	3.56000000e+02
5.88732050e+00	2022-05-17T19:27:35.295146	63	3.56000000e+02
5.90660510e+00	2022-05-17T19:27:35.311393	64	3.58000000e+02
5.91227690e+00	2022-05-17T19:27:35.327056	65	4.10000000e+02
5.92077730e+00	2022-05-17T19:27:35.327056	66	3.60000000e+02
5.93080870e+00	2022-05-17T19:27:35.343126	67	4.05000000e+02
5.95135660e+00	2022-05-17T19:27:35.358772	68	3.61000000e+02
5.95817420e+00	2022-05-17T19:27:35.373907	69	3.44000000e+02
5.97292820e+00	2022-05-17T19:27:35.389543	70	3.56000000e+02
5.98167620e+00	2022-05-17T19:27:35.395089	71	3.56000000e+02
5.99050610e+00	2022-05-17T19:27:35.395089	72	3.70000000e+02
6.00253250e+00	2022-05-17T19:27:35.410872	73	3.61000000e+02
6.02758820e+00	2022-05-17T19:27:35.441982	74	3.74000000e+02
6.03975090e+00	2022-05-17T19:27:35.457616	75	3.61000000e+02
6.05599350e+00	2022-05-17T19:27:35.473259	76	3.63000000e+02
6.06798440e+00	2022-05-17T19:27:35.473259	77	3.61000000e+02
6.07684830e+00	2022-05-17T19:27:35.494944	78	3.62000000e+02
6.08849370e+00	2022-05-17T19:27:35.494944	79	3.61000000e+02
6.11250860e+00	2022-05-17T19:27:35.526216	80	3.75000000e+02
6.13239910e+00	2022-05-17T19:27:35.541846	81	3.67000000e+02
6.13779070e+00	2022-05-17T19:27:35.541846	82	3.61000000e+02
6.14601350e+00	2022-05-17T19:27:35.557433	83	3.69000000e+02
6.16148310e+00	2022-05-17T19:27:35.573103	84	3.46000000e+02
6.17037330e+00	2022-05-17T19:27:35.588701	85	3.59000000e+02
6.17954710e+00	2022-05-17T19:27:35.595237	86	3.57000000e+02
6.19317230e+00	2022-05-17T19:27:35.610902	87	3.84000000e+02
6.20336870e+00	2022-05-17T19:27:35.610902	88	3.60000000e+02
6.21114490e+00	2022-05-17T19:27:35.627029	89	3.60000000e+02
6.22008660e+00	2022-05-17T19:27:35.627029	90	3.60000000e+02
6.23998280e+00	2022-05-17T19:27:35.657766	91	3.46000000e+02
6.25939510e+00	2022-05-17T19:27:35.673387	92	3.60000000e+02
6.26890260e+00	2022-05-17T19:27:35.673387	93	3.61000000e+02
6.28079250e+00	2022-05-17T19:27:35.695356	94	3.60000000e+02
6.28979810e+00	2022-05-17T19:27:35.695356	95	3.99000000e+02
6.30754290e+00	2022-05-17T19:27:35.726653	96	3.70000000e+02
6.32746790e+00	2022-05-17T19:27:35.742250	97	3.78000000e+02
6.33452520e+00	2022-05-17T19:27:35.742250	98	3.60000000e+02
6.34659970e+00	2022-05-17T19:27:35.758384	99	3.71000000e+02
6.35500040e+00	2022-05-17T19:27:35.773500	100	3.60000000e+02
6.36721390e+00	2022-05-17T19:27:35.773500	101	3.64000000e+02
6.38824850e+00	2022-05-17T19:27:35.795631	102	3.48000000e+02
6.40668890e+00	2022-05-17T19:27:35.811296	103	3.59000000e+02
6.41637210e+00	2022-05-17T19:27:35.826877	104	3.61000000e+02
6.44049340e+00	2022-05-17T19:27:35.858145	105	3.89000000e+02
6.45550460e+00	2022-05-17T19:27:35.873743	106	3.60000000e+02
6.46543960e+00	2022-05-17T19:27:35.873743	107	3.84000000e+02
6.47363420e+00	2022-05-17T19:27:35.889936	108	3.63000000e+02
6.48182680e+00	2022-05-17T19:27:35.895942	109	3.60000000e+02
6.50756800e+00	2022-05-17T19:27:35.911569	110	3.65000000e+02
6.51049910e+00	2022-05-17T19:27:35.927190	111	3.67000000e+02
6.52980260e+00	2022-05-17T19:27:35.942851	112	3.63000000e+02
6.53509660e+00	2022-05-17T19:27:35.942851	113	3.64000000e+02
6.54303060e+00	2022-05-17T19:27:35.958986	114	3.64000000e+02
6.55157670e+00	2022-05-17T19:27:35.958986	115	3.66000000e+02
6.57213570e+00	2022-05-17T19:27:35.989701	116	3.59000000e+02
6.59245130e+00	2022-05-17T19:27:35.996247	117	3.66000000e+02
6.59578200e+00	2022-05-17T19:27:36.011903	118	3.61000000e+02
6.60480520e+00	2022-05-17T19:27:36.011903	119	3.61000000e+02
6.61724480e+00	2022-05-17T19:27:36.027511	120	3.62000000e+02
6.65011260e+00	2022-05-17T19:27:36.058773	121	4.02000000e+02
6.66589910e+00	2022-05-17T19:27:36.074384	122	3.60000000e+02
6.66990850e+00	2022-05-17T19:27:36.074384	123	3.61000000e+02
6.67803680e+00	2022-05-17T19:27:36.096556	124	3.48000000e+02
6.68682960e+00	2022-05-17T19:27:36.096556	125	3.60000000e+02
6.70959950e+00	2022-05-17T19:27:36.127829	126	3.67000000e+02
6.71815380e+00	2022-05-17T19:27:36.127829	127	3.69000000e+02
6.73198950e+00	2022-05-17T19:27:36.143455	128	3.57000000e+02
6.73571010e+00	2022-05-17T19:27:36.143455	129	3.87000000e+02
6.74380650e+00	2022-05-17T19:27:36.159604	130	3.61000000e+02
6.75234840e+00	2022-05-17T19:27:36.159604	131	3.77000000e+02
6.77501070e+00	2022-05-17T19:27:36.190315	132	3.64000000e+02
6.79531320e+00	2022-05-17T19:27:36.212507	133	3.69000000e+02
6.80542290e+00	2022-05-17T19:27:36.212507	134	3.60000000e+02
6.81360060e+00	2022-05-17T19:27:36.228385	135	3.61000000e+02
6.82193640e+00	2022-05-17T19:27:36.228385	136	3.64000000e+02
6.84353300e+00	2022-05-17T19:27:36.259368	137	3.59000000e+02
6.86488470e+00	2022-05-17T19:27:36.275002	138	3.61000000e+02
6.87502640e+00	2022-05-17T19:27:36.291048	139	3.52000000e+02
6.88727790e+00	2022-05-17T19:27:36.297530	140	3.64000000e+02
6.90913260e+00	2022-05-17T19:27:36.313771	141	3.59000000e+02
6.92601450e+00	2022-05-17T19:27:36.345056	142	3.63000000e+02
6.93343500e+00	2022-05-17T19:27:36.345056	143	3.60000000e+02
6.94616400e+00	2022-05-17T19:27:36.360645	144	3.61000000e+02
6.95703740e+00	2022-05-17T19:27:36.376260	145	3.60000000e+02
6.97577680e+00	2022-05-17T19:27:36.391906	146	3.61000000e+02
6.99444360e+00	2022-05-17T19:27:36.413107	147	3.66000000e+02
7.00186600e+00	2022-05-17T19:27:36.413107	148	3.61000000e+02
7.00986290e+00	2022-05-17T19:27:36.428709	149	3.60000000e+02
7.01858400e+00	2022-05-17T19:27:36.428709	150	3.80000000e+02
7.04331360e+00	2022-05-17T19:27:36.459933	151	3.59000000e+02
7.04641450e+00	2022-05-17T19:27:36.459933	152	3.62000000e+02
7.06096190e+00	2022-05-17T19:27:36.475593	153	3.61000000e+02
7.07621370e+00	2022-05-17T19:27:36.491837	154	3.59000000e+02
7.08787530e+00	2022-05-17T19:27:36.497806	155	3.84000000e+02
7.09590100e+00	2022-05-17T19:27:36.513842	156	3.67000000e+02
7.10446560e+00	2022-05-17T19:27:36.513842	157	3.91000000e+02
7.13611240e+00	2022-05-17T19:27:36.544699	158	3.62000000e+02
7.14541500e+00	2022-05-17T19:27:36.560311	159	3.99000000e+02
7.15767690e+00	2022-05-17T19:27:36.575953	160	3.61000000e+02
7.16595170e+00	2022-05-17T19:27:36.575953	161	3.99000000e+02
7.19105080e+00	2022-05-17T19:27:36.597982	162	3.62000000e+02
7.20102940e+00	2022-05-17T19:27:36.613637	163	3.61000000e+02
7.21561270e+00	2022-05-17T19:27:36.629269	164	3.48000000e+02
7.22710110e+00	2022-05-17T19:27:36.644851	165	3.61000000e+02
7.23563320e+00	2022-05-17T19:27:36.644851	166	3.61000000e+02
7.26194580e+00	2022-05-17T19:27:36.676117	167	3.59000000e+02
7.27586520e+00	2022-05-17T19:27:36.691749	168	3.60000000e+02
7.28418240e+00	2022-05-17T19:27:36.698299	169	3.65000000e+02
7.29321060e+00	2022-05-17T19:27:36.698299	170	3.66000000e+02
7.30509730e+00	2022-05-17T19:27:36.714238	171	3.61000000e+02
7.32907610e+00	2022-05-17T19:27:36.745193	172	3.63000000e+02
7.34389070e+00	2022-05-17T19:27:36.760826	173	3.62000000e+02
7.35132420e+00	2022-05-17T19:27:36.760826	174	3.61000000e+02
7.36269240e+00	2022-05-17T19:27:36.776411	175	3.61000000e+02
7.38957790e+00	2022-05-17T19:27:36.798607	176	3.61000000e+02
7.39338840e+00	2022-05-17T19:27:36.798607	177	3.60000000e+02
7.40865480e+00	2022-05-17T19:27:36.814265	178	3.61000000e+02
7.41968870e+00	2022-05-17T19:27:36.829892	179	3.73000000e+02
7.42776670e+00	2022-05-17T19:27:36.845555	180	3.60000000e+02
7.43629050e+00	2022-05-17T19:27:36.845555	181	3.79000000e+02
7.46136760e+00	2022-05-17T19:27:36.876718	182	3.59000000e+02
7.48242760e+00	2022-05-17T19:27:36.898923	183	3.62000000e+02
7.49318430e+00	2022-05-17T19:27:36.898923	184	3.64000000e+02
7.50178880e+00	2022-05-17T19:27:36.915039	185	3.64000000e+02
7.52892590e+00	2022-05-17T19:27:36.945818	186	3.61000000e+02
7.55022310e+00	2022-05-17T19:27:36.961452	187	3.86000000e+02
7.55941030e+00	2022-05-17T19:27:36.977106	188	3.66000000e+02
7.57125810e+00	2022-05-17T19:27:36.977106	189	3.62000000e+02
7.59418870e+00	2022-05-17T19:27:36.999181	190	3.60000000e+02
7.61389920e+00	2022-05-17T19:27:37.030474	191	3.61000000e+02
7.62475400e+00	2022-05-17T19:27:37.030474	192	3.61000000e+02
7.63677950e+00	2022-05-17T19:27:37.046361	193	3.60000000e+02
7.66530190e+00	2022-05-17T19:27:37.077326	194	3.60000000e+02
7.68658210e+00	2022-05-17T19:27:37.099487	195	3.59000000e+02
7.69798740e+00	2022-05-17T19:27:37.115646	196	3.60000000e+02
7.70661980e+00	2022-05-17T19:27:37.115646	197	3.65000000e+02
7.73083770e+00	2022-05-17T19:27:37.146383	198	3.59000000e+02
7.74652020e+00	2022-05-17T19:27:37.162016	199	3.69000000e+02
7.75556900e+00	2022-05-17T19:27:37.162016	200	3.63000000e+02
7.76380220e+00	2022-05-17T19:27:37.177887	201	3.60000000e+02
7.77217900e+00	2022-05-17T19:27:37.177887	202	3.62000000e+02
7.79326460e+00	2022-05-17T19:27:37.199632	203	3.61000000e+02
7.81316610e+00	2022-05-17T19:27:37.230921	204	3.63000000e+02
7.82110010e+00	2022-05-17T19:27:37.230921	205	3.60000000e+02
7.82969430e+00	2022-05-17T19:27:37.246937	206	3.63000000e+02
7.84222690e+00	2022-05-17T19:27:37.246937	207	3.60000000e+02
7.85779240e+00	2022-05-17T19:27:37.262122	208	3.60000000e+02
7.87366300e+00	2022-05-17T19:27:37.277768	209	3.69000000e+02
7.88183560e+00	2022-05-17T19:27:37.299908	210	3.60000000e+02
7.89083670e+00	2022-05-17T19:27:37.299908	211	4.10000000e+02
7.89846780e+00	2022-05-17T19:27:37.316648	212	3.61000000e+02
7.90763470e+00	2022-05-17T19:27:37.316648	213	3.67000000e+02
7.92885270e+00	2022-05-17T19:27:37.347919	214	3.88000000e+02
7.93156600e+00	2022-05-17T19:27:37.347919	215	3.60000000e+02
7.95212920e+00	2022-05-17T19:27:37.363556	216	3.61000000e+02
7.96231200e+00	2022-05-17T19:27:37.379197	217	3.64000000e+02
7.97271110e+00	2022-05-17T19:27:37.379197	218	3.60000000e+02
7.99107160e+00	2022-05-17T19:27:37.400229	219	3.59000000e+02
8.01303770e+00	2022-05-17T19:27:37.431478	220	3.60000000e+02
8.02202870e+00	2022-05-17T19:27:37.431478	221	3.62000000e+02
8.03412930e+00	2022-05-17T19:27:37.447568	222	3.52000000e+02
8.04280410e+00	2022-05-17T19:27:37.447568	223	3.60000000e+02
8.06095230e+00	2022-05-17T19:27:37.478341	224	3.65000000e+02
8.07444940e+00	2022-05-17T19:27:37.478341	225	3.65000000e+02
8.08878000e+00	2022-05-17T19:27:37.500877	226	3.60000000e+02
8.09928300e+00	2022-05-17T19:27:37.517001	227	3.60000000e+02
8.10820460e+00	2022-05-17T19:27:37.517001	228	3.60000000e+02
8.12995160e+00	2022-05-17T19:27:37.547780	229	3.59000000e+02
8.14580780e+00	2022-05-17T19:27:37.563407	230	4.07000000e+02
8.15692710e+00	2022-05-17T19:27:37.563407	231	3.61000000e+02
8.16522510e+00	2022-05-17T19:27:37.579381	232	3.65000000e+02
8.17358650e+00	2022-05-17T19:27:37.579381	233	3.61000000e+02
8.19259490e+00	2022-05-17T19:27:37.600941	234	3.77000000e+02
8.21308730e+00	2022-05-17T19:27:37.632189	235	3.64000000e+02
8.22258340e+00	2022-05-17T19:27:37.632189	236	3.80000000e+02
8.24576420e+00	2022-05-17T19:27:37.663431	237	3.59000000e+02
8.26783270e+00	2022-05-17T19:27:37.679089	238	3.61000000e+02
8.27955060e+00	2022-05-17T19:27:37.694966	239	3.62000000e+02
8.28811760e+00	2022-05-17T19:27:37.701462	240	3.61000000e+02
8.31413660e+00	2022-05-17T19:27:37.732734	241	3.64000000e+02
8.32234040e+00	2022-05-17T19:27:37.732734	242	3.60000000e+02
8.33784110e+00	2022-05-17T19:27:37.748367	243	3.64000000e+02
8.34982090e+00	2022-05-17T19:27:37.764315	244	3.61000000e+02
8.37560540e+00	2022-05-17T19:27:37.779572	245	3.99000000e+02
8.39936090e+00	2022-05-17T19:27:37.817390	246	3.65000000e+02
8.40702920e+00	2022-05-17T19:27:37.817390	247	3.60000000e+02
8.41910900e+00	2022-05-17T19:27:37.833025	248	3.62000000e+02
8.42742410e+00	2022-05-17T19:27:37.833025	249	3.79000000e+02
8.44507890e+00	2022-05-17T19:27:37.864223	250	3.59000000e+02
8.46806540e+00	2022-05-17T19:27:37.879886	251	3.69000000e+02
8.47233480e+00	2022-05-17T19:27:37.879886	252	3.75000000e+02
8.48065530e+00	2022-05-17T19:27:37.895465	253	3.60000000e+02
8.49269130e+00	2022-05-17T19:27:37.902451	254	3.60000000e+02
8.51545270e+00	2022-05-17T19:27:37.933740	255	3.52000000e+02
8.53702000e+00	2022-05-17T19:27:37.949355	256	3.46000000e+02
8.54202700e+00	2022-05-17T19:27:37.949355	257	3.61000000e+02
8.55013790e+00	2022-05-17T19:27:37.965470	258	3.48000000e+02
8.55931220e+00	2022-05-17T19:27:37.965470	259	3.60000000e+02
8.57915970e+00	2022-05-17T19:27:37.996208	260	3.70000000e+02
8.59582940e+00	2022-05-17T19:27:38.002743	261	3.66000000e+02
8.60400930e+00	2022-05-17T19:27:38.018405	262	3.73000000e+02
8.61592290e+00	2022-05-17T19:27:38.033989	263	3.67000000e+02
8.62884060e+00	2022-05-17T19:27:38.033989	264	3.61000000e+02
8.64887270e+00	2022-05-17T19:27:38.065257	265	3.72000000e+02
8.67274990e+00	2022-05-17T19:27:38.080880	266	3.66000000e+02
8.67645170e+00	2022-05-17T19:27:38.080880	267	3.60000000e+02
8.68539230e+00	2022-05-17T19:27:38.103309	268	3.64000000e+02
8.69338080e+00	2022-05-17T19:27:38.103309	269	3.61000000e+02
8.71627900e+00	2022-05-17T19:27:38.134581	270	3.63000000e+02
8.71893200e+00	2022-05-17T19:27:38.134581	271	3.59000000e+02
8.74102180e+00	2022-05-17T19:27:38.150216	272	3.84000000e+02
8.74679690e+00	2022-05-17T19:27:38.165822	273	3.64000000e+02
8.75522900e+00	2022-05-17T19:27:38.165822	274	3.61000000e+02
8.77896180e+00	2022-05-17T19:27:38.197067	275	3.78000000e+02
8.80105210e+00	2022-05-17T19:27:38.219265	276	3.60000000e+02
8.80842940e+00	2022-05-17T19:27:38.219265	277	3.66000000e+02
8.81648650e+00	2022-05-17T19:27:38.234881	278	3.48000000e+02
8.82861360e+00	2022-05-17T19:27:38.234881	279	3.65000000e+02
8.84992760e+00	2022-05-17T19:27:38.266132	280	3.60000000e+02
8.86408890e+00	2022-05-17T19:27:38.281745	281	3.67000000e+02
8.87166940e+00	2022-05-17T19:27:38.281745	282	3.60000000e+02
8.88189390e+00	2022-05-17T19:27:38.297826	283	3.60000000e+02
8.89027740e+00	2022-05-17T19:27:38.304335	284	3.63000000e+02
8.91762100e+00	2022-05-17T19:27:38.336634	285	3.65000000e+02
8.93980360e+00	2022-05-17T19:27:38.352294	286	3.63000000e+02
8.95143400e+00	2022-05-17T19:27:38.368373	287	3.60000000e+02
8.96086300e+00	2022-05-17T19:27:38.368373	288	3.67000000e+02
8.98141430e+00	2022-05-17T19:27:38.399157	289	3.59000000e+02
9.00496560e+00	2022-05-17T19:27:38.420377	290	3.60000000e+02
9.00851780e+00	2022-05-17T19:27:38.420377	291	3.60000000e+02
9.01722250e+00	2022-05-17T19:27:38.435992	292	3.61000000e+02
9.02927160e+00	2022-05-17T19:27:38.435992	293	3.60000000e+02
9.05078680e+00	2022-05-17T19:27:38.467222	294	3.78000000e+02
9.07202650e+00	2022-05-17T19:27:38.482853	295	3.60000000e+02
9.07847960e+00	2022-05-17T19:27:38.482853	296	3.64000000e+02
9.08689000e+00	2022-05-17T19:27:38.504803	297	3.89000000e+02
9.09880090e+00	2022-05-17T19:27:38.504803	298	3.64000000e+02
9.11912370e+00	2022-05-17T19:27:38.536075	299	3.66000000e+02
9.12784670e+00	2022-05-17T19:27:38.536075	300	3.62000000e+02
9.14357280e+00	2022-05-17T19:27:38.551714	301	3.60000000e+02
9.15230150e+00	2022-05-17T19:27:38.567857	302	3.89000000e+02
9.16017120e+00	2022-05-17T19:27:38.567857	303	3.71000000e+02
9.18277880e+00	2022-05-17T19:27:38.598560	304	3.59000000e+02
9.20654590e+00	2022-05-17T19:27:38.620754	305	3.61000000e+02
9.21800500e+00	2022-05-17T19:27:38.636368	306	3.62000000e+02
9.23021370e+00	2022-05-17T19:27:38.636368	307	3.88000000e+02
9.24845460e+00	2022-05-17T19:27:38.667604	308	3.79000000e+02
9.26718730e+00	2022-05-17T19:27:38.683238	309	3.59000000e+02
9.27513560e+00	2022-05-17T19:27:38.683238	310	3.61000000e+02
9.28329870e+00	2022-05-17T19:27:38.699241	311	3.64000000e+02
9.29213330e+00	2022-05-17T19:27:38.705734	312	3.67000000e+02
9.31784750e+00	2022-05-17T19:27:38.737005	313	3.62000000e+02
9.32848170e+00	2022-05-17T19:27:38.737005	314	3.61000000e+02
9.34477670e+00	2022-05-17T19:27:38.752635	315	3.64000000e+02
9.35296350e+00	2022-05-17T19:27:38.768787	316	3.61000000e+02
9.36056420e+00	2022-05-17T19:27:38.768787	317	3.61000000e+02
9.38412700e+00	2022-05-17T19:27:38.799491	318	3.64000000e+02
9.40296900e+00	2022-05-17T19:27:38.821687	319	3.60000000e+02
9.41001970e+00	2022-05-17T19:27:38.821687	320	3.67000000e+02
9.41883340e+00	2022-05-17T19:27:38.837304	321	3.60000000e+02
9.43075430e+00	2022-05-17T19:27:38.837304	322	3.62000000e+02
9.45497410e+00	2022-05-17T19:27:38.868540	323	3.59000000e+02
9.47669410e+00	2022-05-17T19:27:38.884138	324	3.61000000e+02
9.48812490e+00	2022-05-17T19:27:38.906311	325	3.65000000e+02
9.49636220e+00	2022-05-17T19:27:38.906311	326	3.60000000e+02
9.52043450e+00	2022-05-17T19:27:38.937583	327	4.03000000e+02
9.54336100e+00	2022-05-17T19:27:38.953215	328	3.84000000e+02
9.55396530e+00	2022-05-17T19:27:38.969235	329	3.60000000e+02
9.56667990e+00	2022-05-17T19:27:38.984454	330	3.67000000e+02
9.58536810e+00	2022-05-17T19:27:39.000068	331	4.07000000e+02
9.60270880e+00	2022-05-17T19:27:39.006603	332	3.99000000e+02
9.61015610e+00	2022-05-17T19:27:39.022268	333	3.60000000e+02
9.61934650e+00	2022-05-17T19:27:39.037875	334	3.61000000e+02
9.63176460e+00	2022-05-17T19:27:39.037875	335	3.61000000e+02
9.65188750e+00	2022-05-17T19:27:39.069116	336	3.59000000e+02
9.66938220e+00	2022-05-17T19:27:39.084751	337	3.59000000e+02
9.67753680e+00	2022-05-17T19:27:39.084751	338	3.63000000e+02
9.68825480e+00	2022-05-17T19:27:39.106922	339	3.60000000e+02
9.69661930e+00	2022-05-17T19:27:39.106922	340	3.99000000e+02
9.72234120e+00	2022-05-17T19:27:39.138195	341	3.60000000e+02
9.74593530e+00	2022-05-17T19:27:39.153838	342	3.60000000e+02
9.75428770e+00	2022-05-17T19:27:39.169974	343	3.74000000e+02
9.76287830e+00	2022-05-17T19:27:39.169974	344	3.88000000e+02
9.78843830e+00	2022-05-17T19:27:39.207184	345	3.59000000e+02
9.81069230e+00	2022-05-17T19:27:39.222851	346	3.60000000e+02
9.81999300e+00	2022-05-17T19:27:39.238467	347	3.61000000e+02
9.83216080e+00	2022-05-17T19:27:39.238467	348	3.61000000e+02
9.86127720e+00	2022-05-17T19:27:39.269697	349	3.63000000e+02
9.87836170e+00	2022-05-17T19:27:39.285334	350	3.65000000e+02
9.88988540e+00	2022-05-17T19:27:39.307471	351	3.61000000e+02
9.90173640e+00	2022-05-17T19:27:39.307471	352	3.67000000e+02
9.92271980e+00	2022-05-17T19:27:39.338743	353	3.60000000e+02
9.94555660e+00	2022-05-17T19:27:39.354379	354	4.10000000e+02
9.95079810e+00	2022-05-17T19:27:39.369961	355	3.62000000e+02
9.95915020e+00	2022-05-17T19:27:39.369961	356	3.60000000e+02
9.97905320e+00	2022-05-17T19:27:39.385582	357	3.70000000e+02
9.99301720e+00	2022-05-17T19:27:39.407776	358	3.78000000e+02
1.00091724e+01	2022-05-17T19:27:39.423442	359	3.62000000e+02
1.00208118e+01	2022-05-17T19:27:39.439092	360	3.67000000e+02
1.00328095e+01	2022-05-17T19:27:39.439092	361	3.61000000e+02
1.00551360e+01	2022-05-17T19:27:39.470303	362	3.60000000e+02
1.00785603e+01	2022-05-17T19:27:39.485959	363	3.59000000e+02
1.00906650e+01	2022-05-17T19:27:39.508173	364	3.60000000e+02
1.01028316e+01	2022-05-17T19:27:39.508173	365	3.62000000e+02
1.01281218e+01	2022-05-17T19:27:39.539475	366	3.61000000e+02
1.01514886e+01	2022-05-17T19:27:39.570667	367	3.63000000e+02
1.01596365e+01	2022-05-17T19:27:39.570667	368	3.61000000e+02
1.01682967e+01	2022-05-17T19:27:39.586285	369	3.63000000e+02
1.01802869e+01	2022-05-17T19:27:39.586285	370	3.60000000e+02
1.02016306e+01	2022-05-17T19:27:39.608479	371	3.59000000e+02
1.02248745e+01	2022-05-17T19:27:39.639770	372	3.61000000e+02
1.02337947e+01	2022-05-17T19:27:39.639770	373	3.60000000e+02
1.02457730e+01	2022-05-17T19:27:39.655873	374	3.84000000e+02
1.02540515e+01	2022-05-17T19:27:39.671601	375	3.63000000e+02
1.02624626e+01	2022-05-17T19:27:39.671601	376	3.48000000e+02
1.02746239e+01	2022-05-17T19:27:39.687129	377	3.60000000e+02
1.03013556e+01	2022-05-17T19:27:39.708745	378	3.63000000e+02
1.03248305e+01	2022-05-17T19:27:39.740036	379	3.84000000e+02
1.03359574e+01	2022-05-17T19:27:39.740036	380	3.64000000e+02
1.03435839e+01	2022-05-17T19:27:39.755612	381	3.70000000e+02
1.03525203e+01	2022-05-17T19:27:39.771304	382	3.60000000e+02
1.03722500e+01	2022-05-17T19:27:39.786892	383	3.60000000e+02
1.03949311e+01	2022-05-17T19:27:39.809099	384	3.60000000e+02
1.04054818e+01	2022-05-17T19:27:39.824725	385	3.61000000e+02
1.04136326e+01	2022-05-17T19:27:39.824725	386	3.72000000e+02
1.04325537e+01	2022-05-17T19:27:39.840383	387	3.62000000e+02
1.04432243e+01	2022-05-17T19:27:39.855992	388	3.60000000e+02
1.04655063e+01	2022-05-17T19:27:39.871638	389	3.71000000e+02
1.04704207e+01	2022-05-17T19:27:39.887680	390	3.60000000e+02
1.04793040e+01	2022-05-17T19:27:39.887680	391	3.66000000e+02
1.05038241e+01	2022-05-17T19:27:39.909380	392	3.61000000e+02
1.05213250e+01	2022-05-17T19:27:39.940663	393	3.89000000e+02
1.05324845e+01	2022-05-17T19:27:39.940663	394	3.60000000e+02
1.05408016e+01	2022-05-17T19:27:39.956813	395	3.66000000e+02
1.05494124e+01	2022-05-17T19:27:39.956813	396	3.61000000e+02
1.05721051e+01	2022-05-17T19:27:39.987516	397	3.60000000e+02
1.05959127e+01	2022-05-17T19:27:40.009692	398	3.60000000e+02
1.06062854e+01	2022-05-17T19:27:40.025379	399	3.63000000e+02
1.06147391e+01	2022-05-17T19:27:40.025379	400	3.77000000e+02
1.06403624e+01	2022-05-17T19:27:40.056585	401	3.59000000e+02
1.06642885e+01	2022-05-17T19:27:40.072207	402	3.60000000e+02
1.06756368e+01	2022-05-17T19:27:40.088349	403	3.61000000e+02
1.06843315e+01	2022-05-17T19:27:40.103423	404	3.65000000e+02
1.07065026e+01	2022-05-17T19:27:40.125647	405	3.59000000e+02
1.07221156e+01	2022-05-17T19:27:40.141259	406	3.91000000e+02
1.07339382e+01	2022-05-17T19:27:40.141259	407	3.65000000e+02
1.07454583e+01	2022-05-17T19:27:40.156893	408	3.60000000e+02
1.07541662e+01	2022-05-17T19:27:40.172509	409	3.85000000e+02
1.07659318e+01	2022-05-17T19:27:40.172509	410	4.10000000e+02
1.07903454e+01	2022-05-17T19:27:40.203740	411	3.60000000e+02
1.08136071e+01	2022-05-17T19:27:40.225925	412	3.52000000e+02
1.08237287e+01	2022-05-17T19:27:40.241521	413	3.59000000e+02
1.08353435e+01	2022-05-17T19:27:40.241521	414	3.69000000e+02
1.08624638e+01	2022-05-17T19:27:40.272813	415	3.62000000e+02
1.08730525e+01	2022-05-17T19:27:40.288420	416	3.60000000e+02
1.08748899e+01	2022-05-17T19:27:40.288420	417	3.64000000e+02
1.08845561e+01	2022-05-17T19:27:40.288420	418	3.61000000e+02
1.08927865e+01	2022-05-17T19:27:40.310596	419	3.83000000e+02
1.09013598e+01	2022-05-17T19:27:40.310596	420	3.61000000e+02
1.09236464e+01	2022-05-17T19:27:40.341870	421	3.60000000e+02
1.09463291e+01	2022-05-17T19:27:40.357509	422	3.60000000e+02
1.09496758e+01	2022-05-17T19:27:40.357509	423	3.64000000e+02
1.09585802e+01	2022-05-17T19:27:40.373598	424	4.03000000e+02
1.09667827e+01	2022-05-17T19:27:40.373598	425	3.95000000e+02
1.09868475e+01	2022-05-17T19:27:40.404355	426	3.63000000e+02
1.09954302e+01	2022-05-17T19:27:40.410901	427	3.61000000e+02
1.10128734e+01	2022-05-17T19:27:40.426564	428	3.68000000e+02
1.10241425e+01	2022-05-17T19:27:40.442148	429	3.61000000e+02
1.10323643e+01	2022-05-17T19:27:40.442148	430	3.74000000e+02
1.10597315e+01	2022-05-17T19:27:40.473390	431	3.59000000e+02
1.10808806e+01	2022-05-17T19:27:40.489658	432	3.75000000e+02
1.10854226e+01	2022-05-17T19:27:40.489658	433	3.61000000e+02
1.10930478e+01	2022-05-17T19:27:40.511170	434	3.60000000e+02
1.11018661e+01	2022-05-17T19:27:40.511170	435	3.64000000e+02
1.11237839e+01	2022-05-17T19:27:40.542416	436	3.64000000e+02
1.11411579e+01	2022-05-17T19:27:40.558076	437	3.60000000e+02
1.11556573e+01	2022-05-17T19:27:40.573703	438	3.61000000e+02
1.11671983e+01	2022-05-17T19:27:40.573703	439	3.64000000e+02
1.11758248e+01	2022-05-17T19:27:40.589773	440	3.60000000e+02
1.12020128e+01	2022-05-17T19:27:40.611446	441	3.61000000e+02
1.12115220e+01	2022-05-17T19:27:40.627110	442	3.61000000e+02
1.12292165e+01	2022-05-17T19:27:40.642693	443	3.74000000e+02
1.12328328e+01	2022-05-17T19:27:40.642693	444	3.60000000e+02
1.12413982e+01	2022-05-17T19:27:40.658947	445	3.65000000e+02
1.12533608e+01	2022-05-17T19:27:40.658947	446	3.61000000e+02
1.12721850e+01	2022-05-17T19:27:40.689582	447	3.61000000e+02
1.12911215e+01	2022-05-17T19:27:40.705217	448	3.60000000e+02
1.13022393e+01	2022-05-17T19:27:40.711759	449	3.60000000e+02
1.13114036e+01	2022-05-17T19:27:40.727690	450	3.71000000e+02
1.13231063e+01	2022-05-17T19:27:40.727690	451	3.72000000e+02
1.13411506e+01	2022-05-17T19:27:40.758640	452	4.09000000e+02
1.13575872e+01	2022-05-17T19:27:40.774289	453	3.62000000e+02
1.13652438e+01	2022-05-17T19:27:40.774289	454	3.67000000e+02
1.13759031e+01	2022-05-17T19:27:40.790080	455	3.65000000e+02
1.13845921e+01	2022-05-17T19:27:40.790080	456	3.69000000e+02
1.14034083e+01	2022-05-17T19:27:40.811987	457	3.84000000e+02
1.14284621e+01	2022-05-17T19:27:40.843271	458	3.66000000e+02
1.14377313e+01	2022-05-17T19:27:40.843271	459	3.60000000e+02
1.14459476e+01	2022-05-17T19:27:40.858855	460	3.60000000e+02
1.14542822e+01	2022-05-17T19:27:40.858855	461	3.62000000e+02
1.14720371e+01	2022-05-17T19:27:40.890123	462	3.77000000e+02
1.14975966e+01	2022-05-17T19:27:40.912314	463	3.88000000e+02
1.15072383e+01	2022-05-17T19:27:40.912314	464	3.60000000e+02
1.15154241e+01	2022-05-17T19:27:40.928261	465	3.65000000e+02
1.15241425e+01	2022-05-17T19:27:40.928261	466	3.60000000e+02
1.15401418e+01	2022-05-17T19:27:40.959208	467	3.64000000e+02
1.15638620e+01	2022-05-17T19:27:40.974842	468	3.91000000e+02
1.15687348e+01	2022-05-17T19:27:40.974842	469	3.48000000e+02
1.15768872e+01	2022-05-17T19:27:40.990926	470	3.66000000e+02
1.15856469e+01	2022-05-17T19:27:40.990926	471	3.66000000e+02
1.16034969e+01	2022-05-17T19:27:41.012457	472	3.59000000e+02
1.16234345e+01	2022-05-17T19:27:41.028114	473	3.62000000e+02
1.16342588e+01	2022-05-17T19:27:41.043739	474	3.78000000e+02
1.16422289e+01	2022-05-17T19:27:41.059534	475	3.61000000e+02
1.16508756e+01	2022-05-17T19:27:41.059534	476	3.78000000e+02
1.16721437e+01	2022-05-17T19:27:41.090601	477	4.10000000e+02
1.16912180e+01	2022-05-17T19:27:41.106226	478	3.79000000e+02
1.16991952e+01	2022-05-17T19:27:41.112769	479	3.60000000e+02
1.17077293e+01	2022-05-17T19:27:41.112769	480	3.64000000e+02
1.17158854e+01	2022-05-17T19:27:41.128838	481	3.60000000e+02
1.17242238e+01	2022-05-17T19:27:41.128838	482	3.60000000e+02
1.17519171e+01	2022-05-17T19:27:41.159711	483	3.67000000e+02
1.17693213e+01	2022-05-17T19:27:41.175298	484	3.63000000e+02
1.17777852e+01	2022-05-17T19:27:41.191374	485	4.07000000e+02
1.17859922e+01	2022-05-17T19:27:41.191374	486	3.61000000e+02
1.18051224e+01	2022-05-17T19:27:41.212986	487	3.60000000e+02
1.18301487e+01	2022-05-17T19:27:41.244270	488	3.46000000e+02
1.18392279e+01	2022-05-17T19:27:41.244270	489	3.60000000e+02
1.18513103e+01	2022-05-17T19:27:41.260148	490	3.62000000e+02
1.18735508e+01	2022-05-17T19:27:41.291135	491	3.59000000e+02
1.18971369e+01	2022-05-17T19:27:41.312911	492	3.60000000e+02
1.19001518e+01	2022-05-17T19:27:41.312911	493	3.61000000e+02
1.19087026e+01	2022-05-17T19:27:41.312911	494	3.62000000e+02
1.19170151e+01	2022-05-17T19:27:41.328538	495	3.60000000e+02
1.19418541e+01	2022-05-17T19:27:41.359817	496	3.62000000e+02
1.19604508e+01	2022-05-17T19:27:41.375437	497	3.62000000e+02
1.19694105e+01	2022-05-17T19:27:41.375437	498	3.61000000e+02
1.19780525e+01	2022-05-17T19:27:41.391039	499	3.62000000e+02
1.19866362e+01	2022-05-17T19:27:41.391039	500	3.66000000e+02
1.20051562e+01	2022-05-17T19:27:41.413048	501	3.59000000e+02
1.20306468e+01	2022-05-17T19:27:41.444323	502	3.59000000e+02
1.20400379e+01	2022-05-17T19:27:41.444323	503	3.86000000e+02
1.20520742e+01	2022-05-17T19:27:41.460166	504	3.64000000e+02
1.20744955e+01	2022-05-17T19:27:41.491722	505	3.59000000e+02
1.20971716e+01	2022-05-17T19:27:41.512931	506	3.70000000e+02
1.21011863e+01	2022-05-17T19:27:41.512931	507	3.61000000e+02
1.21090715e+01	2022-05-17T19:27:41.512931	508	3.60000000e+02
1.21177666e+01	2022-05-17T19:27:41.528556	509	3.61000000e+02
1.21406611e+01	2022-05-17T19:27:41.559824	510	3.65000000e+02
1.21611194e+01	2022-05-17T19:27:41.575457	511	3.60000000e+02
1.21629836e+01	2022-05-17T19:27:41.575457	512	3.71000000e+02
1.21786045e+01	2022-05-17T19:27:41.591085	513	3.71000000e+02
1.21875937e+01	2022-05-17T19:27:41.606713	514	3.60000000e+02
1.21953435e+01	2022-05-17T19:27:41.613249	515	3.69000000e+02
1.22036566e+01	2022-05-17T19:27:41.613249	516	3.61000000e+02
1.22262790e+01	2022-05-17T19:27:41.644533	517	3.62000000e+02
1.22515635e+01	2022-05-17T19:27:41.660156	518	3.52000000e+02
1.22608413e+01	2022-05-17T19:27:41.676027	519	3.63000000e+02
1.22692517e+01	2022-05-17T19:27:41.676027	520	3.61000000e+02
1.22970195e+01	2022-05-17T19:27:41.713556	521	4.03000000e+02
1.23146545e+01	2022-05-17T19:27:41.729220	522	3.60000000e+02
1.23274122e+01	2022-05-17T19:27:41.744857	523	3.61000000e+02
1.23390456e+01	2022-05-17T19:27:41.744857	524	3.61000000e+02
1.23569579e+01	2022-05-17T19:27:41.776071	525	3.77000000e+02
1.23838980e+01	2022-05-17T19:27:41.791706	526	3.60000000e+02
1.23960169e+01	2022-05-17T19:27:41.813990	527	3.52000000e+02
1.24044134e+01	2022-05-17T19:27:41.813990	528	3.61000000e+02
1.24273416e+01	2022-05-17T19:27:41.845264	529	3.60000000e+02
1.24462882e+01	2022-05-17T19:27:41.860896	530	3.61000000e+02
1.24573695e+01	2022-05-17T19:27:41.876516	531	3.61000000e+02
1.24659382e+01	2022-05-17T19:27:41.876516	532	3.60000000e+02
1.24866970e+01	2022-05-17T19:27:41.892103	533	4.07000000e+02
1.24915714e+01	2022-05-17T19:27:41.907723	534	3.62000000e+02
1.25107662e+01	2022-05-17T19:27:41.929934	535	3.80000000e+02
1.25185435e+01	2022-05-17T19:27:41.929934	536	3.61000000e+02
1.25271517e+01	2022-05-17T19:27:41.945558	537	3.64000000e+02
1.25354254e+01	2022-05-17T19:27:41.945558	538	3.52000000e+02
1.25589169e+01	2022-05-17T19:27:41.976809	539	3.61000000e+02
1.25846110e+01	2022-05-17T19:27:41.992422	540	3.59000000e+02
1.25884993e+01	2022-05-17T19:27:41.992422	541	3.68000000e+02
1.25971265e+01	2022-05-17T19:27:42.014830	542	3.60000000e+02
1.26086920e+01	2022-05-17T19:27:42.014830	543	3.78000000e+02
1.26462255e+01	2022-05-17T19:27:42.061772	544	3.63000000e+02
1.26540627e+01	2022-05-17T19:27:42.061772	545	3.78000000e+02
1.26579056e+01	2022-05-17T19:27:42.061772	546	3.61000000e+02
1.26666241e+01	2022-05-17T19:27:42.077320	547	3.65000000e+02
1.27119887e+01	2022-05-17T19:27:42.130758	548	3.60000000e+02
1.27216175e+01	2022-05-17T19:27:42.130758	549	3.59000000e+02
1.27314188e+01	2022-05-17T19:27:42.146339	550	3.61000000e+02
1.27393805e+01	2022-05-17T19:27:42.146339	551	3.48000000e+02
1.27618394e+01	2022-05-17T19:27:42.177609	552	3.66000000e+02
1.27847741e+01	2022-05-17T19:27:42.193241	553	3.62000000e+02
1.27927608e+01	2022-05-17T19:27:42.209114	554	3.61000000e+02
1.28018904e+01	2022-05-17T19:27:42.215646	555	3.60000000e+02
1.28279411e+01	2022-05-17T19:27:42.246929	556	3.60000000e+02
1.28543862e+01	2022-05-17T19:27:42.262552	557	3.60000000e+02
1.28585520e+01	2022-05-17T19:27:42.262552	558	4.07000000e+02
1.28676357e+01	2022-05-17T19:27:42.278134	559	3.65000000e+02
1.28908514e+01	2022-05-17T19:27:42.310027	560	3.60000000e+02
1.28991073e+01	2022-05-17T19:27:42.316060	561	3.60000000e+02
1.29179566e+01	2022-05-17T19:27:42.331728	562	3.60000000e+02
1.29285404e+01	2022-05-17T19:27:42.347343	563	3.60000000e+02
1.29406187e+01	2022-05-17T19:27:42.347343	564	3.86000000e+02
1.29616369e+01	2022-05-17T19:27:42.378584	565	3.86000000e+02
1.29856536e+01	2022-05-17T19:27:42.394210	566	3.63000000e+02
1.29900822e+01	2022-05-17T19:27:42.394210	567	3.60000000e+02
1.29983595e+01	2022-05-17T19:27:42.416296	568	3.65000000e+02
1.30103084e+01	2022-05-17T19:27:42.416296	569	3.60000000e+02
1.30319417e+01	2022-05-17T19:27:42.447569	570	3.60000000e+02
1.30555378e+01	2022-05-17T19:27:42.463201	571	3.59000000e+02
1.30593473e+01	2022-05-17T19:27:42.463201	572	3.60000000e+02
1.30679765e+01	2022-05-17T19:27:42.478832	573	3.61000000e+02
1.30919740e+01	2022-05-17T19:27:42.511054	574	3.59000000e+02
1.30960130e+01	2022-05-17T19:27:42.511054	575	3.62000000e+02
1.31206266e+01	2022-05-17T19:27:42.532266	576	4.03000000e+02
1.31248037e+01	2022-05-17T19:27:42.532266	577	3.60000000e+02
1.31334183e+01	2022-05-17T19:27:42.548409	578	3.63000000e+02
1.31415920e+01	2022-05-17T19:27:42.548409	579	3.72000000e+02
1.31622899e+01	2022-05-17T19:27:42.579119	580	3.60000000e+02
1.31811106e+01	2022-05-17T19:27:42.594747	581	3.59000000e+02
1.31963998e+01	2022-05-17T19:27:42.610357	582	3.62000000e+02
1.32069369e+01	2022-05-17T19:27:42.617280	583	3.61000000e+02
1.32178252e+01	2022-05-17T19:27:42.633023	584	3.77000000e+02
1.32274327e+01	2022-05-17T19:27:42.633023	585	3.73000000e+02
1.32709776e+01	2022-05-17T19:27:42.679808	586	3.60000000e+02
1.32808217e+01	2022-05-17T19:27:42.695783	587	3.61000000e+02
1.33031846e+01	2022-05-17T19:27:42.717554	588	3.61000000e+02
1.33097684e+01	2022-05-17T19:27:42.717554	589	3.62000000e+02
1.33360321e+01	2022-05-17T19:27:42.748842	590	3.60000000e+02
1.33469610e+01	2022-05-17T19:27:42.764422	591	3.61000000e+02
1.33601805e+01	2022-05-17T19:27:42.764422	592	3.60000000e+02
1.33777851e+01	2022-05-17T19:27:42.795732	593	3.75000000e+02
1.33974180e+01	2022-05-17T19:27:42.811323	594	3.63000000e+02
1.34053896e+01	2022-05-17T19:27:42.817866	595	3.60000000e+02
1.34161897e+01	2022-05-17T19:27:42.833906	596	3.64000000e+02
1.34236194e+01	2022-05-17T19:27:42.833906	597	3.69000000e+02
1.34486322e+01	2022-05-17T19:27:42.864758	598	3.62000000e+02
1.34506102e+01	2022-05-17T19:27:42.864758	599	3.98000000e+02
1.34769406e+01	2022-05-17T19:27:42.896006	600	3.59000000e+02
1.34857566e+01	2022-05-17T19:27:42.896006	601	3.60000000e+02
1.34978309e+01	2022-05-17T19:27:42.911667	602	3.65000000e+02
1.35066279e+01	2022-05-17T19:27:42.918591	603	3.71000000e+02
1.35308892e+01	2022-05-17T19:27:42.949862	604	3.62000000e+02
1.35588589e+01	2022-05-17T19:27:42.965497	605	3.59000000e+02
1.35637446e+01	2022-05-17T19:27:42.981250	606	3.60000000e+02
1.35753776e+01	2022-05-17T19:27:42.981250	607	3.61000000e+02
1.36139136e+01	2022-05-17T19:27:43.018879	608	3.52000000e+02
1.36215270e+01	2022-05-17T19:27:43.034531	609	3.70000000e+02
1.36289178e+01	2022-05-17T19:27:43.034531	610	3.61000000e+02
1.36371804e+01	2022-05-17T19:27:43.050611	611	3.75000000e+02
1.36829279e+01	2022-05-17T19:27:43.097025	612	3.73000000e+02
1.36907316e+01	2022-05-17T19:27:43.097025	613	3.60000000e+02
1.36939133e+01	2022-05-17T19:27:43.112610	614	3.67000000e+02
1.37025244e+01	2022-05-17T19:27:43.119658	615	3.77000000e+02
1.37105769e+01	2022-05-17T19:27:43.119658	616	3.60000000e+02
1.37375440e+01	2022-05-17T19:27:43.150904	617	3.60000000e+02
1.37635289e+01	2022-05-17T19:27:43.182187	618	3.59000000e+02
1.37680284e+01	2022-05-17T19:27:43.182187	619	3.67000000e+02
1.37761574e+01	2022-05-17T19:27:43.182187	620	3.61000000e+02
1.37845952e+01	2022-05-17T19:27:43.198248	621	3.67000000e+02
1.37925987e+01	2022-05-17T19:27:43.198248	622	3.62000000e+02
1.38117005e+01	2022-05-17T19:27:43.219866	623	4.02000000e+02
1.38372266e+01	2022-05-17T19:27:43.251149	624	3.64000000e+02
1.38459936e+01	2022-05-17T19:27:43.251149	625	3.71000000e+02
1.38542609e+01	2022-05-17T19:27:43.267188	626	3.61000000e+02
1.38809419e+01	2022-05-17T19:27:43.298001	627	3.56000000e+02
1.39076377e+01	2022-05-17T19:27:43.319781	628	3.62000000e+02
1.39114559e+01	2022-05-17T19:27:43.319781	629	3.67000000e+02
1.39196612e+01	2022-05-17T19:27:43.335974	630	3.61000000e+02
1.39281825e+01	2022-05-17T19:27:43.335974	631	3.72000000e+02
1.39510298e+01	2022-05-17T19:27:43.366674	632	3.63000000e+02
1.39771214e+01	2022-05-17T19:27:43.382311	633	3.61000000e+02
1.39852973e+01	2022-05-17T19:27:43.398349	634	3.60000000e+02
1.40122660e+01	2022-05-17T19:27:43.420048	635	4.04000000e+02
1.40208383e+01	2022-05-17T19:27:43.435712	636	3.61000000e+02
1.40412068e+01	2022-05-17T19:27:43.451330	637	3.85000000e+02
1.40506885e+01	2022-05-17T19:27:43.467407	638	3.80000000e+02
1.40586082e+01	2022-05-17T19:27:43.467407	639	3.59000000e+02
1.40886367e+01	2022-05-17T19:27:43.498184	640	3.80000000e+02
1.41083815e+01	2022-05-17T19:27:43.519971	641	3.59000000e+02
1.41115389e+01	2022-05-17T19:27:43.519971	642	3.64000000e+02
1.41207737e+01	2022-05-17T19:27:43.536196	643	3.60000000e+02
1.41329390e+01	2022-05-17T19:27:43.551243	644	3.78000000e+02
1.41408116e+01	2022-05-17T19:27:43.551243	645	3.60000000e+02
1.41692538e+01	2022-05-17T19:27:43.582485	646	3.91000000e+02
1.41916453e+01	2022-05-17T19:27:43.598157	647	3.61000000e+02
1.42017915e+01	2022-05-17T19:27:43.620331	648	3.52000000e+02
1.42105352e+01	2022-05-17T19:27:43.620331	649	3.60000000e+02
1.42365884e+01	2022-05-17T19:27:43.651603	650	3.60000000e+02
1.42623152e+01	2022-05-17T19:27:43.667239	651	3.59000000e+02
1.42677836e+01	2022-05-17T19:27:43.683042	652	3.62000000e+02
1.42756063e+01	2022-05-17T19:27:43.683042	653	3.61000000e+02
1.42976578e+01	2022-05-17T19:27:43.714088	654	3.60000000e+02
1.43232880e+01	2022-05-17T19:27:43.736302	655	3.59000000e+02
1.43292569e+01	2022-05-17T19:27:43.736302	656	3.62000000e+02
1.43377724e+01	2022-05-17T19:27:43.752416	657	3.60000000e+02
1.43611834e+01	2022-05-17T19:27:43.767737	658	3.74000000e+02
1.43701770e+01	2022-05-17T19:27:43.783159	659	3.60000000e+02
1.43949286e+01	2022-05-17T19:27:43.798793	660	3.65000000e+02
1.44029537e+01	2022-05-17T19:27:43.820908	661	4.07000000e+02
1.44107670e+01	2022-05-17T19:27:43.820908	662	3.61000000e+02
1.44212170e+01	2022-05-17T19:27:43.837168	663	3.89000000e+02
1.44363792e+01	2022-05-17T19:27:43.852179	664	3.60000000e+02
1.44573354e+01	2022-05-17T19:27:43.867778	665	4.10000000e+02
1.44688886e+01	2022-05-17T19:27:43.883622	666	3.61000000e+02
1.44955203e+01	2022-05-17T19:27:43.914665	667	3.69000000e+02
1.44995457e+01	2022-05-17T19:27:43.914665	668	3.61000000e+02
1.45262992e+01	2022-05-17T19:27:43.936862	669	3.61000000e+02
1.45380994e+01	2022-05-17T19:27:43.952446	670	3.62000000e+02
1.45463216e+01	2022-05-17T19:27:43.952446	671	3.89000000e+02
1.45693696e+01	2022-05-17T19:27:43.983714	672	3.60000000e+02
1.45965599e+01	2022-05-17T19:27:44.014967	673	3.86000000e+02
1.45992884e+01	2022-05-17T19:27:44.014967	674	3.65000000e+02
1.46075636e+01	2022-05-17T19:27:44.021797	675	3.60000000e+02
1.46158406e+01	2022-05-17T19:27:44.021797	676	3.67000000e+02
1.46242869e+01	2022-05-17T19:27:44.037747	677	3.52000000e+02
1.46377905e+01	2022-05-17T19:27:44.053363	678	3.62000000e+02
1.46552640e+01	2022-05-17T19:27:44.068690	679	3.66000000e+02
1.46762673e+01	2022-05-17T19:27:44.084354	680	3.62000000e+02
1.46850685e+01	2022-05-17T19:27:44.099945	681	3.60000000e+02
1.46938297e+01	2022-05-17T19:27:44.099945	682	3.68000000e+02
1.47014010e+01	2022-05-17T19:27:44.116038	683	3.88000000e+02
1.47101263e+01	2022-05-17T19:27:44.122489	684	3.52000000e+02
1.47186415e+01	2022-05-17T19:27:44.122489	685	3.61000000e+02
1.47379566e+01	2022-05-17T19:27:44.153765	686	3.61000000e+02
1.47666221e+01	2022-05-17T19:27:44.184982	687	4.04000000e+02
1.47717170e+01	2022-05-17T19:27:44.184982	688	3.95000000e+02
1.47834882e+01	2022-05-17T19:27:44.201112	689	3.71000000e+02
1.47917673e+01	2022-05-17T19:27:44.201112	690	3.62000000e+02
1.48154085e+01	2022-05-17T19:27:44.222862	691	3.61000000e+02
1.48172483e+01	2022-05-17T19:27:44.222862	692	3.69000000e+02
1.48434215e+01	2022-05-17T19:27:44.254146	693	4.07000000e+02
1.48496730e+01	2022-05-17T19:27:44.254146	694	3.61000000e+02
1.48574551e+01	2022-05-17T19:27:44.270101	695	3.52000000e+02
1.48661438e+01	2022-05-17T19:27:44.285386	696	3.61000000e+02
1.48933907e+01	2022-05-17T19:27:44.300998	697	3.59000000e+02
1.49134076e+01	2022-05-17T19:27:44.322803	698	3.63000000e+02
1.49228964e+01	2022-05-17T19:27:44.338880	699	3.61000000e+02
1.49314585e+01	2022-05-17T19:27:44.338880	700	3.61000000e+02
1.49540777e+01	2022-05-17T19:27:44.369696	701	4.09000000e+02
1.49801683e+01	2022-05-17T19:27:44.385335	702	3.63000000e+02
1.49844950e+01	2022-05-17T19:27:44.401208	703	3.73000000e+02
1.49927520e+01	2022-05-17T19:27:44.401208	704	3.61000000e+02
1.50189668e+01	2022-05-17T19:27:44.423135	705	3.61000000e+02
1.50458969e+01	2022-05-17T19:27:44.454456	706	3.71000000e+02
1.50544588e+01	2022-05-17T19:27:44.470604	707	3.62000000e+02
1.50625767e+01	2022-05-17T19:27:44.470604	708	3.69000000e+02
1.51059601e+01	2022-05-17T19:27:44.523206	709	3.48000000e+02
1.51156313e+01	2022-05-17T19:27:44.523206	710	3.60000000e+02
1.51237707e+01	2022-05-17T19:27:44.539410	711	3.60000000e+02
1.51322443e+01	2022-05-17T19:27:44.539410	712	3.61000000e+02
1.51563218e+01	2022-05-17T19:27:44.570111	713	3.59000000e+02
1.51817654e+01	2022-05-17T19:27:44.585771	714	3.60000000e+02
1.51846485e+01	2022-05-17T19:27:44.601359	715	3.64000000e+02
1.51935021e+01	2022-05-17T19:27:44.601359	716	3.61000000e+02
1.52017613e+01	2022-05-17T19:27:44.617524	717	3.60000000e+02
1.52103978e+01	2022-05-17T19:27:44.623983	718	3.61000000e+02
1.52247995e+01	2022-05-17T19:27:44.640025	719	3.61000000e+02
1.52404328e+01	2022-05-17T19:27:44.655257	720	3.64000000e+02
1.52622606e+01	2022-05-17T19:27:44.670882	721	3.86000000e+02
1.52706697e+01	2022-05-17T19:27:44.686511	722	3.60000000e+02
1.52796121e+01	2022-05-17T19:27:44.686511	723	3.61000000e+02
1.52913511e+01	2022-05-17T19:27:44.702623	724	3.61000000e+02
1.53168952e+01	2022-05-17T19:27:44.723988	725	3.65000000e+02
1.53430581e+01	2022-05-17T19:27:44.755273	726	3.60000000e+02
1.53543389e+01	2022-05-17T19:27:44.771204	727	4.03000000e+02
1.53654388e+01	2022-05-17T19:27:44.771204	728	3.62000000e+02
1.53878869e+01	2022-05-17T19:27:44.802123	729	3.59000000e+02
1.54158516e+01	2022-05-17T19:27:44.824308	730	3.52000000e+02
1.54172416e+01	2022-05-17T19:27:44.824308	731	3.59000000e+02
1.54269652e+01	2022-05-17T19:27:44.840456	732	3.61000000e+02
1.54353238e+01	2022-05-17T19:27:44.840456	733	3.67000000e+02
1.54552257e+01	2022-05-17T19:27:44.871200	734	3.68000000e+02
1.54822617e+01	2022-05-17T19:27:44.886851	735	3.59000000e+02
1.54883962e+01	2022-05-17T19:27:44.902455	736	3.61000000e+02
1.55006903e+01	2022-05-17T19:27:44.918574	737	3.67000000e+02
1.55081528e+01	2022-05-17T19:27:44.924579	738	3.60000000e+02
1.55175978e+01	2022-05-17T19:27:44.924579	739	3.60000000e+02
1.55396879e+01	2022-05-17T19:27:44.955850	740	3.52000000e+02
1.55657199e+01	2022-05-17T19:27:44.971484	741	3.60000000e+02
1.55741452e+01	2022-05-17T19:27:44.987522	742	3.62000000e+02
1.55827673e+01	2022-05-17T19:27:44.987522	743	3.61000000e+02
1.56079665e+01	2022-05-17T19:27:45.024872	744	3.65000000e+02
1.56290038e+01	2022-05-17T19:27:45.040533	745	3.60000000e+02
1.56396766e+01	2022-05-17T19:27:45.056617	746	3.60000000e+02
1.56483130e+01	2022-05-17T19:27:45.056617	747	3.62000000e+02
1.56722620e+01	2022-05-17T19:27:45.087387	748	3.68000000e+02
1.56839792e+01	2022-05-17T19:27:45.103027	749	3.60000000e+02
1.57010193e+01	2022-05-17T19:27:45.118683	750	3.60000000e+02
1.57095915e+01	2022-05-17T19:27:45.125490	751	3.64000000e+02
1.57179550e+01	2022-05-17T19:27:45.125490	752	3.48000000e+02
1.57302882e+01	2022-05-17T19:27:45.141117	753	3.61000000e+02
1.57525543e+01	2022-05-17T19:27:45.157042	754	3.59000000e+02
1.57634572e+01	2022-05-17T19:27:45.172395	755	3.60000000e+02
1.57885955e+01	2022-05-17T19:27:45.203641	756	3.60000000e+02
1.57957230e+01	2022-05-17T19:27:45.203641	757	3.61000000e+02
1.58076491e+01	2022-05-17T19:27:45.225768	758	3.52000000e+02
1.58163972e+01	2022-05-17T19:27:45.225768	759	3.60000000e+02
1.58410888e+01	2022-05-17T19:27:45.257017	760	3.77000000e+02
1.58686003e+01	2022-05-17T19:27:45.272674	761	3.62000000e+02
1.58774840e+01	2022-05-17T19:27:45.288297	762	3.62000000e+02
1.58885023e+01	2022-05-17T19:27:45.304444	763	3.61000000e+02
1.59126259e+01	2022-05-17T19:27:45.326130	764	3.62000000e+02
1.59330825e+01	2022-05-17T19:27:45.341792	765	3.60000000e+02
1.59432381e+01	2022-05-17T19:27:45.357609	766	3.60000000e+02
1.59577552e+01	2022-05-17T19:27:45.373257	767	3.60000000e+02
1.59742803e+01	2022-05-17T19:27:45.388645	768	3.61000000e+02
1.59969978e+01	2022-05-17T19:27:45.404295	769	3.74000000e+02
1.60046839e+01	2022-05-17T19:27:45.419904	770	3.60000000e+02
1.60167311e+01	2022-05-17T19:27:45.426671	771	3.61000000e+02
1.60263689e+01	2022-05-17T19:27:45.442519	772	4.07000000e+02
1.60371599e+01	2022-05-17T19:27:45.442519	773	3.75000000e+02
1.60645306e+01	2022-05-17T19:27:45.473564	774	3.91000000e+02
1.60793453e+01	2022-05-17T19:27:45.489778	775	3.62000000e+02
1.60902241e+01	2022-05-17T19:27:45.505687	776	3.60000000e+02
1.60987340e+01	2022-05-17T19:27:45.505687	777	3.68000000e+02
1.61223601e+01	2022-05-17T19:27:45.526588	778	3.89000000e+02
1.61437593e+01	2022-05-17T19:27:45.557874	779	3.61000000e+02
1.61559487e+01	2022-05-17T19:27:45.573633	780	3.61000000e+02
1.61643833e+01	2022-05-17T19:27:45.573633	781	3.62000000e+02
1.61903331e+01	2022-05-17T19:27:45.604724	782	3.70000000e+02
1.62115662e+01	2022-05-17T19:27:45.626912	783	3.60000000e+02
1.62250291e+01	2022-05-17T19:27:45.642577	784	3.60000000e+02
1.62293287e+01	2022-05-17T19:27:45.642577	785	3.77000000e+02
1.62381444e+01	2022-05-17T19:27:45.642577	786	3.74000000e+02
1.62501434e+01	2022-05-17T19:27:45.658454	787	3.60000000e+02
1.62746123e+01	2022-05-17T19:27:45.689402	788	3.72000000e+02
1.63009087e+01	2022-05-17T19:27:45.705059	789	3.61000000e+02
1.63115742e+01	2022-05-17T19:27:45.727421	790	3.63000000e+02
1.63200189e+01	2022-05-17T19:27:45.727421	791	3.87000000e+02
1.63419790e+01	2022-05-17T19:27:45.758692	792	3.60000000e+02
1.63507773e+01	2022-05-17T19:27:45.758692	793	3.61000000e+02
1.63710261e+01	2022-05-17T19:27:45.789914	794	3.63000000e+02
1.63818265e+01	2022-05-17T19:27:45.789914	795	3.62000000e+02
1.63935561e+01	2022-05-17T19:27:45.805533	796	3.62000000e+02
1.64020111e+01	2022-05-17T19:27:45.821152	797	3.59000000e+02
1.64220209e+01	2022-05-17T19:27:45.827697	798	3.60000000e+02
1.64306303e+01	2022-05-17T19:27:45.843352	799	3.48000000e+02
1.64506984e+01	2022-05-17T19:27:45.858980	800	3.60000000e+02
1.64550685e+01	2022-05-17T19:27:45.858980	801	3.62000000e+02
1.64632508e+01	2022-05-17T19:27:45.874626	802	3.78000000e+02
1.64908048e+01	2022-05-17T19:27:45.905832	803	3.61000000e+02
1.65189410e+01	2022-05-17T19:27:45.928021	804	3.59000000e+02
1.65287046e+01	2022-05-17T19:27:45.944127	805	3.48000000e+02
1.65371248e+01	2022-05-17T19:27:45.944127	806	3.62000000e+02
1.65654077e+01	2022-05-17T19:27:45.974913	807	3.59000000e+02
1.65862471e+01	2022-05-17T19:27:45.990546	808	3.60000000e+02
1.65983248e+01	2022-05-17T19:27:46.006131	809	3.60000000e+02
1.66229056e+01	2022-05-17T19:27:46.028362	810	3.60000000e+02
1.66498402e+01	2022-05-17T19:27:46.059653	811	3.61000000e+02
1.66555496e+01	2022-05-17T19:27:46.059653	812	3.52000000e+02
1.66640414e+01	2022-05-17T19:27:46.075230	813	3.60000000e+02
1.66906493e+01	2022-05-17T19:27:46.106473	814	3.61000000e+02
1.67177244e+01	2022-05-17T19:27:46.128675	815	3.60000000e+02
1.67204484e+01	2022-05-17T19:27:46.128675	816	3.62000000e+02
1.67298599e+01	2022-05-17T19:27:46.144824	817	3.99000000e+02
1.67642055e+01	2022-05-17T19:27:46.175569	818	3.61000000e+02
1.67865485e+01	2022-05-17T19:27:46.191193	819	3.65000000e+02
1.67943761e+01	2022-05-17T19:27:46.206816	820	3.61000000e+02
1.68033807e+01	2022-05-17T19:27:46.222412	821	3.62000000e+02
1.68153770e+01	2022-05-17T19:27:46.229298	822	3.60000000e+02
1.68238070e+01	2022-05-17T19:27:46.229298	823	3.61000000e+02
1.68511464e+01	2022-05-17T19:27:46.260571	824	3.64000000e+02
1.68718821e+01	2022-05-17T19:27:46.276203	825	3.59000000e+02
1.68811243e+01	2022-05-17T19:27:46.292145	826	3.70000000e+02
1.69038780e+01	2022-05-17T19:27:46.308316	827	3.59000000e+02
1.69144836e+01	2022-05-17T19:27:46.329519	828	3.64000000e+02
1.69285466e+01	2022-05-17T19:27:46.345187	829	3.60000000e+02
1.69381830e+01	2022-05-17T19:27:46.345187	830	3.60000000e+02
1.69465380e+01	2022-05-17T19:27:46.361222	831	3.60000000e+02
1.69589245e+01	2022-05-17T19:27:46.376639	832	3.48000000e+02
1.69711425e+01	2022-05-17T19:27:46.376639	833	3.62000000e+02
1.69831832e+01	2022-05-17T19:27:46.392455	834	3.60000000e+02
1.70041190e+01	2022-05-17T19:27:46.423275	835	3.70000000e+02
1.70274163e+01	2022-05-17T19:27:46.445476	836	3.99000000e+02
1.70355969e+01	2022-05-17T19:27:46.445476	837	3.74000000e+02
1.70449765e+01	2022-05-17T19:27:46.461585	838	3.71000000e+02
1.70569739e+01	2022-05-17T19:27:46.461585	839	3.62000000e+02
1.70750734e+01	2022-05-17T19:27:46.492947	840	3.52000000e+02
1.71002074e+01	2022-05-17T19:27:46.508613	841	3.64000000e+02
1.71058267e+01	2022-05-17T19:27:46.524267	842	3.61000000e+02
1.71143814e+01	2022-05-17T19:27:46.530382	843	3.65000000e+02
1.71227815e+01	2022-05-17T19:27:46.530382	844	3.61000000e+02
1.71437245e+01	2022-05-17T19:27:46.561665	845	3.60000000e+02
1.71717990e+01	2022-05-17T19:27:46.577288	846	3.59000000e+02
1.71756209e+01	2022-05-17T19:27:46.593286	847	3.77000000e+02
1.71841978e+01	2022-05-17T19:27:46.593286	848	3.60000000e+02
1.72134313e+01	2022-05-17T19:27:46.630306	849	3.63000000e+02
1.72293762e+01	2022-05-17T19:27:46.645974	850	3.61000000e+02
1.72422039e+01	2022-05-17T19:27:46.661554	851	3.67000000e+02
1.72536057e+01	2022-05-17T19:27:46.661554	852	3.52000000e+02
1.72751229e+01	2022-05-17T19:27:46.692834	853	3.77000000e+02
1.73026211e+01	2022-05-17T19:27:46.708455	854	3.60000000e+02
1.73109921e+01	2022-05-17T19:27:46.724338	855	3.60000000e+02
1.73193947e+01	2022-05-17T19:27:46.730382	856	3.63000000e+02
1.73424912e+01	2022-05-17T19:27:46.761654	857	3.60000000e+02
1.73649126e+01	2022-05-17T19:27:46.777292	858	3.48000000e+02
1.73739798e+01	2022-05-17T19:27:46.792900	859	3.59000000e+02
1.73845691e+01	2022-05-17T19:27:46.792900	860	3.66000000e+02
1.73927247e+01	2022-05-17T19:27:46.808804	861	3.61000000e+02
1.74013333e+01	2022-05-17T19:27:46.808804	862	3.64000000e+02
1.74212802e+01	2022-05-17T19:27:46.830544	863	3.75000000e+02
1.74494483e+01	2022-05-17T19:27:46.861826	864	3.60000000e+02
1.74584009e+01	2022-05-17T19:27:46.877447	865	3.60000000e+02
1.74670974e+01	2022-05-17T19:27:46.877447	866	3.64000000e+02
1.74894984e+01	2022-05-17T19:27:46.908654	867	3.62000000e+02
1.74983617e+01	2022-05-17T19:27:46.908654	868	3.61000000e+02
1.75189860e+01	2022-05-17T19:27:46.930864	869	3.63000000e+02
1.75234796e+01	2022-05-17T19:27:46.930864	870	3.61000000e+02
1.75322072e+01	2022-05-17T19:27:46.947075	871	3.60000000e+02
1.75405924e+01	2022-05-17T19:27:46.947075	872	3.74000000e+02
1.75592636e+01	2022-05-17T19:27:46.977766	873	3.63000000e+02
1.75816497e+01	2022-05-17T19:27:46.993396	874	3.73000000e+02
1.75895498e+01	2022-05-17T19:27:46.993396	875	3.63000000e+02
1.76017595e+01	2022-05-17T19:27:47.009034	876	3.48000000e+02
1.76216946e+01	2022-05-17T19:27:47.031003	877	3.71000000e+02
1.76437909e+01	2022-05-17T19:27:47.062323	878	3.86000000e+02
1.76548807e+01	2022-05-17T19:27:47.062323	879	3.60000000e+02
1.76632643e+01	2022-05-17T19:27:47.078446	880	3.52000000e+02
1.76754820e+01	2022-05-17T19:27:47.093494	881	3.64000000e+02
1.76838505e+01	2022-05-17T19:27:47.093494	882	4.05000000e+02
1.77064711e+01	2022-05-17T19:27:47.124808	883	3.60000000e+02
1.77348390e+01	2022-05-17T19:27:47.147059	884	3.52000000e+02
1.77456996e+01	2022-05-17T19:27:47.163169	885	3.77000000e+02
1.77571049e+01	2022-05-17T19:27:47.163169	886	3.79000000e+02
1.77748750e+01	2022-05-17T19:27:47.193907	887	3.60000000e+02
1.77802079e+01	2022-05-17T19:27:47.193907	888	3.60000000e+02
1.78033472e+01	2022-05-17T19:27:47.209547	889	3.71000000e+02
1.78104968e+01	2022-05-17T19:27:47.225163	890	3.60000000e+02
1.78188241e+01	2022-05-17T19:27:47.232088	891	3.64000000e+02
1.78271108e+01	2022-05-17T19:27:47.232088	892	3.60000000e+02
1.78468457e+01	2022-05-17T19:27:47.263363	893	3.60000000e+02
1.78678153e+01	2022-05-17T19:27:47.278995	894	3.61000000e+02
1.78758758e+01	2022-05-17T19:27:47.294623	895	3.52000000e+02
1.78846243e+01	2022-05-17T19:27:47.294623	896	3.61000000e+02
1.79076229e+01	2022-05-17T19:27:47.326755	897	3.52000000e+02
1.79172961e+01	2022-05-17T19:27:47.332288	898	3.61000000e+02
1.79390400e+01	2022-05-17T19:27:47.347954	899	3.60000000e+02
1.79497071e+01	2022-05-17T19:27:47.363842	900	3.62000000e+02
1.79579718e+01	2022-05-17T19:27:47.363842	901	3.84000000e+02
1.79845624e+01	2022-05-17T19:27:47.394819	902	3.61000000e+02
1.80056446e+01	2022-05-17T19:27:47.410435	903	3.60000000e+02
1.80150941e+01	2022-05-17T19:27:47.432667	904	3.61000000e+02
1.80233521e+01	2022-05-17T19:27:47.432667	905	3.89000000e+02
1.80465671e+01	2022-05-17T19:27:47.463939	906	3.59000000e+02
1.80692993e+01	2022-05-17T19:27:47.479574	907	3.70000000e+02
1.80805969e+01	2022-05-17T19:27:47.497899	908	3.61000000e+02
1.80891492e+01	2022-05-17T19:27:47.497899	909	3.69000000e+02
1.80973487e+01	2022-05-17T19:27:47.514072	910	3.61000000e+02
1.81051257e+01	2022-05-17T19:27:47.514072	911	3.60000000e+02
1.81267365e+01	2022-05-17T19:27:47.532717	912	3.99000000e+02
1.81492460e+01	2022-05-17T19:27:47.564004	913	3.62000000e+02
1.81586265e+01	2022-05-17T19:27:47.564004	914	3.60000000e+02
1.81668652e+01	2022-05-17T19:27:47.579942	915	4.10000000e+02
1.81752039e+01	2022-05-17T19:27:47.579942	916	3.61000000e+02
1.81952932e+01	2022-05-17T19:27:47.610881	917	3.59000000e+02
1.82234786e+01	2022-05-17T19:27:47.633063	918	3.71000000e+02
1.82325725e+01	2022-05-17T19:27:47.648812	919	3.62000000e+02
1.82449611e+01	2022-05-17T19:27:47.648812	920	3.75000000e+02
1.82688648e+01	2022-05-17T19:27:47.680007	921	3.59000000e+02
1.82927574e+01	2022-05-17T19:27:47.711174	922	3.63000000e+02
1.83020285e+01	2022-05-17T19:27:47.711174	923	3.61000000e+02
1.83103205e+01	2022-05-17T19:27:47.727328	924	3.71000000e+02
1.83187370e+01	2022-05-17T19:27:47.733915	925	3.60000000e+02
1.83417388e+01	2022-05-17T19:27:47.749544	926	3.61000000e+02
1.83482674e+01	2022-05-17T19:27:47.765191	927	3.61000000e+02
1.83757649e+01	2022-05-17T19:27:47.780819	928	3.65000000e+02
1.83842286e+01	2022-05-17T19:27:47.796774	929	3.60000000e+02
1.84127815e+01	2022-05-17T19:27:47.827672	930	3.67000000e+02
1.84184838e+01	2022-05-17T19:27:47.834178	931	3.52000000e+02
1.84408407e+01	2022-05-17T19:27:47.849803	932	3.52000000e+02
1.84496086e+01	2022-05-17T19:27:47.865985	933	3.60000000e+02
1.84575051e+01	2022-05-17T19:27:47.865985	934	4.06000000e+02
1.84793003e+01	2022-05-17T19:27:47.896758	935	3.63000000e+02
1.85074210e+01	2022-05-17T19:27:47.912323	936	3.60000000e+02
1.85107139e+01	2022-05-17T19:27:47.927909	937	3.59000000e+02
1.85192892e+01	2022-05-17T19:27:47.934989	938	3.66000000e+02
1.85275834e+01	2022-05-17T19:27:47.934989	939	3.61000000e+02
1.85508740e+01	2022-05-17T19:27:47.966261	940	3.60000000e+02
1.85732454e+01	2022-05-17T19:27:47.981919	941	3.84000000e+02
1.85847462e+01	2022-05-17T19:27:47.997535	942	3.61000000e+02
1.85969143e+01	2022-05-17T19:27:48.013595	943	3.60000000e+02
1.86053254e+01	2022-05-17T19:27:48.013595	944	3.65000000e+02
1.86257508e+01	2022-05-17T19:27:48.035324	945	3.59000000e+02
1.86545651e+01	2022-05-17T19:27:48.066607	946	4.02000000e+02
1.86584718e+01	2022-05-17T19:27:48.066607	947	3.95000000e+02
1.86666463e+01	2022-05-17T19:27:48.082773	948	3.61000000e+02
1.86749416e+01	2022-05-17T19:27:48.082773	949	3.60000000e+02
1.86968446e+01	2022-05-17T19:27:48.113459	950	3.95000000e+02
1.87248887e+01	2022-05-17T19:27:48.135638	951	3.99000000e+02
1.87362793e+01	2022-05-17T19:27:48.151674	952	3.60000000e+02
1.87448095e+01	2022-05-17T19:27:48.151674	953	3.60000000e+02
1.87649540e+01	2022-05-17T19:27:48.182572	954	3.61000000e+02
1.87983155e+01	2022-05-17T19:27:48.213754	955	3.60000000e+02
1.88058263e+01	2022-05-17T19:27:48.213754	956	4.06000000e+02
1.88137141e+01	2022-05-17T19:27:48.229961	957	3.71000000e+02
1.88236375e+01	2022-05-17T19:27:48.236044	958	3.60000000e+02
1.88472663e+01	2022-05-17T19:27:48.252229	959	3.60000000e+02
1.88806552e+01	2022-05-17T19:27:48.298571	960	3.60000000e+02
1.88918444e+01	2022-05-17T19:27:48.298571	961	3.68000000e+02
1.89001934e+01	2022-05-17T19:27:48.315266	962	3.60000000e+02
1.89083600e+01	2022-05-17T19:27:48.315266	963	3.77000000e+02
1.89309355e+01	2022-05-17T19:27:48.336016	964	3.60000000e+02
1.89549422e+01	2022-05-17T19:27:48.368485	965	3.72000000e+02
1.89657253e+01	2022-05-17T19:27:48.384170	966	3.78000000e+02
1.89779683e+01	2022-05-17T19:27:48.384170	967	3.60000000e+02
1.89990248e+01	2022-05-17T19:27:48.415378	968	3.72000000e+02
1.90270216e+01	2022-05-17T19:27:48.436062	969	3.59000000e+02
1.90311589e+01	2022-05-17T19:27:48.436062	970	3.88000000e+02
1.90392120e+01	2022-05-17T19:27:48.452112	971	3.65000000e+02
1.90481249e+01	2022-05-17T19:27:48.467309	972	3.77000000e+02
1.90732766e+01	2022-05-17T19:27:48.482955	973	3.59000000e+02
1.90965432e+01	2022-05-17T19:27:48.515079	974	3.60000000e+02
1.91047334e+01	2022-05-17T19:27:48.515079	975	3.63000000e+02
1.91139856e+01	2022-05-17T19:27:48.531224	976	3.88000000e+02
1.91253452e+01	2022-05-17T19:27:48.536763	977	3.62000000e+02
1.91416519e+01	2022-05-17T19:27:48.552425	978	3.60000000e+02
1.91721112e+01	2022-05-17T19:27:48.583710	979	3.59000000e+02
1.91809216e+01	2022-05-17T19:27:48.599302	980	3.59000000e+02
1.91868671e+01	2022-05-17T19:27:48.599302	981	3.60000000e+02
1.91989920e+01	2022-05-17T19:27:48.615374	982	3.75000000e+02
1.92066969e+01	2022-05-17T19:27:48.615374	983	3.91000000e+02
1.92298677e+01	2022-05-17T19:27:48.637168	984	3.64000000e+02
1.92565634e+01	2022-05-17T19:27:48.668490	985	3.77000000e+02
1.92715967e+01	2022-05-17T19:27:48.684092	986	3.63000000e+02
1.92812448e+01	2022-05-17T19:27:48.699659	987	3.63000000e+02
1.92932040e+01	2022-05-17T19:27:48.699659	988	3.61000000e+02
1.93145329e+01	2022-05-17T19:27:48.730935	989	3.60000000e+02
1.93384309e+01	2022-05-17T19:27:48.753220	990	3.63000000e+02
1.93461017e+01	2022-05-17T19:27:48.753220	991	3.60000000e+02
1.93544976e+01	2022-05-17T19:27:48.769335	992	3.64000000e+02
1.93631266e+01	2022-05-17T19:27:48.769335	993	3.64000000e+02
1.93829756e+01	2022-05-17T19:27:48.800043	994	3.69000000e+02
1.94059815e+01	2022-05-17T19:27:48.815702	995	3.65000000e+02
1.94132640e+01	2022-05-17T19:27:48.831296	996	3.62000000e+02
1.94159878e+01	2022-05-17T19:27:48.831296	997	3.83000000e+02
1.94243158e+01	2022-05-17T19:27:48.838157	998	3.89000000e+02
1.94324816e+01	2022-05-17T19:27:48.838157	999	3.63000000e+02
1.94406417e+01	2022-05-17T19:27:48.854141	1000	3.61000000e+02