Time elapsed	Time stamp	Loop Index	GP2Y ADC
s			Cts

5.00443330e+00	2022-05-17T19:28:10.318897	1	3.12000000e+02
5.01404430e+00	2022-05-17T19:28:10.318897	2	3.16000000e+02
5.02609200e+00	2022-05-17T19:28:10.334377	3	3.17000000e+02
5.04343350e+00	2022-05-17T19:28:10.349509	4	3.17000000e+02
5.05264530e+00	2022-05-17T19:28:10.365127	5	3.16000000e+02
5.07669200e+00	2022-05-17T19:28:10.385315	6	3.39000000e+02
5.08676530e+00	2022-05-17T19:28:10.400991	7	3.18000000e+02
5.09847920e+00	2022-05-17T19:28:10.400991	8	3.12000000e+02
5.10856020e+00	2022-05-17T19:28:10.417036	9	3.23000000e+02
5.12920780e+00	2022-05-17T19:28:10.432365	10	3.12000000e+02
5.13875940e+00	2022-05-17T19:28:10.447820	11	3.18000000e+02
5.15727650e+00	2022-05-17T19:28:10.469941	12	3.13000000e+02
5.16126960e+00	2022-05-17T19:28:10.469941	13	3.17000000e+02
5.16911680e+00	2022-05-17T19:28:10.469941	14	3.16000000e+02
5.17782340e+00	2022-05-17T19:28:10.487086	15	3.21000000e+02
5.20508930e+00	2022-05-17T19:28:10.518358	16	3.22000000e+02
5.21875080e+00	2022-05-17T19:28:10.533992	17	3.28000000e+02
5.22472520e+00	2022-05-17T19:28:10.533992	18	3.15000000e+02
5.23481130e+00	2022-05-17T19:28:10.549576	19	3.12000000e+02
5.24333960e+00	2022-05-17T19:28:10.549576	20	3.15000000e+02
5.26849840e+00	2022-05-17T19:28:10.570024	21	3.16000000e+02
5.28626180e+00	2022-05-17T19:28:10.601298	22	3.16000000e+02
5.29211360e+00	2022-05-17T19:28:10.601298	23	3.15000000e+02
5.30227060e+00	2022-05-17T19:28:10.616934	24	3.12000000e+02
5.31335290e+00	2022-05-17T19:28:10.616934	25	3.25000000e+02
5.33429080e+00	2022-05-17T19:28:10.648162	26	3.63000000e+02
5.34762160e+00	2022-05-17T19:28:10.648162	27	3.17000000e+02
5.35792360e+00	2022-05-17T19:28:10.670673	28	3.16000000e+02
5.36596570e+00	2022-05-17T19:28:10.670673	29	3.16000000e+02
5.37391970e+00	2022-05-17T19:28:10.686842	30	3.25000000e+02
5.38257520e+00	2022-05-17T19:28:10.686842	31	3.31000000e+02
5.40349380e+00	2022-05-17T19:28:10.717568	32	3.11000000e+02
5.42212890e+00	2022-05-17T19:28:10.733206	33	3.36000000e+02
5.42803910e+00	2022-05-17T19:28:10.733206	34	3.13000000e+02
5.43989240e+00	2022-05-17T19:28:10.748786	35	3.12000000e+02
5.44870610e+00	2022-05-17T19:28:10.764414	36	3.12000000e+02
5.46688130e+00	2022-05-17T19:28:10.770960	37	3.26000000e+02
5.48775650e+00	2022-05-17T19:28:10.802244	38	3.14000000e+02
5.49726890e+00	2022-05-17T19:28:10.802244	39	3.16000000e+02
5.50947910e+00	2022-05-17T19:28:10.818343	40	3.27000000e+02
5.51733000e+00	2022-05-17T19:28:10.818343	41	3.16000000e+02
5.53334640e+00	2022-05-17T19:28:10.849070	42	3.18000000e+02
5.54917100e+00	2022-05-17T19:28:10.864692	43	3.04000000e+02
5.55745740e+00	2022-05-17T19:28:10.871238	44	3.16000000e+02
5.56665460e+00	2022-05-17T19:28:10.871238	45	3.12000000e+02
5.57503230e+00	2022-05-17T19:28:10.887417	46	3.15000000e+02
5.58365890e+00	2022-05-17T19:28:10.887417	47	3.12000000e+02
5.60299610e+00	2022-05-17T19:28:10.918151	48	3.47000000e+02
5.62012920e+00	2022-05-17T19:28:10.933790	49	3.16000000e+02
5.62831250e+00	2022-05-17T19:28:10.933790	50	3.38000000e+02
5.63647020e+00	2022-05-17T19:28:10.949681	51	3.12000000e+02
5.64481080e+00	2022-05-17T19:28:10.949681	52	3.12000000e+02
5.66590960e+00	2022-05-17T19:28:10.971472	53	3.17000000e+02
5.67369500e+00	2022-05-17T19:28:10.987127	54	3.13000000e+02
5.68667280e+00	2022-05-17T19:28:10.987127	55	3.16000000e+02
5.69800980e+00	2022-05-17T19:28:11.002756	56	3.19000000e+02
5.71958030e+00	2022-05-17T19:28:11.033989	57	3.15000000e+02
5.73849530e+00	2022-05-17T19:28:11.049619	58	3.24000000e+02
5.74742700e+00	2022-05-17T19:28:11.049619	59	3.36000000e+02
5.75924320e+00	2022-05-17T19:28:11.071883	60	3.21000000e+02
5.76741090e+00	2022-05-17T19:28:11.071883	61	3.13000000e+02
5.79029880e+00	2022-05-17T19:28:11.103155	62	3.11000000e+02
5.80855970e+00	2022-05-17T19:28:11.118791	63	3.27000000e+02
5.81637650e+00	2022-05-17T19:28:11.118791	64	3.16000000e+02
5.82498770e+00	2022-05-17T19:28:11.134852	65	3.17000000e+02
5.85038820e+00	2022-05-17T19:28:11.165673	66	3.16000000e+02
5.86943200e+00	2022-05-17T19:28:11.172222	67	3.16000000e+02
5.87818830e+00	2022-05-17T19:28:11.188352	68	3.33000000e+02
5.88596630e+00	2022-05-17T19:28:11.188352	69	3.59000000e+02
5.90777200e+00	2022-05-17T19:28:11.219115	70	3.17000000e+02
5.91975140e+00	2022-05-17T19:28:11.234752	71	3.16000000e+02
5.92731720e+00	2022-05-17T19:28:11.234752	72	3.17000000e+02
5.93907850e+00	2022-05-17T19:28:11.250332	73	3.18000000e+02
5.94845860e+00	2022-05-17T19:28:11.250332	74	3.16000000e+02
5.96822710e+00	2022-05-17T19:28:11.272311	75	3.16000000e+02
5.98764340e+00	2022-05-17T19:28:11.303658	76	3.25000000e+02
5.98914930e+00	2022-05-17T19:28:11.304188	77	3.12000000e+02
6.00043980e+00	2022-05-17T19:28:11.304188	78	3.15000000e+02
6.00924630e+00	2022-05-17T19:28:11.320348	79	3.13000000e+02
6.01733760e+00	2022-05-17T19:28:11.320348	80	3.12000000e+02
6.03860950e+00	2022-05-17T19:28:11.351081	81	3.36000000e+02
6.05140750e+00	2022-05-17T19:28:11.366714	82	3.16000000e+02
6.06911860e+00	2022-05-17T19:28:11.372783	83	3.16000000e+02
6.07874820e+00	2022-05-17T19:28:11.388910	84	3.17000000e+02
6.08697490e+00	2022-05-17T19:28:11.388910	85	3.31000000e+02
6.10587420e+00	2022-05-17T19:28:11.419693	86	3.11000000e+02
6.11977340e+00	2022-05-17T19:28:11.435310	87	3.39000000e+02
6.12745890e+00	2022-05-17T19:28:11.435310	88	3.13000000e+02
6.13622770e+00	2022-05-17T19:28:11.450894	89	3.12000000e+02
6.14450160e+00	2022-05-17T19:28:11.450894	90	3.17000000e+02
6.16607960e+00	2022-05-17T19:28:11.473003	91	3.21000000e+02
6.17983960e+00	2022-05-17T19:28:11.489275	92	3.25000000e+02
6.18949000e+00	2022-05-17T19:28:11.504973	93	3.17000000e+02
6.20116920e+00	2022-05-17T19:28:11.504973	94	3.20000000e+02
6.22473140e+00	2022-05-17T19:28:11.536179	95	3.11000000e+02
6.24410570e+00	2022-05-17T19:28:11.551801	96	3.21000000e+02
6.25423620e+00	2022-05-17T19:28:11.567882	97	3.13000000e+02
6.26315950e+00	2022-05-17T19:28:11.573351	98	3.17000000e+02
6.28924730e+00	2022-05-17T19:28:11.604632	99	3.17000000e+02
6.30868250e+00	2022-05-17T19:28:11.620258	100	3.19000000e+02
6.32036460e+00	2022-05-17T19:28:11.635873	101	3.18000000e+02
6.32882940e+00	2022-05-17T19:28:11.635873	102	3.41000000e+02
6.35123810e+00	2022-05-17T19:28:11.667083	103	3.32000000e+02
6.37075010e+00	2022-05-17T19:28:11.673622	104	3.29000000e+02
6.38185660e+00	2022-05-17T19:28:11.689738	105	3.15000000e+02
6.39863350e+00	2022-05-17T19:28:11.704872	106	3.15000000e+02
6.40957050e+00	2022-05-17T19:28:11.720516	107	3.21000000e+02
6.42287030e+00	2022-05-17T19:28:11.736151	108	3.15000000e+02
6.43074240e+00	2022-05-17T19:28:11.736151	109	3.13000000e+02
6.43923060e+00	2022-05-17T19:28:11.752271	110	3.21000000e+02
6.44844090e+00	2022-05-17T19:28:11.752271	111	3.15000000e+02
6.46948050e+00	2022-05-17T19:28:11.773746	112	3.22000000e+02
6.48773290e+00	2022-05-17T19:28:11.789410	113	3.19000000e+02
6.49242200e+00	2022-05-17T19:28:11.804993	114	3.17000000e+02
6.50036240e+00	2022-05-17T19:28:11.804993	115	3.16000000e+02
6.52261890e+00	2022-05-17T19:28:11.836260	116	3.16000000e+02
6.53543950e+00	2022-05-17T19:28:11.836260	117	3.16000000e+02
6.54557410e+00	2022-05-17T19:28:11.851895	118	3.27000000e+02
6.55351970e+00	2022-05-17T19:28:11.867983	119	3.20000000e+02
6.56217080e+00	2022-05-17T19:28:11.874539	120	3.26000000e+02
6.57040440e+00	2022-05-17T19:28:11.874539	121	3.17000000e+02
6.59189960e+00	2022-05-17T19:28:11.905811	122	3.20000000e+02
6.61098720e+00	2022-05-17T19:28:11.921407	123	3.15000000e+02
6.61473350e+00	2022-05-17T19:28:11.921407	124	3.16000000e+02
6.62312040e+00	2022-05-17T19:28:11.937631	125	3.17000000e+02
6.63236130e+00	2022-05-17T19:28:11.937631	126	3.23000000e+02
6.65443500e+00	2022-05-17T19:28:11.968296	127	3.11000000e+02
6.67449090e+00	2022-05-17T19:28:11.990541	128	3.14000000e+02
6.68092480e+00	2022-05-17T19:28:11.990541	129	2.97000000e+02
6.68923020e+00	2022-05-17T19:28:11.990541	130	3.12000000e+02
6.70079940e+00	2022-05-17T19:28:12.006464	131	3.19000000e+02
6.72409370e+00	2022-05-17T19:28:12.037325	132	3.12000000e+02
6.74352020e+00	2022-05-17T19:28:12.052987	133	3.21000000e+02
6.75013600e+00	2022-05-17T19:28:12.052987	134	3.12000000e+02
6.75876520e+00	2022-05-17T19:28:12.069066	135	3.16000000e+02
6.76675140e+00	2022-05-17T19:28:12.075070	136	3.17000000e+02
6.77532940e+00	2022-05-17T19:28:12.090731	137	3.16000000e+02
6.79688600e+00	2022-05-17T19:28:12.106341	138	3.16000000e+02
6.80928360e+00	2022-05-17T19:28:12.121939	139	3.12000000e+02
6.82011790e+00	2022-05-17T19:28:12.121939	140	3.13000000e+02
6.82834290e+00	2022-05-17T19:28:12.138009	141	3.24000000e+02
6.85594220e+00	2022-05-17T19:28:12.168827	142	3.16000000e+02
6.85942660e+00	2022-05-17T19:28:12.175332	143	3.29000000e+02
6.87298410e+00	2022-05-17T19:28:12.175332	144	3.16000000e+02
6.88129370e+00	2022-05-17T19:28:12.190993	145	3.21000000e+02
6.88998110e+00	2022-05-17T19:28:12.190993	146	3.17000000e+02
6.90208220e+00	2022-05-17T19:28:12.206963	147	3.16000000e+02
6.92363070e+00	2022-05-17T19:28:12.237850	148	3.15000000e+02
6.94383640e+00	2022-05-17T19:28:12.253483	149	3.12000000e+02
6.95135160e+00	2022-05-17T19:28:12.253483	150	3.23000000e+02
6.96350470e+00	2022-05-17T19:28:12.275991	151	3.13000000e+02
6.97166290e+00	2022-05-17T19:28:12.275991	152	3.50000000e+02
6.99456090e+00	2022-05-17T19:28:12.307263	153	3.12000000e+02
7.01606950e+00	2022-05-17T19:28:12.323432	154	3.19000000e+02
7.02551230e+00	2022-05-17T19:28:12.339739	155	3.27000000e+02
7.03725550e+00	2022-05-17T19:28:12.339739	156	3.25000000e+02
7.04555260e+00	2022-05-17T19:28:12.355153	157	3.16000000e+02
7.07314500e+00	2022-05-17T19:28:12.376314	158	3.17000000e+02
7.08206610e+00	2022-05-17T19:28:12.391979	159	3.16000000e+02
7.08989410e+00	2022-05-17T19:28:12.391979	160	3.25000000e+02
7.10342570e+00	2022-05-17T19:28:12.408052	161	3.63000000e+02
7.11510430e+00	2022-05-17T19:28:12.423730	162	3.16000000e+02
7.12344370e+00	2022-05-17T19:28:12.438875	163	3.12000000e+02
7.14378450e+00	2022-05-17T19:28:12.454461	164	3.18000000e+02
7.15253950e+00	2022-05-17T19:28:12.454461	165	3.16000000e+02
7.16679500e+00	2022-05-17T19:28:12.476635	166	3.30000000e+02
7.17663630e+00	2022-05-17T19:28:12.492382	167	3.37000000e+02
7.18881290e+00	2022-05-17T19:28:12.492886	168	3.14000000e+02
7.21533500e+00	2022-05-17T19:28:12.524156	169	3.18000000e+02
7.21802770e+00	2022-05-17T19:28:12.524156	170	3.17000000e+02
7.22638790e+00	2022-05-17T19:28:12.539753	171	3.17000000e+02
7.24222330e+00	2022-05-17T19:28:12.555410	172	3.16000000e+02
7.25429640e+00	2022-05-17T19:28:12.555410	173	3.13000000e+02
7.26256370e+00	2022-05-17T19:28:12.577139	174	3.27000000e+02
7.27095840e+00	2022-05-17T19:28:12.577139	175	3.12000000e+02
7.29432430e+00	2022-05-17T19:28:12.608412	176	3.26000000e+02
7.29687720e+00	2022-05-17T19:28:12.608412	177	3.17000000e+02
7.31645630e+00	2022-05-17T19:28:12.624047	178	3.16000000e+02
7.32799100e+00	2022-05-17T19:28:12.640033	179	3.29000000e+02
7.33615920e+00	2022-05-17T19:28:12.640033	180	3.17000000e+02
7.35982900e+00	2022-05-17T19:28:12.670897	181	2.96000000e+02
7.38049760e+00	2022-05-17T19:28:12.693097	182	3.27000000e+02
7.38955640e+00	2022-05-17T19:28:12.693097	183	3.15000000e+02
7.40173450e+00	2022-05-17T19:28:12.709183	184	3.12000000e+02
7.42676030e+00	2022-05-17T19:28:12.739945	185	3.14000000e+02
7.43611760e+00	2022-05-17T19:28:12.739945	186	3.12000000e+02
7.44997740e+00	2022-05-17T19:28:12.755581	187	3.19000000e+02
7.45903670e+00	2022-05-17T19:28:12.771614	188	3.13000000e+02
7.46675540e+00	2022-05-17T19:28:12.778121	189	3.14000000e+02
7.47610510e+00	2022-05-17T19:28:12.778121	190	3.29000000e+02
7.50572820e+00	2022-05-17T19:28:12.809393	191	3.12000000e+02
7.51911060e+00	2022-05-17T19:28:12.825032	192	3.25000000e+02
7.52868540e+00	2022-05-17T19:28:12.841053	193	3.04000000e+02
7.53697120e+00	2022-05-17T19:28:12.841053	194	3.19000000e+02
7.56093930e+00	2022-05-17T19:28:12.871878	195	3.36000000e+02
7.58181780e+00	2022-05-17T19:28:12.894079	196	3.16000000e+02
7.59016160e+00	2022-05-17T19:28:12.894079	197	3.11000000e+02
7.59864280e+00	2022-05-17T19:28:12.910184	198	3.16000000e+02
7.60659040e+00	2022-05-17T19:28:12.910184	199	3.12000000e+02
7.62874060e+00	2022-05-17T19:28:12.940934	200	3.16000000e+02
7.64854640e+00	2022-05-17T19:28:12.956560	201	3.21000000e+02
7.65097940e+00	2022-05-17T19:28:12.956560	202	3.21000000e+02
7.65970400e+00	2022-05-17T19:28:12.972735	203	3.23000000e+02
7.66831970e+00	2022-05-17T19:28:12.979251	204	3.12000000e+02
7.69473680e+00	2022-05-17T19:28:13.010523	205	3.13000000e+02
7.70134840e+00	2022-05-17T19:28:13.010523	206	3.16000000e+02
7.71676720e+00	2022-05-17T19:28:13.026161	207	3.11000000e+02
7.72475650e+00	2022-05-17T19:28:13.026161	208	3.04000000e+02
7.73326140e+00	2022-05-17T19:28:13.042174	209	3.12000000e+02
7.75150210e+00	2022-05-17T19:28:13.057425	210	3.13000000e+02
7.75859930e+00	2022-05-17T19:28:13.073022	211	3.24000000e+02
7.77312320e+00	2022-05-17T19:28:13.079567	212	3.27000000e+02
7.78226190e+00	2022-05-17T19:28:13.095228	213	3.15000000e+02
7.79104590e+00	2022-05-17T19:28:13.095228	214	3.16000000e+02
7.80351500e+00	2022-05-17T19:28:13.111346	215	3.18000000e+02
7.81527230e+00	2022-05-17T19:28:13.126434	216	3.17000000e+02
7.82373850e+00	2022-05-17T19:28:13.126434	217	3.17000000e+02
7.84322920e+00	2022-05-17T19:28:13.157738	218	3.00000000e+02
7.86356080e+00	2022-05-17T19:28:13.173344	219	3.15000000e+02
7.86871220e+00	2022-05-17T19:28:13.179891	220	3.18000000e+02
7.87698150e+00	2022-05-17T19:28:13.179891	221	3.04000000e+02
7.88929100e+00	2022-05-17T19:28:13.195819	222	3.17000000e+02
7.91195890e+00	2022-05-17T19:28:13.226822	223	3.16000000e+02
7.93341610e+00	2022-05-17T19:28:13.242421	224	3.19000000e+02
7.94219400e+00	2022-05-17T19:28:13.258044	225	3.12000000e+02
7.95147790e+00	2022-05-17T19:28:13.258044	226	3.17000000e+02
7.97317040e+00	2022-05-17T19:28:13.280163	227	3.11000000e+02
7.99406480e+00	2022-05-17T19:28:13.295819	228	3.00000000e+02
8.00381150e+00	2022-05-17T19:28:13.312434	229	3.51000000e+02
8.01197530e+00	2022-05-17T19:28:13.312434	230	3.19000000e+02
8.02847420e+00	2022-05-17T19:28:13.343716	231	3.27000000e+02
8.04425070e+00	2022-05-17T19:28:13.359342	232	3.18000000e+02
8.05245290e+00	2022-05-17T19:28:13.359342	233	3.16000000e+02
8.06085500e+00	2022-05-17T19:28:13.375549	234	3.16000000e+02
8.06941980e+00	2022-05-17T19:28:13.380342	235	3.26000000e+02
8.07768690e+00	2022-05-17T19:28:13.380342	236	3.18000000e+02
8.09653300e+00	2022-05-17T19:28:13.411614	237	3.12000000e+02
8.11189460e+00	2022-05-17T19:28:13.427249	238	3.11000000e+02
8.12578930e+00	2022-05-17T19:28:13.427249	239	3.43000000e+02
8.13477960e+00	2022-05-17T19:28:13.443239	240	3.12000000e+02
8.14325050e+00	2022-05-17T19:28:13.458480	241	3.11000000e+02
8.16122770e+00	2022-05-17T19:28:13.474099	242	3.12000000e+02
8.17703390e+00	2022-05-17T19:28:13.480643	243	3.15000000e+02
8.18807010e+00	2022-05-17T19:28:13.496922	244	3.16000000e+02
8.19672210e+00	2022-05-17T19:28:13.512620	245	3.17000000e+02
8.20801040e+00	2022-05-17T19:28:13.512620	246	3.20000000e+02
8.22283540e+00	2022-05-17T19:28:13.528208	247	3.18000000e+02
8.23444420e+00	2022-05-17T19:28:13.543790	248	2.96000000e+02
8.24929820e+00	2022-05-17T19:28:13.559452	249	3.12000000e+02
8.25896800e+00	2022-05-17T19:28:13.559452	250	3.14000000e+02
8.26992370e+00	2022-05-17T19:28:13.580581	251	3.12000000e+02
8.27845080e+00	2022-05-17T19:28:13.580581	252	3.14000000e+02
8.29967130e+00	2022-05-17T19:28:13.611866	253	3.26000000e+02
8.31908820e+00	2022-05-17T19:28:13.627494	254	3.31000000e+02
8.32766190e+00	2022-05-17T19:28:13.643146	255	3.15000000e+02
8.33965800e+00	2022-05-17T19:28:13.643146	256	3.24000000e+02
8.36130490e+00	2022-05-17T19:28:13.674354	257	3.51000000e+02
8.37656190e+00	2022-05-17T19:28:13.680939	258	3.51000000e+02
8.38424600e+00	2022-05-17T19:28:13.696603	259	3.12000000e+02
8.39305130e+00	2022-05-17T19:28:13.696603	260	2.96000000e+02
8.40516050e+00	2022-05-17T19:28:13.712305	261	3.12000000e+02
8.42894620e+00	2022-05-17T19:28:13.743464	262	3.23000000e+02
8.43796820e+00	2022-05-17T19:28:13.743464	263	3.59000000e+02
8.45330080e+00	2022-05-17T19:28:13.759124	264	3.17000000e+02
8.46259510e+00	2022-05-17T19:28:13.775151	265	3.29000000e+02
8.47083220e+00	2022-05-17T19:28:13.781591	266	3.17000000e+02
8.49708220e+00	2022-05-17T19:28:13.812877	267	3.16000000e+02
8.49934260e+00	2022-05-17T19:28:13.812877	268	3.17000000e+02
8.51516550e+00	2022-05-17T19:28:13.828487	269	3.16000000e+02
8.52339090e+00	2022-05-17T19:28:13.828487	270	3.15000000e+02
8.53204750e+00	2022-05-17T19:28:13.844674	271	3.19000000e+02
8.54050940e+00	2022-05-17T19:28:13.844674	272	3.32000000e+02
8.56204960e+00	2022-05-17T19:28:13.875360	273	3.15000000e+02
8.57786350e+00	2022-05-17T19:28:13.881944	274	3.32000000e+02
8.58938620e+00	2022-05-17T19:28:13.897613	275	3.21000000e+02
8.59828280e+00	2022-05-17T19:28:13.913191	276	3.19000000e+02
8.60999260e+00	2022-05-17T19:28:13.913191	277	3.17000000e+02
8.62943890e+00	2022-05-17T19:28:13.944484	278	3.17000000e+02
8.65094600e+00	2022-05-17T19:28:13.960094	279	3.11000000e+02
8.65500960e+00	2022-05-17T19:28:13.960094	280	3.14000000e+02
8.66334020e+00	2022-05-17T19:28:13.976275	281	3.37000000e+02
8.67556030e+00	2022-05-17T19:28:13.982792	282	3.14000000e+02
8.69763230e+00	2022-05-17T19:28:13.998489	283	3.41000000e+02
8.71935310e+00	2022-05-17T19:28:14.029662	284	3.16000000e+02
8.72469690e+00	2022-05-17T19:28:14.029662	285	3.12000000e+02
8.73261810e+00	2022-05-17T19:28:14.045557	286	3.51000000e+02
8.74125360e+00	2022-05-17T19:28:14.045557	287	3.14000000e+02
8.76438220e+00	2022-05-17T19:28:14.076560	288	3.11000000e+02
8.77288170e+00	2022-05-17T19:28:14.083156	289	3.16000000e+02
8.78831520e+00	2022-05-17T19:28:14.098820	290	3.25000000e+02
8.79826100e+00	2022-05-17T19:28:14.098820	291	3.16000000e+02
8.80681560e+00	2022-05-17T19:28:14.114420	292	3.51000000e+02
8.82985990e+00	2022-05-17T19:28:14.145670	293	3.16000000e+02
8.83304000e+00	2022-05-17T19:28:14.145670	294	3.38000000e+02
8.85551190e+00	2022-05-17T19:28:14.161303	295	3.43000000e+02
8.86417770e+00	2022-05-17T19:28:14.177512	296	3.16000000e+02
8.87615400e+00	2022-05-17T19:28:14.183555	297	3.16000000e+02
8.89497780e+00	2022-05-17T19:28:14.199231	298	3.18000000e+02
8.89897250e+00	2022-05-17T19:28:14.214838	299	3.16000000e+02
8.91000770e+00	2022-05-17T19:28:14.214838	300	3.16000000e+02
8.92630850e+00	2022-05-17T19:28:14.230498	301	3.00000000e+02
8.93764660e+00	2022-05-17T19:28:14.246044	302	3.27000000e+02
8.96344070e+00	2022-05-17T19:28:14.277312	303	3.30000000e+02
8.96589240e+00	2022-05-17T19:28:14.277312	304	3.12000000e+02
8.98748210e+00	2022-05-17T19:28:14.299522	305	3.18000000e+02
8.99878140e+00	2022-05-17T19:28:14.299522	306	3.16000000e+02
9.00752190e+00	2022-05-17T19:28:14.316073	307	3.16000000e+02
9.03216770e+00	2022-05-17T19:28:14.347382	308	3.15000000e+02
9.05491310e+00	2022-05-17T19:28:14.363016	309	3.18000000e+02
9.06410870e+00	2022-05-17T19:28:14.378709	310	3.17000000e+02
9.07286410e+00	2022-05-17T19:28:14.384290	311	3.16000000e+02
9.10055000e+00	2022-05-17T19:28:14.415599	312	3.16000000e+02
9.11712490e+00	2022-05-17T19:28:14.431161	313	3.16000000e+02
9.12550870e+00	2022-05-17T19:28:14.431161	314	3.17000000e+02
9.13408460e+00	2022-05-17T19:28:14.447111	315	3.17000000e+02
9.14249060e+00	2022-05-17T19:28:14.447111	316	3.29000000e+02
9.16382520e+00	2022-05-17T19:28:14.478058	317	3.54000000e+02
9.18678130e+00	2022-05-17T19:28:14.500942	318	3.12000000e+02
9.19592760e+00	2022-05-17T19:28:14.500942	319	2.96000000e+02
9.20728990e+00	2022-05-17T19:28:14.517114	320	3.13000000e+02
9.21590960e+00	2022-05-17T19:28:14.517114	321	3.14000000e+02
9.22367280e+00	2022-05-17T19:28:14.532227	322	3.15000000e+02
9.23332570e+00	2022-05-17T19:28:14.547844	323	3.17000000e+02
9.25138420e+00	2022-05-17T19:28:14.563457	324	3.22000000e+02
9.27341380e+00	2022-05-17T19:28:14.584636	325	2.96000000e+02
9.28209150e+00	2022-05-17T19:28:14.584636	326	3.12000000e+02
9.28995130e+00	2022-05-17T19:28:14.600621	327	3.18000000e+02
9.29766580e+00	2022-05-17T19:28:14.600621	328	3.21000000e+02
9.31770500e+00	2022-05-17T19:28:14.631530	329	3.17000000e+02
9.32604900e+00	2022-05-17T19:28:14.631530	330	3.16000000e+02
9.33594810e+00	2022-05-17T19:28:14.647168	331	3.15000000e+02
9.34734420e+00	2022-05-17T19:28:14.662747	332	3.16000000e+02
9.35949800e+00	2022-05-17T19:28:14.662747	333	3.17000000e+02
9.38055640e+00	2022-05-17T19:28:14.684672	334	3.16000000e+02
9.40274930e+00	2022-05-17T19:28:14.715969	335	3.04000000e+02
9.41296580e+00	2022-05-17T19:28:14.715969	336	3.19000000e+02
9.42501420e+00	2022-05-17T19:28:14.732030	337	3.12000000e+02
9.45029000e+00	2022-05-17T19:28:14.762818	338	3.13000000e+02
9.47288510e+00	2022-05-17T19:28:14.785022	339	3.16000000e+02
9.48211240e+00	2022-05-17T19:28:14.785022	340	3.26000000e+02
9.49047850e+00	2022-05-17T19:28:14.801180	341	3.16000000e+02
9.49951180e+00	2022-05-17T19:28:14.801180	342	3.14000000e+02
9.51909040e+00	2022-05-17T19:28:14.831927	343	3.18000000e+02
9.54076530e+00	2022-05-17T19:28:14.847585	344	2.98000000e+02
9.54303970e+00	2022-05-17T19:28:14.847585	345	3.16000000e+02
9.55205840e+00	2022-05-17T19:28:14.863465	346	3.22000000e+02
9.58080840e+00	2022-05-17T19:28:14.885338	347	3.16000000e+02
9.58480490e+00	2022-05-17T19:28:14.885338	348	3.23000000e+02
9.60057160e+00	2022-05-17T19:28:14.900963	349	3.11000000e+02
9.60901510e+00	2022-05-17T19:28:14.916663	350	3.17000000e+02
9.61756100e+00	2022-05-17T19:28:14.932211	351	3.13000000e+02
9.62600100e+00	2022-05-17T19:28:14.932211	352	3.13000000e+02
9.65015420e+00	2022-05-17T19:28:14.963484	353	3.28000000e+02
9.67323220e+00	2022-05-17T19:28:14.985618	354	3.13000000e+02
9.67907260e+00	2022-05-17T19:28:14.985618	355	3.27000000e+02
9.69158680e+00	2022-05-17T19:28:15.001845	356	3.37000000e+02
9.71897510e+00	2022-05-17T19:28:15.032523	357	3.55000000e+02
9.72331790e+00	2022-05-17T19:28:15.032523	358	3.13000000e+02
9.74439050e+00	2022-05-17T19:28:15.048186	359	3.15000000e+02
9.74838140e+00	2022-05-17T19:28:15.063806	360	3.23000000e+02
9.75700490e+00	2022-05-17T19:28:15.063806	361	3.41000000e+02
9.78273200e+00	2022-05-17T19:28:15.085928	362	3.25000000e+02
9.79969390e+00	2022-05-17T19:28:15.101594	363	3.27000000e+02
9.81033760e+00	2022-05-17T19:28:15.117214	364	3.17000000e+02
9.82224080e+00	2022-05-17T19:28:15.132915	365	2.98000000e+02
9.83118400e+00	2022-05-17T19:28:15.132915	366	3.13000000e+02
9.85108680e+00	2022-05-17T19:28:15.164076	367	3.12000000e+02
9.87398310e+00	2022-05-17T19:28:15.186280	368	3.12000000e+02
9.88398310e+00	2022-05-17T19:28:15.186280	369	3.23000000e+02
9.89625870e+00	2022-05-17T19:28:15.201953	370	3.17000000e+02
9.91978330e+00	2022-05-17T19:28:15.233185	371	3.17000000e+02
9.92169540e+00	2022-05-17T19:28:15.233185	372	3.23000000e+02
9.93876760e+00	2022-05-17T19:28:15.248845	373	3.16000000e+02
9.94876800e+00	2022-05-17T19:28:15.264469	374	3.17000000e+02
9.95773330e+00	2022-05-17T19:28:15.264469	375	3.16000000e+02
9.98463220e+00	2022-05-17T19:28:15.286602	376	3.16000000e+02
1.00087783e+01	2022-05-17T19:28:15.318460	377	3.16000000e+02
1.00192846e+01	2022-05-17T19:28:15.334072	378	3.04000000e+02
1.00309915e+01	2022-05-17T19:28:15.334072	379	3.16000000e+02
1.00522111e+01	2022-05-17T19:28:15.365314	380	3.33000000e+02
1.00752434e+01	2022-05-17T19:28:15.386497	381	3.55000000e+02
1.00804911e+01	2022-05-17T19:28:15.386497	382	3.17000000e+02
1.00887161e+01	2022-05-17T19:28:15.402682	383	3.15000000e+02
1.01007481e+01	2022-05-17T19:28:15.402682	384	3.19000000e+02
1.01217784e+01	2022-05-17T19:28:15.433401	385	3.18000000e+02
1.01309113e+01	2022-05-17T19:28:15.433401	386	3.16000000e+02
1.01409926e+01	2022-05-17T19:28:15.449029	387	3.12000000e+02
1.01497551e+01	2022-05-17T19:28:15.464609	388	3.13000000e+02
1.01576827e+01	2022-05-17T19:28:15.464609	389	3.12000000e+02
1.01657653e+01	2022-05-17T19:28:15.480231	390	3.13000000e+02
1.01744903e+01	2022-05-17T19:28:15.487354	391	2.98000000e+02
1.01824941e+01	2022-05-17T19:28:15.487354	392	3.25000000e+02
1.02086071e+01	2022-05-17T19:28:15.519701	393	3.13000000e+02
1.02350157e+01	2022-05-17T19:28:15.550906	394	3.55000000e+02
1.02443000e+01	2022-05-17T19:28:15.550906	395	3.12000000e+02
1.02558100e+01	2022-05-17T19:28:15.567063	396	3.18000000e+02
1.02646362e+01	2022-05-17T19:28:15.567063	397	3.59000000e+02
1.02858548e+01	2022-05-17T19:28:15.587493	398	3.13000000e+02
1.03035820e+01	2022-05-17T19:28:15.618778	399	3.15000000e+02
1.03137573e+01	2022-05-17T19:28:15.618778	400	3.13000000e+02
1.03219651e+01	2022-05-17T19:28:15.634932	401	3.17000000e+02
1.03308053e+01	2022-05-17T19:28:15.634932	402	3.38000000e+02
1.03533701e+01	2022-05-17T19:28:15.665628	403	3.21000000e+02
1.03659327e+01	2022-05-17T19:28:15.681251	404	3.17000000e+02
1.03786609e+01	2022-05-17T19:28:15.687818	405	3.32000000e+02
1.03878929e+01	2022-05-17T19:28:15.703479	406	3.15000000e+02
1.03994915e+01	2022-05-17T19:28:15.703479	407	3.17000000e+02
1.04219836e+01	2022-05-17T19:28:15.734711	408	3.26000000e+02
1.04249248e+01	2022-05-17T19:28:15.734711	409	3.16000000e+02
1.04486425e+01	2022-05-17T19:28:15.750311	410	3.12000000e+02
1.04572252e+01	2022-05-17T19:28:15.766380	411	3.12000000e+02
1.04850353e+01	2022-05-17T19:28:15.788065	412	3.17000000e+02
1.05028922e+01	2022-05-17T19:28:15.803716	413	3.15000000e+02
1.05141240e+01	2022-05-17T19:28:15.819353	414	3.16000000e+02
1.05227276e+01	2022-05-17T19:28:15.835510	415	3.15000000e+02
1.05308909e+01	2022-05-17T19:28:15.835510	416	3.42000000e+02
1.05530058e+01	2022-05-17T19:28:15.866204	417	3.12000000e+02
1.05751296e+01	2022-05-17T19:28:15.888387	418	3.11000000e+02
1.05842367e+01	2022-05-17T19:28:15.888387	419	2.96000000e+02
1.05968607e+01	2022-05-17T19:28:15.904550	420	3.12000000e+02
1.06086864e+01	2022-05-17T19:28:15.919637	421	3.30000000e+02
1.06168865e+01	2022-05-17T19:28:15.919637	422	3.15000000e+02
1.06345251e+01	2022-05-17T19:28:15.935736	423	3.18000000e+02
1.06368813e+01	2022-05-17T19:28:15.950880	424	3.16000000e+02
1.06542662e+01	2022-05-17T19:28:15.966537	425	3.15000000e+02
1.06654030e+01	2022-05-17T19:28:15.966537	426	3.29000000e+02
1.06744351e+01	2022-05-17T19:28:15.989016	427	3.17000000e+02
1.06868091e+01	2022-05-17T19:28:15.989016	428	3.31000000e+02
1.07057618e+01	2022-05-17T19:28:16.020289	429	3.00000000e+02
1.07238142e+01	2022-05-17T19:28:16.035925	430	3.17000000e+02
1.07311531e+01	2022-05-17T19:28:16.035925	431	3.51000000e+02
1.07357563e+01	2022-05-17T19:28:16.051507	432	3.27000000e+02
1.07439908e+01	2022-05-17T19:28:16.051507	433	3.16000000e+02
1.07680448e+01	2022-05-17T19:28:16.082796	434	3.51000000e+02
1.07897275e+01	2022-05-17T19:28:16.105002	435	3.11000000e+02
1.07967816e+01	2022-05-17T19:28:16.105002	436	3.16000000e+02
1.08054484e+01	2022-05-17T19:28:16.120622	437	3.16000000e+02
1.08175276e+01	2022-05-17T19:28:16.120622	438	3.63000000e+02
1.08362448e+01	2022-05-17T19:28:16.151827	439	3.22000000e+02
1.08597308e+01	2022-05-17T19:28:16.167485	440	3.15000000e+02
1.08619943e+01	2022-05-17T19:28:16.167485	441	3.16000000e+02
1.08707579e+01	2022-05-17T19:28:16.183539	442	3.14000000e+02
1.08793616e+01	2022-05-17T19:28:16.190048	443	3.14000000e+02
1.09052462e+01	2022-05-17T19:28:16.205978	444	3.43000000e+02
1.09074336e+01	2022-05-17T19:28:16.221333	445	3.16000000e+02
1.09257227e+01	2022-05-17T19:28:16.236952	446	2.98000000e+02
1.09358211e+01	2022-05-17T19:28:16.236952	447	3.21000000e+02
1.09448640e+01	2022-05-17T19:28:16.252564	448	3.17000000e+02
1.09687889e+01	2022-05-17T19:28:16.283829	449	3.38000000e+02
1.09773223e+01	2022-05-17T19:28:16.290378	450	3.25000000e+02
1.09904732e+01	2022-05-17T19:28:16.306119	451	3.27000000e+02
1.09977572e+01	2022-05-17T19:28:16.306656	452	3.16000000e+02
1.10061395e+01	2022-05-17T19:28:16.306656	453	3.19000000e+02
1.10184834e+01	2022-05-17T19:28:16.322320	454	3.25000000e+02
1.10395272e+01	2022-05-17T19:28:16.353548	455	3.19000000e+02
1.10634501e+01	2022-05-17T19:28:16.369180	456	2.98000000e+02
1.10675903e+01	2022-05-17T19:28:16.369180	457	3.19000000e+02
1.10791018e+01	2022-05-17T19:28:16.390307	458	3.24000000e+02
1.10874911e+01	2022-05-17T19:28:16.390307	459	3.16000000e+02
1.11092448e+01	2022-05-17T19:28:16.421579	460	3.17000000e+02
1.11265729e+01	2022-05-17T19:28:16.437212	461	3.27000000e+02
1.11370355e+01	2022-05-17T19:28:16.452797	462	3.16000000e+02
1.11455893e+01	2022-05-17T19:28:16.452797	463	3.18000000e+02
1.11764426e+01	2022-05-17T19:28:16.490610	464	3.14000000e+02
1.11778940e+01	2022-05-17T19:28:16.490610	465	3.16000000e+02
1.11891974e+01	2022-05-17T19:28:16.490610	466	3.29000000e+02
1.12034947e+01	2022-05-17T19:28:16.507267	467	3.16000000e+02
1.12146087e+01	2022-05-17T19:28:16.523448	468	3.16000000e+02
1.12233486e+01	2022-05-17T19:28:16.538582	469	3.58000000e+02
1.12404563e+01	2022-05-17T19:28:16.554173	470	3.12000000e+02
1.12682625e+01	2022-05-17T19:28:16.569782	471	3.35000000e+02
1.12806436e+01	2022-05-17T19:28:16.590915	472	3.17000000e+02
1.13063749e+01	2022-05-17T19:28:16.622189	473	3.22000000e+02
1.13259827e+01	2022-05-17T19:28:16.637821	474	3.16000000e+02
1.13332494e+01	2022-05-17T19:28:16.637821	475	3.18000000e+02
1.13378661e+01	2022-05-17T19:28:16.653446	476	3.16000000e+02
1.13502725e+01	2022-05-17T19:28:16.653446	477	3.26000000e+02
1.13717869e+01	2022-05-17T19:28:16.684673	478	3.17000000e+02
1.13915086e+01	2022-05-17T19:28:16.706882	479	3.15000000e+02
1.13985749e+01	2022-05-17T19:28:16.706882	480	3.17000000e+02
1.14079045e+01	2022-05-17T19:28:16.722465	481	3.22000000e+02
1.14196567e+01	2022-05-17T19:28:16.722465	482	3.25000000e+02
1.14393861e+01	2022-05-17T19:28:16.753733	483	3.19000000e+02
1.14578860e+01	2022-05-17T19:28:16.769366	484	3.18000000e+02
1.14661194e+01	2022-05-17T19:28:16.769366	485	3.40000000e+02
1.14770707e+01	2022-05-17T19:28:16.791697	486	3.31000000e+02
1.14854409e+01	2022-05-17T19:28:16.791697	487	3.16000000e+02
1.15107705e+01	2022-05-17T19:28:16.822969	488	3.18000000e+02
1.15351365e+01	2022-05-17T19:28:16.838611	489	3.11000000e+02
1.15380140e+01	2022-05-17T19:28:16.838611	490	3.13000000e+02
1.15468909e+01	2022-05-17T19:28:16.854187	491	3.13000000e+02
1.15715928e+01	2022-05-17T19:28:16.885455	492	3.15000000e+02
1.15961690e+01	2022-05-17T19:28:16.907664	493	3.19000000e+02
1.16082015e+01	2022-05-17T19:28:16.923329	494	3.17000000e+02
1.16204802e+01	2022-05-17T19:28:16.923329	495	3.27000000e+02
1.16402686e+01	2022-05-17T19:28:16.954539	496	3.59000000e+02
1.16480880e+01	2022-05-17T19:28:16.954539	497	3.15000000e+02
1.16653418e+01	2022-05-17T19:28:16.970187	498	3.31000000e+02
1.16736357e+01	2022-05-17T19:28:16.986321	499	3.17000000e+02
1.16819862e+01	2022-05-17T19:28:16.992889	500	3.23000000e+02
1.17100077e+01	2022-05-17T19:28:17.024177	501	3.15000000e+02
1.17350461e+01	2022-05-17T19:28:17.039795	502	3.23000000e+02
1.17391359e+01	2022-05-17T19:28:17.039795	503	3.16000000e+02
1.17468968e+01	2022-05-17T19:28:17.055378	504	3.17000000e+02
1.17621301e+01	2022-05-17T19:28:17.071037	505	3.27000000e+02
1.17734560e+01	2022-05-17T19:28:17.086656	506	3.57000000e+02
1.17932511e+01	2022-05-17T19:28:17.108925	507	3.23000000e+02
1.18046467e+01	2022-05-17T19:28:17.108925	508	3.16000000e+02
1.18131615e+01	2022-05-17T19:28:17.125070	509	3.17000000e+02
1.18251903e+01	2022-05-17T19:28:17.140125	510	3.32000000e+02
1.18334075e+01	2022-05-17T19:28:17.140125	511	3.19000000e+02
1.18570612e+01	2022-05-17T19:28:17.171386	512	3.04000000e+02
1.18813445e+01	2022-05-17T19:28:17.193587	513	3.15000000e+02
1.18866098e+01	2022-05-17T19:28:17.193587	514	3.04000000e+02
1.18955075e+01	2022-05-17T19:28:17.209588	515	3.63000000e+02
1.19070408e+01	2022-05-17T19:28:17.209588	516	3.12000000e+02
1.19261037e+01	2022-05-17T19:28:17.240494	517	3.55000000e+02
1.19466626e+01	2022-05-17T19:28:17.256117	518	3.32000000e+02
1.19562409e+01	2022-05-17T19:28:17.271760	519	3.12000000e+02
1.19684885e+01	2022-05-17T19:28:17.271760	520	3.16000000e+02
1.19893266e+01	2022-05-17T19:28:17.293878	521	3.22000000e+02
1.19989286e+01	2022-05-17T19:28:17.310101	522	3.11000000e+02
1.20163624e+01	2022-05-17T19:28:17.325772	523	3.32000000e+02
1.20262541e+01	2022-05-17T19:28:17.341385	524	3.51000000e+02
1.20382751e+01	2022-05-17T19:28:17.341385	525	3.16000000e+02
1.20534244e+01	2022-05-17T19:28:17.357573	526	3.17000000e+02
1.20674177e+01	2022-05-17T19:28:17.372592	527	3.23000000e+02
1.20869330e+01	2022-05-17T19:28:17.393799	528	3.21000000e+02
1.20906313e+01	2022-05-17T19:28:17.393799	529	3.38000000e+02
1.20995915e+01	2022-05-17T19:28:17.409424	530	3.23000000e+02
1.21079098e+01	2022-05-17T19:28:17.409424	531	3.16000000e+02
1.21363137e+01	2022-05-17T19:28:17.440691	532	3.16000000e+02
1.21542478e+01	2022-05-17T19:28:17.456325	533	3.15000000e+02
1.21646884e+01	2022-05-17T19:28:17.472370	534	3.33000000e+02
1.21893745e+01	2022-05-17T19:28:17.493689	535	3.00000000e+02
1.22088061e+01	2022-05-17T19:28:17.509354	536	3.18000000e+02
1.22234205e+01	2022-05-17T19:28:17.524963	537	2.96000000e+02
1.22346565e+01	2022-05-17T19:28:17.540986	538	3.16000000e+02
1.22581002e+01	2022-05-17T19:28:17.571802	539	3.15000000e+02
1.22638245e+01	2022-05-17T19:28:17.571802	540	3.30000000e+02
1.22837565e+01	2022-05-17T19:28:17.594024	541	3.39000000e+02
1.22919960e+01	2022-05-17T19:28:17.594024	542	3.04000000e+02
1.23004405e+01	2022-05-17T19:28:17.609663	543	3.24000000e+02
1.23291797e+01	2022-05-17T19:28:17.640920	544	3.27000000e+02
1.23541583e+01	2022-05-17T19:28:17.656554	545	3.16000000e+02
1.23617481e+01	2022-05-17T19:28:17.672135	546	3.51000000e+02
1.23885113e+01	2022-05-17T19:28:17.694322	547	3.27000000e+02
1.23917211e+01	2022-05-17T19:28:17.694322	548	3.16000000e+02
1.24155943e+01	2022-05-17T19:28:17.725598	549	3.16000000e+02
1.24187287e+01	2022-05-17T19:28:17.725598	550	3.20000000e+02
1.24272426e+01	2022-05-17T19:28:17.741820	551	3.13000000e+02
1.24354928e+01	2022-05-17T19:28:17.741820	552	3.13000000e+02
1.24587957e+01	2022-05-17T19:28:17.772462	553	3.14000000e+02
1.24677798e+01	2022-05-17T19:28:17.772462	554	3.16000000e+02
1.24861774e+01	2022-05-17T19:28:17.794632	555	3.20000000e+02
1.24967816e+01	2022-05-17T19:28:17.810641	556	3.25000000e+02
1.25052763e+01	2022-05-17T19:28:17.810641	557	3.15000000e+02
1.25276876e+01	2022-05-17T19:28:17.841524	558	3.51000000e+02
1.25527235e+01	2022-05-17T19:28:17.857158	559	3.16000000e+02
1.25585373e+01	2022-05-17T19:28:17.872958	560	3.17000000e+02
1.25706033e+01	2022-05-17T19:28:17.872958	561	3.51000000e+02
1.25906049e+01	2022-05-17T19:28:17.894893	562	3.26000000e+02
1.26157834e+01	2022-05-17T19:28:17.926185	563	3.12000000e+02
1.26239094e+01	2022-05-17T19:28:17.926185	564	3.16000000e+02
1.26360678e+01	2022-05-17T19:28:17.942242	565	3.31000000e+02
1.26590537e+01	2022-05-17T19:28:17.973034	566	3.15000000e+02
1.26835563e+01	2022-05-17T19:28:17.995175	567	3.23000000e+02
1.26893266e+01	2022-05-17T19:28:17.995175	568	3.18000000e+02
1.26973375e+01	2022-05-17T19:28:18.010812	569	3.16000000e+02
1.27059766e+01	2022-05-17T19:28:18.010812	570	3.17000000e+02
1.27281618e+01	2022-05-17T19:28:18.042069	571	3.17000000e+02
1.27540571e+01	2022-05-17T19:28:18.057700	572	3.18000000e+02
1.27589654e+01	2022-05-17T19:28:18.073620	573	3.24000000e+02
1.27672122e+01	2022-05-17T19:28:18.073620	574	3.17000000e+02
1.27910897e+01	2022-05-17T19:28:18.095076	575	3.27000000e+02
1.28173913e+01	2022-05-17T19:28:18.126410	576	3.16000000e+02
1.28280199e+01	2022-05-17T19:28:18.142481	577	3.00000000e+02
1.28370122e+01	2022-05-17T19:28:18.142481	578	3.63000000e+02
1.28602104e+01	2022-05-17T19:28:18.173231	579	3.16000000e+02
1.28858928e+01	2022-05-17T19:28:18.195470	580	3.22000000e+02
1.28900552e+01	2022-05-17T19:28:18.195470	581	3.17000000e+02
1.28980439e+01	2022-05-17T19:28:18.211400	582	3.16000000e+02
1.29070672e+01	2022-05-17T19:28:18.211400	583	3.16000000e+02
1.29302849e+01	2022-05-17T19:28:18.242372	584	3.18000000e+02
1.29561927e+01	2022-05-17T19:28:18.258033	585	3.38000000e+02
1.29589533e+01	2022-05-17T19:28:18.273621	586	3.64000000e+02
1.29676675e+01	2022-05-17T19:28:18.273621	587	3.58000000e+02
1.29922202e+01	2022-05-17T19:28:18.295560	588	3.25000000e+02
1.30006804e+01	2022-05-17T19:28:18.311843	589	3.36000000e+02
1.30195585e+01	2022-05-17T19:28:18.327508	590	3.22000000e+02
1.30289810e+01	2022-05-17T19:28:18.343445	591	3.16000000e+02
1.30374519e+01	2022-05-17T19:28:18.343445	592	3.17000000e+02
1.30630702e+01	2022-05-17T19:28:18.374367	593	3.21000000e+02
1.30895433e+01	2022-05-17T19:28:18.395538	594	3.16000000e+02
1.30987614e+01	2022-05-17T19:28:18.411243	595	3.19000000e+02
1.31073374e+01	2022-05-17T19:28:18.411243	596	3.25000000e+02
1.31297619e+01	2022-05-17T19:28:18.442436	597	3.16000000e+02
1.31555274e+01	2022-05-17T19:28:18.458068	598	3.17000000e+02
1.31641510e+01	2022-05-17T19:28:18.474137	599	3.18000000e+02
1.31727584e+01	2022-05-17T19:28:18.474137	600	3.17000000e+02
1.31917029e+01	2022-05-17T19:28:18.495649	601	3.20000000e+02
1.32175640e+01	2022-05-17T19:28:18.526931	602	3.15000000e+02
1.32215296e+01	2022-05-17T19:28:18.526931	603	3.19000000e+02
1.32303049e+01	2022-05-17T19:28:18.542585	604	3.23000000e+02
1.32425946e+01	2022-05-17T19:28:18.558139	605	3.16000000e+02
1.32624211e+01	2022-05-17T19:28:18.573784	606	3.15000000e+02
1.32921470e+01	2022-05-17T19:28:18.595941	607	3.17000000e+02
1.33035894e+01	2022-05-17T19:28:18.611842	608	3.20000000e+02
1.33242188e+01	2022-05-17T19:28:18.627190	609	3.19000000e+02
1.33323163e+01	2022-05-17T19:28:18.642848	610	3.22000000e+02
1.33406180e+01	2022-05-17T19:28:18.642848	611	3.04000000e+02
1.33601675e+01	2022-05-17T19:28:18.674056	612	3.16000000e+02
1.33692823e+01	2022-05-17T19:28:18.674056	613	3.17000000e+02
1.33808289e+01	2022-05-17T19:28:18.695774	614	3.19000000e+02
1.33899687e+01	2022-05-17T19:28:18.695774	615	3.37000000e+02
1.34131481e+01	2022-05-17T19:28:18.727060	616	3.33000000e+02
1.34397686e+01	2022-05-17T19:28:18.742715	617	3.15000000e+02
1.34511447e+01	2022-05-17T19:28:18.758795	618	3.17000000e+02
1.34736936e+01	2022-05-17T19:28:18.789531	619	3.17000000e+02
1.34781445e+01	2022-05-17T19:28:18.789531	620	3.15000000e+02
1.35068064e+01	2022-05-17T19:28:18.811776	621	3.16000000e+02
1.35166916e+01	2022-05-17T19:28:18.827322	622	3.16000000e+02
1.35250595e+01	2022-05-17T19:28:18.827322	623	3.20000000e+02
1.35428485e+01	2022-05-17T19:28:18.858592	624	3.25000000e+02
1.35647209e+01	2022-05-17T19:28:18.874223	625	3.22000000e+02
1.35728768e+01	2022-05-17T19:28:18.874223	626	3.17000000e+02
1.35825709e+01	2022-05-17T19:28:18.896761	627	3.21000000e+02
1.35947410e+01	2022-05-17T19:28:18.896761	628	3.17000000e+02
1.36138500e+01	2022-05-17T19:28:18.928033	629	3.13000000e+02
1.36339325e+01	2022-05-17T19:28:18.943666	630	3.12000000e+02
1.36434754e+01	2022-05-17T19:28:18.959251	631	3.16000000e+02
1.36519811e+01	2022-05-17T19:28:18.959251	632	3.19000000e+02
1.36746713e+01	2022-05-17T19:28:18.990518	633	3.15000000e+02
1.36863328e+01	2022-05-17T19:28:18.997054	634	3.13000000e+02
1.37059583e+01	2022-05-17T19:28:19.012718	635	3.12000000e+02
1.37173935e+01	2022-05-17T19:28:19.028592	636	3.18000000e+02
1.37257616e+01	2022-05-17T19:28:19.028592	637	3.35000000e+02
1.37464392e+01	2022-05-17T19:28:19.059568	638	3.04000000e+02
1.37721631e+01	2022-05-17T19:28:19.075201	639	3.16000000e+02
1.37831129e+01	2022-05-17T19:28:19.097529	640	3.16000000e+02
1.37959816e+01	2022-05-17T19:28:19.097529	641	3.16000000e+02
1.38146601e+01	2022-05-17T19:28:19.128806	642	3.22000000e+02
1.38403951e+01	2022-05-17T19:28:19.144437	643	3.11000000e+02
1.38445450e+01	2022-05-17T19:28:19.160055	644	2.96000000e+02
1.38566566e+01	2022-05-17T19:28:19.160055	645	3.18000000e+02
1.38784171e+01	2022-05-17T19:28:19.191286	646	3.34000000e+02
1.39041405e+01	2022-05-17T19:28:19.213496	647	3.43000000e+02
1.39137472e+01	2022-05-17T19:28:19.229113	648	3.16000000e+02
1.39221861e+01	2022-05-17T19:28:19.229113	649	3.17000000e+02
1.39468922e+01	2022-05-17T19:28:19.260346	650	3.15000000e+02
1.39665685e+01	2022-05-17T19:28:19.275981	651	3.16000000e+02
1.39748732e+01	2022-05-17T19:28:19.275981	652	3.16000000e+02
1.39836738e+01	2022-05-17T19:28:19.298284	653	3.18000000e+02
1.39919404e+01	2022-05-17T19:28:19.298284	654	3.16000000e+02
1.40107409e+01	2022-05-17T19:28:19.314776	655	3.30000000e+02
1.40245336e+01	2022-05-17T19:28:19.330401	656	3.16000000e+02
1.40439378e+01	2022-05-17T19:28:19.346061	657	3.21000000e+02
1.40533109e+01	2022-05-17T19:28:19.361646	658	3.17000000e+02
1.40771083e+01	2022-05-17T19:28:19.392892	659	3.16000000e+02
1.40899065e+01	2022-05-17T19:28:19.398436	660	3.15000000e+02
1.41042942e+01	2022-05-17T19:28:19.414089	661	3.16000000e+02
1.41148970e+01	2022-05-17T19:28:19.429719	662	3.17000000e+02
1.41270145e+01	2022-05-17T19:28:19.429719	663	3.21000000e+02
1.41480940e+01	2022-05-17T19:28:19.460961	664	3.16000000e+02
1.41670395e+01	2022-05-17T19:28:19.476583	665	3.17000000e+02
1.41755413e+01	2022-05-17T19:28:19.476583	666	3.27000000e+02
1.41843914e+01	2022-05-17T19:28:19.499030	667	3.16000000e+02
1.41962197e+01	2022-05-17T19:28:19.499030	668	3.20000000e+02
1.42175032e+01	2022-05-17T19:28:19.530311	669	3.16000000e+02
1.42378344e+01	2022-05-17T19:28:19.545977	670	3.19000000e+02
1.42543147e+01	2022-05-17T19:28:19.561521	671	3.16000000e+02
1.42572996e+01	2022-05-17T19:28:19.561521	672	3.51000000e+02
1.42658655e+01	2022-05-17T19:28:19.577184	673	3.16000000e+02
1.42737496e+01	2022-05-17T19:28:19.577184	674	3.16000000e+02
1.42979902e+01	2022-05-17T19:28:19.599315	675	3.15000000e+02
1.43065754e+01	2022-05-17T19:28:19.614977	676	3.19000000e+02
1.43260082e+01	2022-05-17T19:28:19.630600	677	3.18000000e+02
1.43362135e+01	2022-05-17T19:28:19.646375	678	3.17000000e+02
1.43634894e+01	2022-05-17T19:28:19.677467	679	3.15000000e+02
1.43840577e+01	2022-05-17T19:28:19.699704	680	3.19000000e+02
1.43915169e+01	2022-05-17T19:28:19.699704	681	3.29000000e+02
1.43969905e+01	2022-05-17T19:28:19.699704	682	3.25000000e+02
1.44052974e+01	2022-05-17T19:28:19.715682	683	3.15000000e+02
1.44134522e+01	2022-05-17T19:28:19.715682	684	3.61000000e+02
1.44335293e+01	2022-05-17T19:28:19.746608	685	3.17000000e+02
1.44556513e+01	2022-05-17T19:28:19.762268	686	3.16000000e+02
1.44669307e+01	2022-05-17T19:28:19.777813	687	3.16000000e+02
1.44751952e+01	2022-05-17T19:28:19.777813	688	3.21000000e+02
1.44973259e+01	2022-05-17T19:28:19.799977	689	3.16000000e+02
1.45238354e+01	2022-05-17T19:28:19.831262	690	3.22000000e+02
1.45325688e+01	2022-05-17T19:28:19.847078	691	3.15000000e+02
1.45455349e+01	2022-05-17T19:28:19.847078	692	3.66000000e+02
1.45664697e+01	2022-05-17T19:28:19.878112	693	3.51000000e+02
1.45909033e+01	2022-05-17T19:28:19.900281	694	3.22000000e+02
1.45938098e+01	2022-05-17T19:28:19.900281	695	3.04000000e+02
1.46020303e+01	2022-05-17T19:28:19.916492	696	3.20000000e+02
1.46104761e+01	2022-05-17T19:28:19.916492	697	3.16000000e+02
1.46346079e+01	2022-05-17T19:28:19.947178	698	3.31000000e+02
1.46599139e+01	2022-05-17T19:28:19.962808	699	3.17000000e+02
1.46720145e+01	2022-05-17T19:28:19.978391	700	3.63000000e+02
1.46972640e+01	2022-05-17T19:28:20.000567	701	3.15000000e+02
1.47232248e+01	2022-05-17T19:28:20.031852	702	3.34000000e+02
1.47286337e+01	2022-05-17T19:28:20.031852	703	3.15000000e+02
1.47372680e+01	2022-05-17T19:28:20.047946	704	3.04000000e+02
1.47460190e+01	2022-05-17T19:28:20.047946	705	3.16000000e+02
1.47642846e+01	2022-05-17T19:28:20.078704	706	3.17000000e+02
1.47907538e+01	2022-05-17T19:28:20.100877	707	3.12000000e+02
1.48024276e+01	2022-05-17T19:28:20.117039	708	3.12000000e+02
1.48115658e+01	2022-05-17T19:28:20.117039	709	3.17000000e+02
1.48280672e+01	2022-05-17T19:28:20.132681	710	3.25000000e+02
1.48360861e+01	2022-05-17T19:28:20.147782	711	3.21000000e+02
1.48620202e+01	2022-05-17T19:28:20.163406	712	3.37000000e+02
1.48639070e+01	2022-05-17T19:28:20.179013	713	3.12000000e+02
1.48717515e+01	2022-05-17T19:28:20.179013	714	3.11000000e+02
1.48811782e+01	2022-05-17T19:28:20.194889	715	3.14000000e+02
1.48924361e+01	2022-05-17T19:28:20.201048	716	3.04000000e+02
1.49012292e+01	2022-05-17T19:28:20.216676	717	3.19000000e+02
1.49194132e+01	2022-05-17T19:28:20.232322	718	3.27000000e+02
1.49454746e+01	2022-05-17T19:28:20.247991	719	3.18000000e+02
1.49543468e+01	2022-05-17T19:28:20.263579	720	3.19000000e+02
1.49629849e+01	2022-05-17T19:28:20.263579	721	3.17000000e+02
1.49834351e+01	2022-05-17T19:28:20.294807	722	3.16000000e+02
1.49919789e+01	2022-05-17T19:28:20.301312	723	3.17000000e+02
1.50118492e+01	2022-05-17T19:28:20.317553	724	3.15000000e+02
1.50239782e+01	2022-05-17T19:28:20.333824	725	3.12000000e+02
1.50321690e+01	2022-05-17T19:28:20.333824	726	3.18000000e+02
1.50538232e+01	2022-05-17T19:28:20.364495	727	3.04000000e+02
1.50810192e+01	2022-05-17T19:28:20.395698	728	3.16000000e+02
1.50895321e+01	2022-05-17T19:28:20.401805	729	3.43000000e+02
1.50970300e+01	2022-05-17T19:28:20.401805	730	3.16000000e+02
1.51215419e+01	2022-05-17T19:28:20.433088	731	3.17000000e+02
1.51300923e+01	2022-05-17T19:28:20.433088	732	3.17000000e+02
1.51495314e+01	2022-05-17T19:28:20.464324	733	3.17000000e+02
1.51591705e+01	2022-05-17T19:28:20.464324	734	3.16000000e+02
1.51714960e+01	2022-05-17T19:28:20.480437	735	3.59000000e+02
1.51975926e+01	2022-05-17T19:28:20.502191	736	3.11000000e+02
1.52243723e+01	2022-05-17T19:28:20.533521	737	3.18000000e+02
1.52332707e+01	2022-05-17T19:28:20.549076	738	3.16000000e+02
1.52458301e+01	2022-05-17T19:28:20.549076	739	3.65000000e+02
1.52727163e+01	2022-05-17T19:28:20.580350	740	3.22000000e+02
1.53029186e+01	2022-05-17T19:28:20.618156	741	3.15000000e+02
1.53142797e+01	2022-05-17T19:28:20.618156	742	3.15000000e+02
1.53230201e+01	2022-05-17T19:28:20.634217	743	3.19000000e+02
1.53432974e+01	2022-05-17T19:28:20.649924	744	3.19000000e+02
1.53540660e+01	2022-05-17T19:28:20.665002	745	3.15000000e+02
1.53741135e+01	2022-05-17T19:28:20.680640	746	3.16000000e+02
1.53843001e+01	2022-05-17T19:28:20.696255	747	3.23000000e+02
1.53926427e+01	2022-05-17T19:28:20.703299	748	3.16000000e+02
1.54048551e+01	2022-05-17T19:28:20.719476	749	3.23000000e+02
1.54131721e+01	2022-05-17T19:28:20.719476	750	3.17000000e+02
1.54377261e+01	2022-05-17T19:28:20.750204	751	3.18000000e+02
1.54585962e+01	2022-05-17T19:28:20.765828	752	3.16000000e+02
1.54655800e+01	2022-05-17T19:28:20.781410	753	3.19000000e+02
1.54747008e+01	2022-05-17T19:28:20.781410	754	3.16000000e+02
1.55010359e+01	2022-05-17T19:28:20.803410	755	3.25000000e+02
1.55327328e+01	2022-05-17T19:28:20.834695	756	3.19000000e+02
1.55439789e+01	2022-05-17T19:28:20.850600	757	3.00000000e+02
1.55685492e+01	2022-05-17T19:28:20.881547	758	3.04000000e+02
1.55891699e+01	2022-05-17T19:28:20.903727	759	3.18000000e+02
1.55977162e+01	2022-05-17T19:28:20.903727	760	3.04000000e+02
1.56092643e+01	2022-05-17T19:28:20.919667	761	3.16000000e+02
1.56177194e+01	2022-05-17T19:28:20.919667	762	3.19000000e+02
1.56378981e+01	2022-05-17T19:28:20.950620	763	3.24000000e+02
1.56637197e+01	2022-05-17T19:28:20.966257	764	3.59000000e+02
1.56665686e+01	2022-05-17T19:28:20.981871	765	3.17000000e+02
1.56756107e+01	2022-05-17T19:28:20.981871	766	3.17000000e+02
1.57015137e+01	2022-05-17T19:28:21.004026	767	3.19000000e+02
1.57233662e+01	2022-05-17T19:28:21.035310	768	3.43000000e+02
1.57321484e+01	2022-05-17T19:28:21.035310	769	3.15000000e+02
1.57407116e+01	2022-05-17T19:28:21.051401	770	3.18000000e+02
1.57488861e+01	2022-05-17T19:28:21.051401	771	3.12000000e+02
1.57710689e+01	2022-05-17T19:28:21.082162	772	3.61000000e+02
1.57925657e+01	2022-05-17T19:28:21.104343	773	3.16000000e+02
1.58020959e+01	2022-05-17T19:28:21.104343	774	3.19000000e+02
1.58105479e+01	2022-05-17T19:28:21.120436	775	3.51000000e+02
1.58393552e+01	2022-05-17T19:28:21.151235	776	3.17000000e+02
1.58511830e+01	2022-05-17T19:28:21.166863	777	3.16000000e+02
1.58691351e+01	2022-05-17T19:28:21.182498	778	3.30000000e+02
1.58795760e+01	2022-05-17T19:28:21.182498	779	3.16000000e+02
1.58881403e+01	2022-05-17T19:28:21.198584	780	3.16000000e+02
1.59003437e+01	2022-05-17T19:28:21.204588	781	3.16000000e+02
1.59237006e+01	2022-05-17T19:28:21.235859	782	3.18000000e+02
1.59502018e+01	2022-05-17T19:28:21.251493	783	3.16000000e+02
1.59529643e+01	2022-05-17T19:28:21.267113	784	3.62000000e+02
1.59615556e+01	2022-05-17T19:28:21.267113	785	3.16000000e+02
1.59700324e+01	2022-05-17T19:28:21.283286	786	3.17000000e+02
1.59786935e+01	2022-05-17T19:28:21.283286	787	3.17000000e+02
1.60018303e+01	2022-05-17T19:28:21.304898	788	3.36000000e+02
1.60239019e+01	2022-05-17T19:28:21.336795	789	3.43000000e+02
1.60313702e+01	2022-05-17T19:28:21.336795	790	3.19000000e+02
1.60396241e+01	2022-05-17T19:28:21.353001	791	3.16000000e+02
1.60478570e+01	2022-05-17T19:28:21.353001	792	3.21000000e+02
1.60724540e+01	2022-05-17T19:28:21.383656	793	3.17000000e+02
1.60940878e+01	2022-05-17T19:28:21.404903	794	3.17000000e+02
1.61016633e+01	2022-05-17T19:28:21.404903	795	3.18000000e+02
1.61130352e+01	2022-05-17T19:28:21.421071	796	3.28000000e+02
1.61312520e+01	2022-05-17T19:28:21.436316	797	3.27000000e+02
1.61409290e+01	2022-05-17T19:28:21.451836	798	3.15000000e+02
1.61500481e+01	2022-05-17T19:28:21.451836	799	3.16000000e+02
1.61706539e+01	2022-05-17T19:28:21.483055	800	3.16000000e+02
1.61785434e+01	2022-05-17T19:28:21.483055	801	3.23000000e+02
1.61870984e+01	2022-05-17T19:28:21.500275	802	3.63000000e+02
1.61953050e+01	2022-05-17T19:28:21.505279	803	3.21000000e+02
1.62035520e+01	2022-05-17T19:28:21.505279	804	3.26000000e+02
1.62235196e+01	2022-05-17T19:28:21.536552	805	3.22000000e+02
1.62374797e+01	2022-05-17T19:28:21.552149	806	3.24000000e+02
1.62540384e+01	2022-05-17T19:28:21.567811	807	3.15000000e+02
1.62648566e+01	2022-05-17T19:28:21.567811	808	3.16000000e+02
1.62733055e+01	2022-05-17T19:28:21.583917	809	3.18000000e+02
1.62861731e+01	2022-05-17T19:28:21.599544	810	3.23000000e+02
1.63054442e+01	2022-05-17T19:28:21.621237	811	3.17000000e+02
1.63199224e+01	2022-05-17T19:28:21.621237	812	3.16000000e+02
1.63433274e+01	2022-05-17T19:28:21.652445	813	3.20000000e+02
1.63547819e+01	2022-05-17T19:28:21.668556	814	3.00000000e+02
1.63629768e+01	2022-05-17T19:28:21.668556	815	3.19000000e+02
1.63884866e+01	2022-05-17T19:28:21.699334	816	3.00000000e+02
1.64108087e+01	2022-05-17T19:28:21.721533	817	3.16000000e+02
1.64207362e+01	2022-05-17T19:28:21.721533	818	3.17000000e+02
1.64327977e+01	2022-05-17T19:28:21.737115	819	3.12000000e+02
1.64580141e+01	2022-05-17T19:28:21.768383	820	3.29000000e+02
1.64794298e+01	2022-05-17T19:28:21.784080	821	3.17000000e+02
1.64902459e+01	2022-05-17T19:28:21.806151	822	3.17000000e+02
1.64984406e+01	2022-05-17T19:28:21.806151	823	3.27000000e+02
1.65069498e+01	2022-05-17T19:28:21.821811	824	3.43000000e+02
1.65188305e+01	2022-05-17T19:28:21.821811	825	3.33000000e+02
1.65482454e+01	2022-05-17T19:28:21.853043	826	3.16000000e+02
1.65688647e+01	2022-05-17T19:28:21.884290	827	3.17000000e+02
1.65795364e+01	2022-05-17T19:28:21.884290	828	3.19000000e+02
1.65885845e+01	2022-05-17T19:28:21.900449	829	3.16000000e+02
1.66008142e+01	2022-05-17T19:28:21.906923	830	3.18000000e+02
1.66229370e+01	2022-05-17T19:28:21.938243	831	3.15000000e+02
1.66451837e+01	2022-05-17T19:28:21.953829	832	3.16000000e+02
1.66536403e+01	2022-05-17T19:28:21.969416	833	3.21000000e+02
1.66619546e+01	2022-05-17T19:28:21.969416	834	3.16000000e+02
1.66791851e+01	2022-05-17T19:28:21.985228	835	3.18000000e+02
1.66887014e+01	2022-05-17T19:28:22.000684	836	3.23000000e+02
1.67112408e+01	2022-05-17T19:28:22.022881	837	3.19000000e+02
1.67190991e+01	2022-05-17T19:28:22.022881	838	3.16000000e+02
1.67277924e+01	2022-05-17T19:28:22.038981	839	3.25000000e+02
1.67361639e+01	2022-05-17T19:28:22.038981	840	3.16000000e+02
1.67553699e+01	2022-05-17T19:28:22.069733	841	3.17000000e+02
1.67771079e+01	2022-05-17T19:28:22.085370	842	3.19000000e+02
1.67857391e+01	2022-05-17T19:28:22.100979	843	3.15000000e+02
1.67970797e+01	2022-05-17T19:28:22.108003	844	3.16000000e+02
1.68057532e+01	2022-05-17T19:28:22.108003	845	3.24000000e+02
1.68246832e+01	2022-05-17T19:28:22.139298	846	3.17000000e+02
1.68474302e+01	2022-05-17T19:28:22.154910	847	3.22000000e+02
1.68587872e+01	2022-05-17T19:28:22.170930	848	3.17000000e+02
1.68671215e+01	2022-05-17T19:28:22.170930	849	3.29000000e+02
1.68874868e+01	2022-05-17T19:28:22.201761	850	3.15000000e+02
1.68965817e+01	2022-05-17T19:28:22.208307	851	3.20000000e+02
1.69173067e+01	2022-05-17T19:28:22.223969	852	3.15000000e+02
1.69283149e+01	2022-05-17T19:28:22.240024	853	3.18000000e+02
1.69368196e+01	2022-05-17T19:28:22.240024	854	3.17000000e+02
1.69556983e+01	2022-05-17T19:28:22.270870	855	3.16000000e+02
1.69828769e+01	2022-05-17T19:28:22.286458	856	3.20000000e+02
1.69850349e+01	2022-05-17T19:28:22.286458	857	3.59000000e+02
1.69944765e+01	2022-05-17T19:28:22.308776	858	3.17000000e+02
1.70062081e+01	2022-05-17T19:28:22.308776	859	3.17000000e+02
1.70269175e+01	2022-05-17T19:28:22.340024	860	3.26000000e+02
1.70343210e+01	2022-05-17T19:28:22.340024	861	3.16000000e+02
1.70489536e+01	2022-05-17T19:28:22.355687	862	3.17000000e+02
1.70596158e+01	2022-05-17T19:28:22.371302	863	3.19000000e+02
1.70858411e+01	2022-05-17T19:28:22.386926	864	3.17000000e+02
1.70876576e+01	2022-05-17T19:28:22.402533	865	3.24000000e+02
1.71097622e+01	2022-05-17T19:28:22.424711	866	3.16000000e+02
1.71208431e+01	2022-05-17T19:28:22.424711	867	3.22000000e+02
1.71291314e+01	2022-05-17T19:28:22.440868	868	3.17000000e+02
1.71375730e+01	2022-05-17T19:28:22.440868	869	3.20000000e+02
1.71581517e+01	2022-05-17T19:28:22.471604	870	3.64000000e+02
1.71849644e+01	2022-05-17T19:28:22.487865	871	3.15000000e+02
1.71941748e+01	2022-05-17T19:28:22.509004	872	3.23000000e+02
1.72027745e+01	2022-05-17T19:28:22.509004	873	3.27000000e+02
1.72271455e+01	2022-05-17T19:28:22.540276	874	3.15000000e+02
1.72550710e+01	2022-05-17T19:28:22.555908	875	3.16000000e+02
1.72643300e+01	2022-05-17T19:28:22.571529	876	3.16000000e+02
1.72728807e+01	2022-05-17T19:28:22.587278	877	3.64000000e+02
1.72848007e+01	2022-05-17T19:28:22.587278	878	3.23000000e+02
1.72926018e+01	2022-05-17T19:28:22.603202	879	3.19000000e+02
1.73160625e+01	2022-05-17T19:28:22.624922	880	3.16000000e+02
1.73246206e+01	2022-05-17T19:28:22.640489	881	3.51000000e+02
1.73449637e+01	2022-05-17T19:28:22.656155	882	3.16000000e+02
1.73545492e+01	2022-05-17T19:28:22.656155	883	3.17000000e+02
1.73667274e+01	2022-05-17T19:28:22.672158	884	3.23000000e+02
1.73886458e+01	2022-05-17T19:28:22.703016	885	3.15000000e+02
1.74169151e+01	2022-05-17T19:28:22.725185	886	3.17000000e+02
1.74191577e+01	2022-05-17T19:28:22.725185	887	3.16000000e+02
1.74282349e+01	2022-05-17T19:28:22.741383	888	3.23000000e+02
1.74402848e+01	2022-05-17T19:28:22.741383	889	3.17000000e+02
1.74485668e+01	2022-05-17T19:28:22.756434	890	3.24000000e+02
1.74705878e+01	2022-05-17T19:28:22.772047	891	3.15000000e+02
1.74725434e+01	2022-05-17T19:28:22.787657	892	3.17000000e+02
1.74999810e+01	2022-05-17T19:28:22.809835	893	3.15000000e+02
1.75107333e+01	2022-05-17T19:28:22.825499	894	3.17000000e+02
1.75221581e+01	2022-05-17T19:28:22.825499	895	3.16000000e+02
1.75430071e+01	2022-05-17T19:28:22.856737	896	3.15000000e+02
1.75705313e+01	2022-05-17T19:28:22.872323	897	3.24000000e+02
1.75793986e+01	2022-05-17T19:28:22.888362	898	3.17000000e+02
1.76023022e+01	2022-05-17T19:28:22.910130	899	3.20000000e+02
1.76040619e+01	2022-05-17T19:28:22.910130	900	3.27000000e+02
1.76127041e+01	2022-05-17T19:28:22.925801	901	3.27000000e+02
1.76276753e+01	2022-05-17T19:28:22.941422	902	3.16000000e+02
1.76369452e+01	2022-05-17T19:28:22.941422	903	3.24000000e+02
1.76451438e+01	2022-05-17T19:28:22.957517	904	3.16000000e+02
1.76535719e+01	2022-05-17T19:28:22.957517	905	3.15000000e+02
1.76766040e+01	2022-05-17T19:28:22.988267	906	3.16000000e+02
1.77038914e+01	2022-05-17T19:28:23.010450	907	3.20000000e+02
1.77146826e+01	2022-05-17T19:28:23.026361	908	3.12000000e+02
1.77230823e+01	2022-05-17T19:28:23.026361	909	3.17000000e+02
1.77424137e+01	2022-05-17T19:28:23.057376	910	3.33000000e+02
1.77508868e+01	2022-05-17T19:28:23.057376	911	3.28000000e+02
1.77653147e+01	2022-05-17T19:28:23.072978	912	3.12000000e+02
1.77762315e+01	2022-05-17T19:28:23.088911	913	3.16000000e+02
1.77841257e+01	2022-05-17T19:28:23.088911	914	3.32000000e+02
1.78057631e+01	2022-05-17T19:28:23.110724	915	3.04000000e+02
1.78287625e+01	2022-05-17T19:28:23.142009	916	3.63000000e+02
1.78371289e+01	2022-05-17T19:28:23.142009	917	3.19000000e+02
1.78457177e+01	2022-05-17T19:28:23.157911	918	3.25000000e+02
1.78540191e+01	2022-05-17T19:28:23.157911	919	3.16000000e+02
1.78760429e+01	2022-05-17T19:28:23.188920	920	3.23000000e+02
1.79030215e+01	2022-05-17T19:28:23.211037	921	3.19000000e+02
1.79066574e+01	2022-05-17T19:28:23.211037	922	3.16000000e+02
1.79149443e+01	2022-05-17T19:28:23.226964	923	3.22000000e+02
1.79239292e+01	2022-05-17T19:28:23.226964	924	3.19000000e+02
1.79427257e+01	2022-05-17T19:28:23.257931	925	3.15000000e+02
1.79665291e+01	2022-05-17T19:28:23.273564	926	3.15000000e+02
1.79768748e+01	2022-05-17T19:28:23.289537	927	3.18000000e+02
1.79852286e+01	2022-05-17T19:28:23.289537	928	3.26000000e+02
1.80058090e+01	2022-05-17T19:28:23.310942	929	3.15000000e+02
1.80339726e+01	2022-05-17T19:28:23.342229	930	3.15000000e+02
1.80383919e+01	2022-05-17T19:28:23.342229	931	3.17000000e+02
1.80460002e+01	2022-05-17T19:28:23.358345	932	3.16000000e+02
1.80549558e+01	2022-05-17T19:28:23.358345	933	3.16000000e+02
1.80744825e+01	2022-05-17T19:28:23.389054	934	3.18000000e+02
1.81034084e+01	2022-05-17T19:28:23.411255	935	3.21000000e+02
1.81079729e+01	2022-05-17T19:28:23.411255	936	3.41000000e+02
1.81162966e+01	2022-05-17T19:28:23.426891	937	3.17000000e+02
1.81422902e+01	2022-05-17T19:28:23.458123	938	3.17000000e+02
1.81444726e+01	2022-05-17T19:28:23.458123	939	3.17000000e+02
1.81660135e+01	2022-05-17T19:28:23.473782	940	3.16000000e+02
1.81772685e+01	2022-05-17T19:28:23.491015	941	3.36000000e+02
1.81860547e+01	2022-05-17T19:28:23.491015	942	3.62000000e+02
1.82089800e+01	2022-05-17T19:28:23.511253	943	3.16000000e+02
1.82366950e+01	2022-05-17T19:28:23.542537	944	3.18000000e+02
1.82440025e+01	2022-05-17T19:28:23.558121	945	3.16000000e+02
1.82554092e+01	2022-05-17T19:28:23.558121	946	3.23000000e+02
1.82752141e+01	2022-05-17T19:28:23.589391	947	3.17000000e+02
1.82974358e+01	2022-05-17T19:28:23.611565	948	3.21000000e+02
1.83124626e+01	2022-05-17T19:28:23.627235	949	3.17000000e+02
1.83203710e+01	2022-05-17T19:28:23.627235	950	3.16000000e+02
1.83288504e+01	2022-05-17T19:28:23.642868	951	3.18000000e+02
1.83375108e+01	2022-05-17T19:28:23.642868	952	3.22000000e+02
1.83615556e+01	2022-05-17T19:28:23.674088	953	3.15000000e+02
1.83878720e+01	2022-05-17T19:28:23.689716	954	3.17000000e+02
1.83945259e+01	2022-05-17T19:28:23.705334	955	3.16000000e+02
1.84030752e+01	2022-05-17T19:28:23.712295	956	3.19000000e+02
1.84291054e+01	2022-05-17T19:28:23.743567	957	3.23000000e+02
1.84568569e+01	2022-05-17T19:28:23.759199	958	3.19000000e+02
1.84601972e+01	2022-05-17T19:28:23.774784	959	3.04000000e+02
1.84685451e+01	2022-05-17T19:28:23.774784	960	3.17000000e+02
1.84923844e+01	2022-05-17T19:28:23.806064	961	3.57000000e+02
1.85159978e+01	2022-05-17T19:28:23.828285	962	3.16000000e+02
1.85252814e+01	2022-05-17T19:28:23.828285	963	3.17000000e+02
1.85340541e+01	2022-05-17T19:28:23.844278	964	3.16000000e+02
1.85620788e+01	2022-05-17T19:28:23.875130	965	3.51000000e+02
1.85842152e+01	2022-05-17T19:28:23.890760	966	3.17000000e+02
1.85913579e+01	2022-05-17T19:28:23.906389	967	3.17000000e+02
1.85946570e+01	2022-05-17T19:28:23.906389	968	3.16000000e+02
1.86036620e+01	2022-05-17T19:28:23.913396	969	3.25000000e+02
1.86160678e+01	2022-05-17T19:28:23.929521	970	3.16000000e+02
1.86282486e+01	2022-05-17T19:28:23.929521	971	3.21000000e+02
1.86365767e+01	2022-05-17T19:28:23.944642	972	3.17000000e+02
1.86600706e+01	2022-05-17T19:28:23.975912	973	3.15000000e+02
1.86832014e+01	2022-05-17T19:28:23.991507	974	3.16000000e+02
1.86853849e+01	2022-05-17T19:28:23.991507	975	3.16000000e+02
1.86937164e+01	2022-05-17T19:28:24.007167	976	3.19000000e+02
1.87019304e+01	2022-05-17T19:28:24.014228	977	3.15000000e+02
1.87113945e+01	2022-05-17T19:28:24.014228	978	3.17000000e+02
1.87309971e+01	2022-05-17T19:28:24.045512	979	3.33000000e+02
1.87581541e+01	2022-05-17T19:28:24.061135	980	3.16000000e+02
1.87675071e+01	2022-05-17T19:28:24.076972	981	3.59000000e+02
1.87943348e+01	2022-05-17T19:28:24.107985	982	3.33000000e+02
1.88180692e+01	2022-05-17T19:28:24.130163	983	3.63000000e+02
1.88284629e+01	2022-05-17T19:28:24.130163	984	3.16000000e+02
1.88370365e+01	2022-05-17T19:28:24.146208	985	3.19000000e+02
1.88455854e+01	2022-05-17T19:28:24.161366	986	3.36000000e+02
1.88625125e+01	2022-05-17T19:28:24.177022	987	3.29000000e+02
1.88901884e+01	2022-05-17T19:28:24.192645	988	3.26000000e+02
1.88940006e+01	2022-05-17T19:28:24.208268	989	3.16000000e+02
1.89025944e+01	2022-05-17T19:28:24.215351	990	3.16000000e+02
1.89113098e+01	2022-05-17T19:28:24.215351	991	3.18000000e+02
1.89389395e+01	2022-05-17T19:28:24.246626	992	3.16000000e+02
1.89611699e+01	2022-05-17T19:28:24.262259	993	3.15000000e+02
1.89721379e+01	2022-05-17T19:28:24.277840	994	3.15000000e+02
1.90019608e+01	2022-05-17T19:28:24.315356	995	3.19000000e+02
1.90246661e+01	2022-05-17T19:28:24.331019	996	3.16000000e+02
1.90336149e+01	2022-05-17T19:28:24.347154	997	3.16000000e+02
1.90421139e+01	2022-05-17T19:28:24.347154	998	3.18000000e+02
1.90630946e+01	2022-05-17T19:28:24.377886	999	3.15000000e+02
1.90915872e+01	2022-05-17T19:28:24.393502	1000	3.15000000e+02