Time elapsed	Time stamp	Loop Index	GP2Y ADC
s			Cts

5.01538470e+00	2022-05-17T19:28:50.721379	1	2.53000000e+02
5.02716600e+00	2022-05-17T19:28:50.721379	2	2.55000000e+02
5.03917540e+00	2022-05-17T19:28:50.742844	3	2.51000000e+02
5.04766140e+00	2022-05-17T19:28:50.742844	4	2.51000000e+02
5.06252520e+00	2022-05-17T19:28:50.759025	5	2.51000000e+02
5.09388210e+00	2022-05-17T19:28:50.789738	6	2.50000000e+02
5.09717730e+00	2022-05-17T19:28:50.789738	7	2.53000000e+02
5.11171080e+00	2022-05-17T19:28:50.805368	8	2.93000000e+02
5.12394330e+00	2022-05-17T19:28:50.820987	9	2.52000000e+02
5.13396650e+00	2022-05-17T19:28:50.837010	10	2.48000000e+02
5.14574370e+00	2022-05-17T19:28:50.843503	11	2.32000000e+02
5.16985960e+00	2022-05-17T19:28:50.874776	12	2.47000000e+02
5.18849600e+00	2022-05-17T19:28:50.890437	13	2.52000000e+02
5.19495360e+00	2022-05-17T19:28:50.890437	14	2.49000000e+02
5.20320960e+00	2022-05-17T19:28:50.906552	15	2.47000000e+02
5.21128440e+00	2022-05-17T19:28:50.906552	16	2.63000000e+02
5.22650040e+00	2022-05-17T19:28:50.922146	17	2.40000000e+02
5.23655320e+00	2022-05-17T19:28:50.943774	18	2.49000000e+02
5.25370210e+00	2022-05-17T19:28:50.959439	19	2.51000000e+02
5.26463290e+00	2022-05-17T19:28:50.959439	20	2.51000000e+02
5.27272500e+00	2022-05-17T19:28:50.975564	21	2.70000000e+02
5.28119900e+00	2022-05-17T19:28:50.975564	22	2.51000000e+02
5.30582450e+00	2022-05-17T19:28:51.006288	23	2.51000000e+02
5.32534430e+00	2022-05-17T19:28:51.021927	24	2.50000000e+02
5.33425150e+00	2022-05-17T19:28:51.037505	25	2.61000000e+02
5.34464030e+00	2022-05-17T19:28:51.044527	26	2.51000000e+02
5.36509620e+00	2022-05-17T19:28:51.060699	27	2.61000000e+02
5.37256180e+00	2022-05-17T19:28:51.075822	28	2.55000000e+02
5.38098990e+00	2022-05-17T19:28:51.075822	29	2.32000000e+02
5.39341250e+00	2022-05-17T19:28:51.091439	30	2.51000000e+02
5.40384680e+00	2022-05-17T19:28:51.107459	31	2.51000000e+02
5.41209890e+00	2022-05-17T19:28:51.107459	32	2.69000000e+02
5.43229730e+00	2022-05-17T19:28:51.138334	33	2.87000000e+02
5.44465740e+00	2022-05-17T19:28:51.144869	34	2.50000000e+02
5.45635650e+00	2022-05-17T19:28:51.160532	35	2.50000000e+02
5.46543280e+00	2022-05-17T19:28:51.160532	36	2.48000000e+02
5.47728290e+00	2022-05-17T19:28:51.176606	37	2.48000000e+02
5.50231940e+00	2022-05-17T19:28:51.207389	38	2.24000000e+02
5.51626820e+00	2022-05-17T19:28:51.223020	39	2.51000000e+02
5.52246190e+00	2022-05-17T19:28:51.223020	40	2.93000000e+02
5.53084460e+00	2022-05-17T19:28:51.223020	41	2.48000000e+02
5.54282380e+00	2022-05-17T19:28:51.245128	42	2.32000000e+02
5.55136450e+00	2022-05-17T19:28:51.245128	43	2.47000000e+02
5.56988880e+00	2022-05-17T19:28:51.276405	44	2.53000000e+02
5.58875390e+00	2022-05-17T19:28:51.292036	45	2.93000000e+02
5.60055250e+00	2022-05-17T19:28:51.307654	46	2.64000000e+02
5.60863590e+00	2022-05-17T19:28:51.308158	47	2.58000000e+02
5.61701350e+00	2022-05-17T19:28:51.323820	48	2.75000000e+02
5.63473690e+00	2022-05-17T19:28:51.339431	49	2.50000000e+02
5.65235910e+00	2022-05-17T19:28:51.345474	50	2.53000000e+02
5.65747100e+00	2022-05-17T19:28:51.361139	51	2.53000000e+02
5.66613580e+00	2022-05-17T19:28:51.361139	52	2.54000000e+02
5.67827000e+00	2022-05-17T19:28:51.377225	53	2.51000000e+02
5.70195870e+00	2022-05-17T19:28:51.407977	54	2.59000000e+02
5.72012350e+00	2022-05-17T19:28:51.423624	55	2.63000000e+02
5.72709500e+00	2022-05-17T19:28:51.423624	56	2.51000000e+02
5.73557780e+00	2022-05-17T19:28:51.439756	57	2.51000000e+02
5.74354050e+00	2022-05-17T19:28:51.446254	58	2.51000000e+02
5.75215390e+00	2022-05-17T19:28:51.446254	59	2.51000000e+02
5.77211420e+00	2022-05-17T19:28:51.477526	60	2.55000000e+02
5.78119440e+00	2022-05-17T19:28:51.477526	61	2.53000000e+02
5.79353000e+00	2022-05-17T19:28:51.493764	62	2.47000000e+02
5.80504280e+00	2022-05-17T19:28:51.509865	63	2.47000000e+02
5.81350050e+00	2022-05-17T19:28:51.509865	64	2.49000000e+02
5.83604740e+00	2022-05-17T19:28:51.540657	65	2.52000000e+02
5.85570070e+00	2022-05-17T19:28:51.561860	66	2.51000000e+02
5.86672890e+00	2022-05-17T19:28:51.561860	67	2.51000000e+02
5.87512750e+00	2022-05-17T19:28:51.577888	68	2.49000000e+02
5.90261960e+00	2022-05-17T19:28:51.608719	69	2.56000000e+02
5.90531370e+00	2022-05-17T19:28:51.608719	70	2.46000000e+02
5.91858920e+00	2022-05-17T19:28:51.624377	71	2.54000000e+02
5.92803250e+00	2022-05-17T19:28:51.624377	72	2.47000000e+02
5.93607710e+00	2022-05-17T19:28:51.640495	73	2.93000000e+02
5.94441110e+00	2022-05-17T19:28:51.647008	74	2.48000000e+02
5.95283200e+00	2022-05-17T19:28:51.647008	75	2.53000000e+02
5.97567790e+00	2022-05-17T19:28:51.678324	76	2.48000000e+02
5.99370570e+00	2022-05-17T19:28:51.693908	77	2.47000000e+02
6.00142770e+00	2022-05-17T19:28:51.693908	78	2.49000000e+02
6.01101830e+00	2022-05-17T19:28:51.709531	79	2.48000000e+02
6.03791620e+00	2022-05-17T19:28:51.740770	80	2.54000000e+02
6.05110270e+00	2022-05-17T19:28:51.747306	81	2.82000000e+02
6.06565870e+00	2022-05-17T19:28:51.763470	82	2.51000000e+02
6.07533840e+00	2022-05-17T19:28:51.778960	83	2.51000000e+02
6.08384670e+00	2022-05-17T19:28:51.778960	84	2.52000000e+02
6.10459250e+00	2022-05-17T19:28:51.809819	85	2.47000000e+02
6.12450690e+00	2022-05-17T19:28:51.825475	86	2.54000000e+02
6.12874980e+00	2022-05-17T19:28:51.825475	87	2.48000000e+02
6.13689890e+00	2022-05-17T19:28:51.841601	88	2.26000000e+02
6.14518780e+00	2022-05-17T19:28:51.847894	89	2.51000000e+02
6.15352140e+00	2022-05-17T19:28:51.847894	90	2.28000000e+02
6.17281820e+00	2022-05-17T19:28:51.879166	91	2.50000000e+02
6.19234140e+00	2022-05-17T19:28:51.894810	92	2.51000000e+02
6.20253910e+00	2022-05-17T19:28:51.894810	93	2.57000000e+02
6.21065440e+00	2022-05-17T19:28:51.910812	94	2.52000000e+02
6.23361370e+00	2022-05-17T19:28:51.926031	95	2.47000000e+02
6.23574920e+00	2022-05-17T19:28:51.941696	96	2.50000000e+02
6.25514520e+00	2022-05-17T19:28:51.948242	97	2.48000000e+02
6.25984170e+00	2022-05-17T19:28:51.964067	98	2.48000000e+02
6.26821500e+00	2022-05-17T19:28:51.964067	99	2.49000000e+02
6.28939080e+00	2022-05-17T19:28:51.995134	100	2.40000000e+02
6.30349700e+00	2022-05-17T19:28:52.010729	101	2.48000000e+02
6.32305570e+00	2022-05-17T19:28:52.026392	102	2.61000000e+02
6.33362560e+00	2022-05-17T19:28:52.026392	103	2.47000000e+02
6.34173560e+00	2022-05-17T19:28:52.048376	104	2.48000000e+02
6.35006570e+00	2022-05-17T19:28:52.048376	105	2.48000000e+02
6.38036440e+00	2022-05-17T19:28:52.079686	106	2.46000000e+02
6.39368360e+00	2022-05-17T19:28:52.095306	107	2.49000000e+02
6.39909020e+00	2022-05-17T19:28:52.095306	108	2.51000000e+02
6.40763360e+00	2022-05-17T19:28:52.111410	109	2.50000000e+02
6.43453620e+00	2022-05-17T19:28:52.126536	110	2.47000000e+02
6.43816170e+00	2022-05-17T19:28:52.142148	111	2.47000000e+02
6.45697990e+00	2022-05-17T19:28:52.164311	112	2.47000000e+02
6.46872370e+00	2022-05-17T19:28:52.164311	113	2.91000000e+02
6.47640680e+00	2022-05-17T19:28:52.180151	114	2.26000000e+02
6.48527120e+00	2022-05-17T19:28:52.180151	115	2.87000000e+02
6.50702790e+00	2022-05-17T19:28:52.211198	116	2.52000000e+02
6.52612530e+00	2022-05-17T19:28:52.226851	117	2.60000000e+02
6.53854350e+00	2022-05-17T19:28:52.242882	118	2.52000000e+02
6.55070510e+00	2022-05-17T19:28:52.249236	119	2.58000000e+02
6.57475160e+00	2022-05-17T19:28:52.280509	120	2.48000000e+02
6.59541630e+00	2022-05-17T19:28:52.296146	121	2.40000000e+02
6.60406180e+00	2022-05-17T19:28:52.296146	122	2.47000000e+02
6.61617630e+00	2022-05-17T19:28:52.312620	123	2.55000000e+02
6.64689490e+00	2022-05-17T19:28:52.349405	124	2.47000000e+02
6.66087240e+00	2022-05-17T19:28:52.365031	125	2.52000000e+02
6.66949400e+00	2022-05-17T19:28:52.365031	126	2.52000000e+02
6.67783360e+00	2022-05-17T19:28:52.380650	127	2.53000000e+02
6.70466720e+00	2022-05-17T19:28:52.411918	128	2.48000000e+02
6.70661370e+00	2022-05-17T19:28:52.411918	129	2.58000000e+02
6.72667560e+00	2022-05-17T19:28:52.427555	130	2.51000000e+02
6.73085750e+00	2022-05-17T19:28:52.427555	131	2.51000000e+02
6.73909440e+00	2022-05-17T19:28:52.443703	132	2.62000000e+02
6.74769030e+00	2022-05-17T19:28:52.450175	133	2.95000000e+02
6.76015450e+00	2022-05-17T19:28:52.465800	134	2.60000000e+02
6.77793020e+00	2022-05-17T19:28:52.481447	135	2.51000000e+02
6.79221040e+00	2022-05-17T19:28:52.498174	136	2.53000000e+02
6.79998330e+00	2022-05-17T19:28:52.498174	137	2.51000000e+02
6.80832760e+00	2022-05-17T19:28:52.513798	138	2.51000000e+02
6.81708880e+00	2022-05-17T19:28:52.513798	139	2.60000000e+02
6.84291370e+00	2022-05-17T19:28:52.550113	140	2.50000000e+02
6.85958530e+00	2022-05-17T19:28:52.565772	141	2.50000000e+02
6.86530770e+00	2022-05-17T19:28:52.565772	142	2.52000000e+02
6.87437200e+00	2022-05-17T19:28:52.581366	143	2.51000000e+02
6.88256920e+00	2022-05-17T19:28:52.581366	144	2.52000000e+02
6.90721980e+00	2022-05-17T19:28:52.612627	145	2.51000000e+02
6.92196280e+00	2022-05-17T19:28:52.628290	146	2.51000000e+02
6.93152380e+00	2022-05-17T19:28:52.628290	147	2.52000000e+02
6.93985440e+00	2022-05-17T19:28:52.644418	148	2.32000000e+02
6.94798430e+00	2022-05-17T19:28:52.650777	149	2.54000000e+02
6.95645610e+00	2022-05-17T19:28:52.650777	150	2.67000000e+02
6.98241310e+00	2022-05-17T19:28:52.682023	151	2.50000000e+02
7.00356470e+00	2022-05-17T19:28:52.697645	152	2.97000000e+02
7.00541350e+00	2022-05-17T19:28:52.697645	153	2.46000000e+02
7.01358380e+00	2022-05-17T19:28:52.713266	154	2.48000000e+02
7.04282930e+00	2022-05-17T19:28:52.744538	155	2.50000000e+02
7.06421130e+00	2022-05-17T19:28:52.766738	156	2.65000000e+02
7.07049590e+00	2022-05-17T19:28:52.766738	157	2.87000000e+02
7.07892230e+00	2022-05-17T19:28:52.782748	158	2.48000000e+02
7.08724550e+00	2022-05-17T19:28:52.782748	159	2.61000000e+02
7.11168680e+00	2022-05-17T19:28:52.813564	160	2.52000000e+02
7.12686870e+00	2022-05-17T19:28:52.829228	161	2.50000000e+02
7.13631500e+00	2022-05-17T19:28:52.829228	162	2.53000000e+02
7.14460650e+00	2022-05-17T19:28:52.851265	163	2.32000000e+02
7.15734390e+00	2022-05-17T19:28:52.851265	164	2.52000000e+02
7.18061240e+00	2022-05-17T19:28:52.882537	165	2.54000000e+02
7.19192390e+00	2022-05-17T19:28:52.898165	166	2.51000000e+02
7.19761080e+00	2022-05-17T19:28:52.898165	167	2.52000000e+02
7.20589420e+00	2022-05-17T19:28:52.898165	168	2.52000000e+02
7.21439040e+00	2022-05-17T19:28:52.913948	169	2.52000000e+02
7.23191760e+00	2022-05-17T19:28:52.929721	170	2.52000000e+02
7.24241860e+00	2022-05-17T19:28:52.945021	171	2.65000000e+02
7.25844570e+00	2022-05-17T19:28:52.951557	172	2.40000000e+02
7.26549490e+00	2022-05-17T19:28:52.967218	173	2.36000000e+02
7.27608910e+00	2022-05-17T19:28:52.982803	174	2.51000000e+02
7.28387420e+00	2022-05-17T19:28:52.982803	175	2.51000000e+02
7.30867020e+00	2022-05-17T19:28:53.014070	176	2.51000000e+02
7.33028280e+00	2022-05-17T19:28:53.029704	177	2.55000000e+02
7.34178200e+00	2022-05-17T19:28:53.045771	178	2.52000000e+02
7.35319330e+00	2022-05-17T19:28:53.052094	179	2.50000000e+02
7.37104350e+00	2022-05-17T19:28:53.067758	180	2.55000000e+02
7.37893120e+00	2022-05-17T19:28:53.083366	181	2.51000000e+02
7.39482620e+00	2022-05-17T19:28:53.098997	182	2.52000000e+02
7.40611800e+00	2022-05-17T19:28:53.098997	183	2.79000000e+02
7.41473540e+00	2022-05-17T19:28:53.114672	184	2.51000000e+02
7.42317720e+00	2022-05-17T19:28:53.130241	185	2.52000000e+02
7.44172150e+00	2022-05-17T19:28:53.145852	186	2.52000000e+02
7.46300560e+00	2022-05-17T19:28:53.168066	187	2.50000000e+02
7.47211350e+00	2022-05-17T19:28:53.168066	188	2.52000000e+02
7.48038460e+00	2022-05-17T19:28:53.184140	189	2.66000000e+02
7.48878680e+00	2022-05-17T19:28:53.184140	190	2.52000000e+02
7.51072520e+00	2022-05-17T19:28:53.214912	191	2.46000000e+02
7.52655840e+00	2022-05-17T19:28:53.230544	192	2.47000000e+02
7.53766460e+00	2022-05-17T19:28:53.230544	193	2.40000000e+02
7.54592800e+00	2022-05-17T19:28:53.252279	194	2.48000000e+02
7.55779810e+00	2022-05-17T19:28:53.252279	195	2.49000000e+02
7.58052190e+00	2022-05-17T19:28:53.283525	196	2.46000000e+02
7.60161640e+00	2022-05-17T19:28:53.299189	197	2.48000000e+02
7.61117960e+00	2022-05-17T19:28:53.317138	198	2.59000000e+02
7.61971670e+00	2022-05-17T19:28:53.317138	199	2.24000000e+02
7.64554010e+00	2022-05-17T19:28:53.352446	200	2.48000000e+02
7.66675900e+00	2022-05-17T19:28:53.368107	201	2.50000000e+02
7.67275590e+00	2022-05-17T19:28:53.368107	202	2.52000000e+02
7.68105090e+00	2022-05-17T19:28:53.383691	203	2.47000000e+02
7.68958040e+00	2022-05-17T19:28:53.383691	204	2.48000000e+02
7.71088760e+00	2022-05-17T19:28:53.414963	205	2.51000000e+02
7.73302970e+00	2022-05-17T19:28:53.430595	206	2.61000000e+02
7.74263520e+00	2022-05-17T19:28:53.446269	207	2.51000000e+02
7.75476950e+00	2022-05-17T19:28:53.452797	208	2.55000000e+02
7.77679760e+00	2022-05-17T19:28:53.484043	209	2.32000000e+02
7.79872070e+00	2022-05-17T19:28:53.502844	210	2.94000000e+02
7.80397950e+00	2022-05-17T19:28:53.502844	211	2.50000000e+02
7.81248830e+00	2022-05-17T19:28:53.518469	212	2.52000000e+02
7.82426810e+00	2022-05-17T19:28:53.518469	213	2.51000000e+02
7.84303660e+00	2022-05-17T19:28:53.549750	214	2.51000000e+02
7.86239640e+00	2022-05-17T19:28:53.568455	215	2.51000000e+02
7.86946240e+00	2022-05-17T19:28:53.568455	216	2.32000000e+02
7.87776670e+00	2022-05-17T19:28:53.584070	217	2.52000000e+02
7.89025400e+00	2022-05-17T19:28:53.584070	218	2.60000000e+02
7.90853330e+00	2022-05-17T19:28:53.615293	219	2.51000000e+02
7.92958270e+00	2022-05-17T19:28:53.630936	220	2.48000000e+02
7.93502980e+00	2022-05-17T19:28:53.630936	221	2.51000000e+02
7.94287880e+00	2022-05-17T19:28:53.646518	222	2.59000000e+02
7.95099030e+00	2022-05-17T19:28:53.653402	223	2.51000000e+02
7.95914580e+00	2022-05-17T19:28:53.653402	224	2.34000000e+02
7.98100330e+00	2022-05-17T19:28:53.684681	225	2.40000000e+02
8.00192650e+00	2022-05-17T19:28:53.700307	226	2.48000000e+02
8.00813370e+00	2022-05-17T19:28:53.700307	227	2.63000000e+02
8.01707580e+00	2022-05-17T19:28:53.715892	228	2.48000000e+02
8.04294630e+00	2022-05-17T19:28:53.747171	229	2.54000000e+02
8.05781210e+00	2022-05-17T19:28:53.753716	230	2.51000000e+02
8.06577770e+00	2022-05-17T19:28:53.769386	231	2.61000000e+02
8.07394830e+00	2022-05-17T19:28:53.769386	232	2.52000000e+02
8.08238060e+00	2022-05-17T19:28:53.785468	233	2.55000000e+02
8.09084810e+00	2022-05-17T19:28:53.785468	234	2.51000000e+02
8.10993470e+00	2022-05-17T19:28:53.816230	235	2.61000000e+02
8.12653580e+00	2022-05-17T19:28:53.831864	236	2.48000000e+02
8.13414240e+00	2022-05-17T19:28:53.831864	237	2.47000000e+02
8.14388070e+00	2022-05-17T19:28:53.847737	238	2.53000000e+02
8.15216480e+00	2022-05-17T19:28:53.854234	239	2.47000000e+02
8.16024980e+00	2022-05-17T19:28:53.854234	240	2.58000000e+02
8.18004620e+00	2022-05-17T19:28:53.885511	241	2.49000000e+02
8.20171760e+00	2022-05-17T19:28:53.901102	242	2.71000000e+02
8.20529840e+00	2022-05-17T19:28:53.901102	243	2.54000000e+02
8.21354400e+00	2022-05-17T19:28:53.917232	244	2.51000000e+02
8.22191150e+00	2022-05-17T19:28:53.917232	245	2.60000000e+02
8.24138620e+00	2022-05-17T19:28:53.948002	246	2.54000000e+02
8.26266900e+00	2022-05-17T19:28:53.954547	247	2.66000000e+02
8.27473410e+00	2022-05-17T19:28:53.970200	248	2.55000000e+02
8.29697100e+00	2022-05-17T19:28:54.001439	249	2.47000000e+02
8.31902030e+00	2022-05-17T19:28:54.017071	250	2.47000000e+02
8.32372100e+00	2022-05-17T19:28:54.017071	251	2.48000000e+02
8.33236820e+00	2022-05-17T19:28:54.033111	252	2.54000000e+02
8.34072750e+00	2022-05-17T19:28:54.033111	253	2.51000000e+02
8.35975780e+00	2022-05-17T19:28:54.054391	254	2.51000000e+02
8.37647230e+00	2022-05-17T19:28:54.070042	255	2.47000000e+02
8.38395690e+00	2022-05-17T19:28:54.085675	256	2.49000000e+02
8.38981090e+00	2022-05-17T19:28:54.085675	257	2.55000000e+02
8.39759320e+00	2022-05-17T19:28:54.101584	258	2.51000000e+02
8.40598570e+00	2022-05-17T19:28:54.101584	259	2.52000000e+02
8.42746180e+00	2022-05-17T19:28:54.132530	260	2.55000000e+02
8.44787740e+00	2022-05-17T19:28:54.154705	261	2.51000000e+02
8.45044620e+00	2022-05-17T19:28:54.154705	262	2.53000000e+02
8.45876170e+00	2022-05-17T19:28:54.154705	263	2.71000000e+02
8.46758970e+00	2022-05-17T19:28:54.170885	264	2.61000000e+02
8.47973910e+00	2022-05-17T19:28:54.185953	265	2.51000000e+02
8.48805980e+00	2022-05-17T19:28:54.185953	266	2.87000000e+02
8.50364410e+00	2022-05-17T19:28:54.202092	267	2.63000000e+02
8.51314000e+00	2022-05-17T19:28:54.217227	268	2.50000000e+02
8.53542390e+00	2022-05-17T19:28:54.232856	269	2.46000000e+02
8.54532420e+00	2022-05-17T19:28:54.248438	270	2.48000000e+02
8.55354500e+00	2022-05-17T19:28:54.255428	271	2.54000000e+02
8.57349050e+00	2022-05-17T19:28:54.271574	272	2.52000000e+02
8.58221630e+00	2022-05-17T19:28:54.286704	273	2.55000000e+02
8.59847860e+00	2022-05-17T19:28:54.302397	274	2.47000000e+02
8.60658290e+00	2022-05-17T19:28:54.307941	275	2.49000000e+02
8.61538940e+00	2022-05-17T19:28:54.307941	276	2.48000000e+02
8.63387560e+00	2022-05-17T19:28:54.339234	277	2.55000000e+02
8.65065320e+00	2022-05-17T19:28:54.355391	278	2.48000000e+02
8.65840260e+00	2022-05-17T19:28:54.355391	279	2.47000000e+02
8.66806810e+00	2022-05-17T19:28:54.371450	280	2.48000000e+02
8.67698760e+00	2022-05-17T19:28:54.371450	281	2.51000000e+02
8.69570470e+00	2022-05-17T19:28:54.402294	282	2.50000000e+02
8.70513120e+00	2022-05-17T19:28:54.402294	283	2.51000000e+02
8.72020160e+00	2022-05-17T19:28:54.417906	284	2.51000000e+02
8.72971110e+00	2022-05-17T19:28:54.433999	285	2.51000000e+02
8.74181350e+00	2022-05-17T19:28:54.449122	286	2.61000000e+02
8.76600080e+00	2022-05-17T19:28:54.471874	287	2.48000000e+02
8.78864430e+00	2022-05-17T19:28:54.487580	288	2.62000000e+02
8.79926600e+00	2022-05-17T19:28:54.498047	289	2.47000000e+02
8.80893890e+00	2022-05-17T19:28:54.513703	290	2.51000000e+02
8.82537260e+00	2022-05-17T19:28:54.529293	291	2.28000000e+02
8.84884860e+00	2022-05-17T19:28:54.544950	292	2.87000000e+02
8.85222110e+00	2022-05-17T19:28:54.556496	293	2.50000000e+02
8.86064740e+00	2022-05-17T19:28:54.556496	294	2.64000000e+02
8.86883640e+00	2022-05-17T19:28:54.572654	295	2.49000000e+02
8.87707820e+00	2022-05-17T19:28:54.572654	296	2.51000000e+02
8.89812580e+00	2022-05-17T19:28:54.603399	297	2.55000000e+02
8.91515270e+00	2022-05-17T19:28:54.619023	298	2.47000000e+02
8.92532180e+00	2022-05-17T19:28:54.619023	299	2.48000000e+02
8.93448300e+00	2022-05-17T19:28:54.635087	300	2.47000000e+02
8.95402260e+00	2022-05-17T19:28:54.656820	301	2.49000000e+02
8.96295620e+00	2022-05-17T19:28:54.656820	302	2.77000000e+02
8.98212230e+00	2022-05-17T19:28:54.688092	303	2.47000000e+02
8.99194140e+00	2022-05-17T19:28:54.688092	304	2.51000000e+02
8.99943590e+00	2022-05-17T19:28:54.703718	305	2.55000000e+02
9.00936760e+00	2022-05-17T19:28:54.703718	306	2.66000000e+02
9.03061220e+00	2022-05-17T19:28:54.734957	307	2.51000000e+02
9.04396620e+00	2022-05-17T19:28:54.750589	308	2.55000000e+02
9.05604190e+00	2022-05-17T19:28:54.757141	309	2.59000000e+02
9.06553980e+00	2022-05-17T19:28:54.772776	310	2.52000000e+02
9.07768690e+00	2022-05-17T19:28:54.772776	311	2.50000000e+02
9.10115970e+00	2022-05-17T19:28:54.804034	312	2.47000000e+02
9.10974840e+00	2022-05-17T19:28:54.804034	313	2.51000000e+02
9.11982450e+00	2022-05-17T19:28:54.819670	314	2.52000000e+02
9.13508110e+00	2022-05-17T19:28:54.835251	315	2.53000000e+02
9.14715680e+00	2022-05-17T19:28:54.851316	316	2.47000000e+02
9.15593210e+00	2022-05-17T19:28:54.857817	317	2.47000000e+02
9.18272700e+00	2022-05-17T19:28:54.889089	318	2.47000000e+02
9.19174540e+00	2022-05-17T19:28:54.889089	319	2.55000000e+02
9.20744180e+00	2022-05-17T19:28:54.904726	320	2.52000000e+02
9.21289190e+00	2022-05-17T19:28:54.904726	321	2.93000000e+02
9.22101270e+00	2022-05-17T19:28:54.920343	322	2.53000000e+02
9.24434330e+00	2022-05-17T19:28:54.951575	323	2.69000000e+02
9.24786050e+00	2022-05-17T19:28:54.951575	324	2.60000000e+02
9.26544770e+00	2022-05-17T19:28:54.958109	325	2.50000000e+02
9.27357220e+00	2022-05-17T19:28:54.973772	326	2.55000000e+02
9.28485050e+00	2022-05-17T19:28:54.989381	327	2.51000000e+02
9.29481360e+00	2022-05-17T19:28:54.989381	328	2.87000000e+02
9.31684260e+00	2022-05-17T19:28:55.020624	329	2.59000000e+02
9.34056640e+00	2022-05-17T19:28:55.036279	330	2.32000000e+02
9.34331220e+00	2022-05-17T19:28:55.036279	331	2.51000000e+02
9.35201260e+00	2022-05-17T19:28:55.058133	332	2.51000000e+02
9.36010890e+00	2022-05-17T19:28:55.058133	333	2.48000000e+02
9.37841900e+00	2022-05-17T19:28:55.074078	334	2.51000000e+02
9.38738670e+00	2022-05-17T19:28:55.089405	335	2.67000000e+02
9.40899460e+00	2022-05-17T19:28:55.105039	336	2.55000000e+02
9.43528720e+00	2022-05-17T19:28:55.136244	337	2.40000000e+02
9.45851370e+00	2022-05-17T19:28:55.158408	338	2.51000000e+02
9.46679750e+00	2022-05-17T19:28:55.174033	339	2.54000000e+02
9.47505520e+00	2022-05-17T19:28:55.174033	340	2.51000000e+02
9.50065830e+00	2022-05-17T19:28:55.205306	341	2.46000000e+02
9.51031640e+00	2022-05-17T19:28:55.205306	342	2.60000000e+02
9.52553630e+00	2022-05-17T19:28:55.220938	343	2.24000000e+02
9.52780300e+00	2022-05-17T19:28:55.220938	344	2.40000000e+02
9.53654960e+00	2022-05-17T19:28:55.236984	345	2.51000000e+02
9.56433400e+00	2022-05-17T19:28:55.258627	346	2.52000000e+02
9.57425950e+00	2022-05-17T19:28:55.274277	347	2.50000000e+02
9.59031000e+00	2022-05-17T19:28:55.289913	348	2.32000000e+02
9.60189610e+00	2022-05-17T19:28:55.306059	349	2.51000000e+02
9.61028230e+00	2022-05-17T19:28:55.316198	350	2.54000000e+02
9.62285280e+00	2022-05-17T19:28:55.316198	351	2.63000000e+02
9.64439030e+00	2022-05-17T19:28:55.347470	352	2.52000000e+02
9.66706840e+00	2022-05-17T19:28:55.374188	353	2.63000000e+02
9.67098460e+00	2022-05-17T19:28:55.374188	354	2.49000000e+02
9.67980950e+00	2022-05-17T19:28:55.374188	355	2.48000000e+02
9.68789530e+00	2022-05-17T19:28:55.390145	356	2.62000000e+02
9.69606130e+00	2022-05-17T19:28:55.390145	357	2.47000000e+02
9.71689080e+00	2022-05-17T19:28:55.421050	358	2.50000000e+02
9.72565630e+00	2022-05-17T19:28:55.421050	359	2.51000000e+02
9.73678740e+00	2022-05-17T19:28:55.436677	360	2.59000000e+02
9.74460430e+00	2022-05-17T19:28:55.436677	361	2.55000000e+02
9.75353350e+00	2022-05-17T19:28:55.459431	362	2.51000000e+02
9.76182350e+00	2022-05-17T19:28:55.459431	363	2.47000000e+02
9.78713590e+00	2022-05-17T19:28:55.490732	364	2.51000000e+02
9.81086820e+00	2022-05-17T19:28:55.516445	365	2.51000000e+02
9.81505720e+00	2022-05-17T19:28:55.516445	366	2.57000000e+02
9.82303960e+00	2022-05-17T19:28:55.516445	367	2.53000000e+02
9.83144380e+00	2022-05-17T19:28:55.532563	368	2.63000000e+02
9.85841780e+00	2022-05-17T19:28:55.559599	369	2.47000000e+02
9.87748900e+00	2022-05-17T19:28:55.575301	370	2.47000000e+02
9.88886230e+00	2022-05-17T19:28:55.590845	371	2.51000000e+02
9.91781940e+00	2022-05-17T19:28:55.622088	372	2.50000000e+02
9.94110710e+00	2022-05-17T19:28:55.637739	373	2.52000000e+02
9.94247030e+00	2022-05-17T19:28:55.637739	374	2.79000000e+02
9.95412030e+00	2022-05-17T19:28:55.660262	375	2.32000000e+02
9.96250930e+00	2022-05-17T19:28:55.660262	376	2.51000000e+02
9.98856070e+00	2022-05-17T19:28:55.691533	377	2.55000000e+02
1.00076681e+01	2022-05-17T19:28:55.707131	378	2.51000000e+02
1.00190189e+01	2022-05-17T19:28:55.722753	379	2.53000000e+02
1.00276260e+01	2022-05-17T19:28:55.722753	380	2.55000000e+02
1.00359736e+01	2022-05-17T19:28:55.738372	381	2.51000000e+02
1.00440684e+01	2022-05-17T19:28:55.738372	382	2.52000000e+02
1.00644218e+01	2022-05-17T19:28:55.760536	383	2.57000000e+02
1.00701242e+01	2022-05-17T19:28:55.776247	384	2.54000000e+02
1.00872147e+01	2022-05-17T19:28:55.791818	385	2.46000000e+02
1.00975086e+01	2022-05-17T19:28:55.791818	386	2.32000000e+02
1.01060132e+01	2022-05-17T19:28:55.807906	387	2.48000000e+02
1.01265728e+01	2022-05-17T19:28:55.823530	388	2.49000000e+02
1.01382606e+01	2022-05-17T19:28:55.838671	389	2.32000000e+02
1.01568373e+01	2022-05-17T19:28:55.860851	390	2.54000000e+02
1.01665527e+01	2022-05-17T19:28:55.860851	391	2.52000000e+02
1.01748165e+01	2022-05-17T19:28:55.876511	392	2.66000000e+02
1.01836977e+01	2022-05-17T19:28:55.876511	393	2.59000000e+02
1.01957967e+01	2022-05-17T19:28:55.892497	394	2.52000000e+02
1.02199853e+01	2022-05-17T19:28:55.923366	395	2.51000000e+02
1.02320704e+01	2022-05-17T19:28:55.939005	396	2.68000000e+02
1.02457118e+01	2022-05-17T19:28:55.939005	397	2.51000000e+02
1.02569627e+01	2022-05-17T19:28:55.961513	398	2.55000000e+02
1.02656754e+01	2022-05-17T19:28:55.961513	399	2.55000000e+02
1.02894678e+01	2022-05-17T19:28:55.992785	400	2.85000000e+02
1.02985723e+01	2022-05-17T19:28:55.992785	401	2.57000000e+02
1.03142233e+01	2022-05-17T19:28:56.008422	402	2.50000000e+02
1.03227784e+01	2022-05-17T19:28:56.024499	403	2.52000000e+02
1.03310933e+01	2022-05-17T19:28:56.024499	404	2.55000000e+02
1.03531368e+01	2022-05-17T19:28:56.055271	405	2.52000000e+02
1.03764589e+01	2022-05-17T19:28:56.077479	406	2.59000000e+02
1.03794990e+01	2022-05-17T19:28:56.077479	407	2.40000000e+02
1.03878587e+01	2022-05-17T19:28:56.093611	408	2.52000000e+02
1.03966336e+01	2022-05-17T19:28:56.093611	409	2.52000000e+02
1.04196707e+01	2022-05-17T19:28:56.124320	410	2.66000000e+02
1.04286476e+01	2022-05-17T19:28:56.124320	411	2.59000000e+02
1.04451926e+01	2022-05-17T19:28:56.139942	412	2.57000000e+02
1.04539539e+01	2022-05-17T19:28:56.155974	413	2.55000000e+02
1.04624660e+01	2022-05-17T19:28:56.162242	414	2.75000000e+02
1.04868572e+01	2022-05-17T19:28:56.193523	415	2.50000000e+02
1.05108869e+01	2022-05-17T19:28:56.209147	416	2.91000000e+02
1.05153219e+01	2022-05-17T19:28:56.209147	417	2.51000000e+02
1.05231811e+01	2022-05-17T19:28:56.225204	418	2.58000000e+02
1.05319406e+01	2022-05-17T19:28:56.225204	419	2.63000000e+02
1.05491654e+01	2022-05-17T19:28:56.255972	420	2.50000000e+02
1.05680703e+01	2022-05-17T19:28:56.262509	421	2.51000000e+02
1.05760375e+01	2022-05-17T19:28:56.278151	422	2.54000000e+02
1.05851744e+01	2022-05-17T19:28:56.278151	423	2.51000000e+02
1.05972714e+01	2022-05-17T19:28:56.294214	424	2.55000000e+02
1.06138851e+01	2022-05-17T19:28:56.320021	425	2.47000000e+02
1.06209852e+01	2022-05-17T19:28:56.320021	426	2.48000000e+02
1.06448726e+01	2022-05-17T19:28:56.351298	427	2.52000000e+02
1.06546703e+01	2022-05-17T19:28:56.351298	428	2.64000000e+02
1.06668508e+01	2022-05-17T19:28:56.363100	429	2.51000000e+02
1.06885809e+01	2022-05-17T19:28:56.394372	430	2.54000000e+02
1.07122707e+01	2022-05-17T19:28:56.410011	431	2.50000000e+02
1.07153112e+01	2022-05-17T19:28:56.410011	432	2.65000000e+02
1.07256125e+01	2022-05-17T19:28:56.425984	433	2.51000000e+02
1.07512528e+01	2022-05-17T19:28:56.456858	434	2.50000000e+02
1.07734511e+01	2022-05-17T19:28:56.479055	435	2.51000000e+02
1.07819690e+01	2022-05-17T19:28:56.479055	436	2.53000000e+02
1.07937658e+01	2022-05-17T19:28:56.495292	437	2.48000000e+02
1.08020452e+01	2022-05-17T19:28:56.505832	438	2.87000000e+02
1.08102365e+01	2022-05-17T19:28:56.505832	439	2.48000000e+02
1.08319442e+01	2022-05-17T19:28:56.537115	440	2.52000000e+02
1.08550709e+01	2022-05-17T19:28:56.552735	441	2.50000000e+02
1.08593137e+01	2022-05-17T19:28:56.563741	442	2.52000000e+02
1.08677246e+01	2022-05-17T19:28:56.563741	443	2.52000000e+02
1.08968603e+01	2022-05-17T19:28:56.594999	444	2.51000000e+02
1.09135208e+01	2022-05-17T19:28:56.610646	445	2.52000000e+02
1.09161115e+01	2022-05-17T19:28:56.610646	446	2.68000000e+02
1.09244042e+01	2022-05-17T19:28:56.626728	447	2.53000000e+02
1.09332838e+01	2022-05-17T19:28:56.626728	448	2.51000000e+02
1.09520853e+01	2022-05-17T19:28:56.657472	449	2.53000000e+02
1.09612269e+01	2022-05-17T19:28:56.664017	450	2.55000000e+02
1.09778954e+01	2022-05-17T19:28:56.679681	451	2.50000000e+02
1.09867218e+01	2022-05-17T19:28:56.679681	452	2.50000000e+02
1.09985860e+01	2022-05-17T19:28:56.695553	453	2.47000000e+02
1.10186011e+01	2022-05-17T19:28:56.711460	454	2.52000000e+02
1.10342418e+01	2022-05-17T19:28:56.726548	455	2.53000000e+02
1.10446074e+01	2022-05-17T19:28:56.742161	456	2.52000000e+02
1.10554847e+01	2022-05-17T19:28:56.757788	457	2.51000000e+02
1.10641251e+01	2022-05-17T19:28:56.764756	458	2.52000000e+02
1.10733099e+01	2022-05-17T19:28:56.780425	459	2.52000000e+02
1.10845827e+01	2022-05-17T19:28:56.780425	460	2.51000000e+02
1.11056250e+01	2022-05-17T19:28:56.811649	461	2.55000000e+02
1.11243705e+01	2022-05-17T19:28:56.827282	462	2.52000000e+02
1.11332683e+01	2022-05-17T19:28:56.827282	463	2.52000000e+02
1.11419434e+01	2022-05-17T19:28:56.843369	464	2.53000000e+02
1.11503688e+01	2022-05-17T19:28:56.843369	465	2.91000000e+02
1.11739805e+01	2022-05-17T19:28:56.881036	466	2.50000000e+02
1.11916030e+01	2022-05-17T19:28:56.896631	467	2.55000000e+02
1.11934558e+01	2022-05-17T19:28:56.896631	468	2.54000000e+02
1.12090800e+01	2022-05-17T19:28:56.912286	469	2.95000000e+02
1.12197283e+01	2022-05-17T19:28:56.912286	470	2.59000000e+02
1.12279547e+01	2022-05-17T19:28:56.928080	471	2.52000000e+02
1.12362603e+01	2022-05-17T19:28:56.943513	472	2.63000000e+02
1.12541278e+01	2022-05-17T19:28:56.959192	473	2.50000000e+02
1.12715924e+01	2022-05-17T19:28:56.965739	474	2.54000000e+02
1.12812665e+01	2022-05-17T19:28:56.981407	475	2.55000000e+02
1.12891092e+01	2022-05-17T19:28:56.981407	476	2.55000000e+02
1.12976927e+01	2022-05-17T19:28:56.996985	477	2.63000000e+02
1.13225689e+01	2022-05-17T19:28:57.028228	478	2.50000000e+02
1.13468009e+01	2022-05-17T19:28:57.043923	479	2.48000000e+02
1.13590777e+01	2022-05-17T19:28:57.065650	480	2.87000000e+02
1.13674649e+01	2022-05-17T19:28:57.065650	481	2.47000000e+02
1.13897988e+01	2022-05-17T19:28:57.096897	482	2.55000000e+02
1.14011799e+01	2022-05-17T19:28:57.096897	483	2.50000000e+02
1.14123825e+01	2022-05-17T19:28:57.112555	484	2.51000000e+02
1.14241882e+01	2022-05-17T19:28:57.128139	485	2.51000000e+02
1.14329610e+01	2022-05-17T19:28:57.128139	486	2.51000000e+02
1.14538843e+01	2022-05-17T19:28:57.159410	487	2.47000000e+02
1.14789169e+01	2022-05-17T19:28:57.181629	488	2.60000000e+02
1.14899677e+01	2022-05-17T19:28:57.197211	489	2.51000000e+02
1.14985999e+01	2022-05-17T19:28:57.197211	490	2.63000000e+02
1.15229366e+01	2022-05-17T19:28:57.228480	491	2.51000000e+02
1.15419599e+01	2022-05-17T19:28:57.244112	492	2.51000000e+02
1.15514655e+01	2022-05-17T19:28:57.244112	493	2.55000000e+02
1.15597791e+01	2022-05-17T19:28:57.266126	494	2.51000000e+02
1.15679186e+01	2022-05-17T19:28:57.266126	495	2.51000000e+02
1.15853536e+01	2022-05-17T19:28:57.282120	496	2.87000000e+02
1.15928926e+01	2022-05-17T19:28:57.297398	497	2.50000000e+02
1.16117135e+01	2022-05-17T19:28:57.313111	498	2.63000000e+02
1.16212767e+01	2022-05-17T19:28:57.323153	499	2.47000000e+02
1.16337197e+01	2022-05-17T19:28:57.339304	500	2.47000000e+02
1.16460598e+01	2022-05-17T19:28:57.339304	501	2.51000000e+02
1.16636811e+01	2022-05-17T19:28:57.366336	502	2.32000000e+02
1.16832878e+01	2022-05-17T19:28:57.382002	503	2.52000000e+02
1.16915281e+01	2022-05-17T19:28:57.397583	504	2.50000000e+02
1.16991447e+01	2022-05-17T19:28:57.397583	505	2.48000000e+02
1.17112444e+01	2022-05-17T19:28:57.413210	506	2.85000000e+02
1.17196751e+01	2022-05-17T19:28:57.413210	507	2.46000000e+02
1.17387917e+01	2022-05-17T19:28:57.444447	508	2.50000000e+02
1.17575645e+01	2022-05-17T19:28:57.460105	509	2.51000000e+02
1.17686365e+01	2022-05-17T19:28:57.466651	510	2.52000000e+02
1.17771676e+01	2022-05-17T19:28:57.482781	511	2.51000000e+02
1.17890463e+01	2022-05-17T19:28:57.482781	512	2.52000000e+02
1.18075774e+01	2022-05-17T19:28:57.508479	513	2.50000000e+02
1.18170161e+01	2022-05-17T19:28:57.524178	514	2.53000000e+02
1.18337020e+01	2022-05-17T19:28:57.539757	515	2.50000000e+02
1.18423368e+01	2022-05-17T19:28:57.539757	516	2.51000000e+02
1.18499543e+01	2022-05-17T19:28:57.555937	517	2.58000000e+02
1.18585745e+01	2022-05-17T19:28:57.555937	518	2.93000000e+02
1.18673937e+01	2022-05-17T19:28:57.567359	519	2.60000000e+02
1.18933781e+01	2022-05-17T19:28:57.598605	520	2.57000000e+02
1.19177898e+01	2022-05-17T19:28:57.614267	521	2.50000000e+02
1.19284231e+01	2022-05-17T19:28:57.629892	522	2.51000000e+02
1.19556814e+01	2022-05-17T19:28:57.661091	523	2.53000000e+02
1.19648205e+01	2022-05-17T19:28:57.667627	524	2.55000000e+02
1.19822792e+01	2022-05-17T19:28:57.683290	525	2.32000000e+02
1.19943528e+01	2022-05-17T19:28:57.699400	526	2.52000000e+02
1.20014061e+01	2022-05-17T19:28:57.699400	527	2.51000000e+02
1.20260822e+01	2022-05-17T19:28:57.730153	528	2.52000000e+02
1.20481343e+01	2022-05-17T19:28:57.745767	529	2.51000000e+02
1.20552923e+01	2022-05-17T19:28:57.761384	530	2.52000000e+02
1.20633808e+01	2022-05-17T19:28:57.768471	531	2.87000000e+02
1.20719928e+01	2022-05-17T19:28:57.768471	532	2.51000000e+02
1.20842772e+01	2022-05-17T19:28:57.784663	533	2.53000000e+02
1.21096910e+01	2022-05-17T19:28:57.815373	534	2.51000000e+02
1.21288521e+01	2022-05-17T19:28:57.830996	535	2.62000000e+02
1.21368132e+01	2022-05-17T19:28:57.830996	536	2.55000000e+02
1.21455507e+01	2022-05-17T19:28:57.846874	537	2.55000000e+02
1.21718496e+01	2022-05-17T19:28:57.868541	538	2.50000000e+02
1.21931779e+01	2022-05-17T19:28:57.899826	539	2.51000000e+02
1.22030860e+01	2022-05-17T19:28:57.899826	540	2.59000000e+02
1.22147922e+01	2022-05-17T19:28:57.915921	541	2.58000000e+02
1.22240002e+01	2022-05-17T19:28:57.931069	542	2.52000000e+02
1.22412299e+01	2022-05-17T19:28:57.946695	543	2.50000000e+02
1.22655747e+01	2022-05-17T19:28:57.968853	544	2.51000000e+02
1.22678405e+01	2022-05-17T19:28:57.968853	545	2.51000000e+02
1.22765341e+01	2022-05-17T19:28:57.968853	546	2.52000000e+02
1.22848383e+01	2022-05-17T19:28:57.984860	547	2.71000000e+02
1.23108297e+01	2022-05-17T19:28:58.015753	548	2.51000000e+02
1.23300383e+01	2022-05-17T19:28:58.031380	549	2.51000000e+02
1.23381293e+01	2022-05-17T19:28:58.031380	550	2.52000000e+02
1.23501881e+01	2022-05-17T19:28:58.047403	551	2.47000000e+02
1.23801778e+01	2022-05-17T19:28:58.084570	552	2.47000000e+02
1.23988206e+01	2022-05-17T19:28:58.100215	553	2.50000000e+02
1.24072626e+01	2022-05-17T19:28:58.100215	554	2.53000000e+02
1.24158830e+01	2022-05-17T19:28:58.116230	555	2.54000000e+02
1.24415085e+01	2022-05-17T19:28:58.147068	556	2.54000000e+02
1.24662874e+01	2022-05-17T19:28:58.169231	557	2.46000000e+02
1.24684684e+01	2022-05-17T19:28:58.169231	558	2.55000000e+02
1.24772538e+01	2022-05-17T19:28:58.169231	559	2.55000000e+02
1.24855115e+01	2022-05-17T19:28:58.184856	560	2.51000000e+02
1.25032082e+01	2022-05-17T19:28:58.200859	561	2.51000000e+02
1.25113051e+01	2022-05-17T19:28:58.216124	562	2.52000000e+02
1.25206937e+01	2022-05-17T19:28:58.216124	563	2.55000000e+02
1.25385908e+01	2022-05-17T19:28:58.231757	564	2.51000000e+02
1.25469057e+01	2022-05-17T19:28:58.247787	565	2.52000000e+02
1.25668111e+01	2022-05-17T19:28:58.269137	566	2.53000000e+02
1.25824140e+01	2022-05-17T19:28:58.284787	567	2.51000000e+02
1.26009536e+01	2022-05-17T19:28:58.300418	568	2.53000000e+02
1.26035841e+01	2022-05-17T19:28:58.300418	569	2.51000000e+02
1.26123443e+01	2022-05-17T19:28:58.316657	570	2.51000000e+02
1.26208651e+01	2022-05-17T19:28:58.326691	571	2.51000000e+02
1.26329010e+01	2022-05-17T19:28:58.326691	572	2.52000000e+02
1.26529410e+01	2022-05-17T19:28:58.357966	573	2.52000000e+02
1.26781621e+01	2022-05-17T19:28:58.384672	574	2.51000000e+02
1.26914945e+01	2022-05-17T19:28:58.384672	575	2.47000000e+02
1.27024871e+01	2022-05-17T19:28:58.400723	576	2.59000000e+02
1.27273382e+01	2022-05-17T19:28:58.431542	577	2.50000000e+02
1.27523707e+01	2022-05-17T19:28:58.447166	578	2.51000000e+02
1.27555201e+01	2022-05-17T19:28:58.462765	579	2.53000000e+02
1.27640122e+01	2022-05-17T19:28:58.469902	580	2.55000000e+02
1.27760011e+01	2022-05-17T19:28:58.469902	581	2.51000000e+02
1.27969825e+01	2022-05-17T19:28:58.496167	582	2.91000000e+02
1.28222337e+01	2022-05-17T19:28:58.527459	583	2.28000000e+02
1.28335315e+01	2022-05-17T19:28:58.527459	584	2.53000000e+02
1.28417383e+01	2022-05-17T19:28:58.543559	585	2.51000000e+02
1.28504426e+01	2022-05-17T19:28:58.543559	586	2.51000000e+02
1.28702902e+01	2022-05-17T19:28:58.570086	587	2.57000000e+02
1.28899934e+01	2022-05-17T19:28:58.585760	588	2.51000000e+02
1.28970994e+01	2022-05-17T19:28:58.601378	589	2.51000000e+02
1.29067924e+01	2022-05-17T19:28:58.601378	590	2.52000000e+02
1.29155370e+01	2022-05-17T19:28:58.617501	591	2.52000000e+02
1.29356985e+01	2022-05-17T19:28:58.633125	592	2.53000000e+02
1.29439823e+01	2022-05-17T19:28:58.648234	593	2.51000000e+02
1.29631517e+01	2022-05-17T19:28:58.670400	594	2.54000000e+02
1.29725475e+01	2022-05-17T19:28:58.670400	595	2.47000000e+02
1.29812493e+01	2022-05-17T19:28:58.686684	596	2.54000000e+02
1.29896221e+01	2022-05-17T19:28:58.686684	597	2.50000000e+02
1.30149458e+01	2022-05-17T19:28:58.717294	598	2.51000000e+02
1.30288129e+01	2022-05-17T19:28:58.732922	599	2.51000000e+02
1.30418233e+01	2022-05-17T19:28:58.748545	600	2.60000000e+02
1.30505765e+01	2022-05-17T19:28:58.748545	601	2.51000000e+02
1.30586199e+01	2022-05-17T19:28:58.764594	602	2.59000000e+02
1.30672715e+01	2022-05-17T19:28:58.771160	603	2.66000000e+02
1.30792689e+01	2022-05-17T19:28:58.771160	604	2.54000000e+02
1.30984504e+01	2022-05-17T19:28:58.802435	605	2.48000000e+02
1.31108818e+01	2022-05-17T19:28:58.818067	606	2.55000000e+02
1.31250950e+01	2022-05-17T19:28:58.818067	607	2.46000000e+02
1.31365803e+01	2022-05-17T19:28:58.834093	608	2.65000000e+02
1.31616618e+01	2022-05-17T19:28:58.864928	609	2.51000000e+02
1.31865132e+01	2022-05-17T19:28:58.887119	610	2.64000000e+02
1.31896305e+01	2022-05-17T19:28:58.887119	611	2.53000000e+02
1.31975482e+01	2022-05-17T19:28:58.903329	612	2.53000000e+02
1.32061046e+01	2022-05-17T19:28:58.903329	613	2.48000000e+02
1.32298230e+01	2022-05-17T19:28:58.933972	614	2.47000000e+02
1.32389407e+01	2022-05-17T19:28:58.933972	615	2.61000000e+02
1.32507286e+01	2022-05-17T19:28:58.949619	616	2.62000000e+02
1.32596326e+01	2022-05-17T19:28:58.965334	617	2.58000000e+02
1.32714549e+01	2022-05-17T19:28:58.971381	618	2.55000000e+02
1.32800324e+01	2022-05-17T19:28:58.987077	619	2.51000000e+02
1.32925091e+01	2022-05-17T19:28:58.987077	620	2.65000000e+02
1.33079313e+01	2022-05-17T19:28:59.003148	621	2.50000000e+02
1.33232831e+01	2022-05-17T19:28:59.018275	622	2.59000000e+02
1.33357299e+01	2022-05-17T19:28:59.033921	623	2.59000000e+02
1.33454397e+01	2022-05-17T19:28:59.049569	624	2.58000000e+02
1.33539701e+01	2022-05-17T19:28:59.049569	625	2.32000000e+02
1.33659594e+01	2022-05-17T19:28:59.071984	626	2.55000000e+02
1.33740064e+01	2022-05-17T19:28:59.071984	627	2.53000000e+02
1.33971231e+01	2022-05-17T19:28:59.103230	628	2.52000000e+02
1.34241680e+01	2022-05-17T19:28:59.118911	629	2.64000000e+02
1.34354726e+01	2022-05-17T19:28:59.134988	630	2.51000000e+02
1.34524153e+01	2022-05-17T19:28:59.150134	631	2.50000000e+02
1.34692798e+01	2022-05-17T19:28:59.172246	632	2.51000000e+02
1.34812510e+01	2022-05-17T19:28:59.187923	633	2.51000000e+02
1.34926925e+01	2022-05-17T19:28:59.187923	634	2.61000000e+02
1.35012859e+01	2022-05-17T19:28:59.204023	635	2.32000000e+02
1.35275248e+01	2022-05-17T19:28:59.234760	636	2.51000000e+02
1.35330689e+01	2022-05-17T19:28:59.234760	637	2.79000000e+02
1.35445006e+01	2022-05-17T19:28:59.250386	638	2.64000000e+02
1.35599872e+01	2022-05-17T19:28:59.266029	639	2.51000000e+02
1.35708860e+01	2022-05-17T19:28:59.272778	640	2.57000000e+02
1.35831416e+01	2022-05-17T19:28:59.288921	641	2.32000000e+02
1.35952251e+01	2022-05-17T19:28:59.288921	642	2.51000000e+02
1.36157259e+01	2022-05-17T19:28:59.314702	643	2.40000000e+02
1.36240371e+01	2022-05-17T19:28:59.330372	644	2.40000000e+02
1.36358787e+01	2022-05-17T19:28:59.330372	645	2.51000000e+02
1.36440266e+01	2022-05-17T19:28:59.345987	646	2.54000000e+02
1.36529272e+01	2022-05-17T19:28:59.345987	647	2.55000000e+02
1.36649542e+01	2022-05-17T19:28:59.361861	648	2.51000000e+02
1.36744870e+01	2022-05-17T19:28:59.373274	649	2.51000000e+02
1.36973038e+01	2022-05-17T19:28:59.404546	650	2.95000000e+02
1.37181377e+01	2022-05-17T19:28:59.420180	651	2.51000000e+02
1.37266092e+01	2022-05-17T19:28:59.420180	652	2.51000000e+02
1.37301859e+01	2022-05-17T19:28:59.436183	653	2.52000000e+02
1.37385160e+01	2022-05-17T19:28:59.436183	654	2.87000000e+02
1.37637056e+01	2022-05-17T19:28:59.467031	655	2.79000000e+02
1.37826135e+01	2022-05-17T19:28:59.489248	656	2.79000000e+02
1.37846776e+01	2022-05-17T19:28:59.489248	657	2.53000000e+02
1.37959482e+01	2022-05-17T19:28:59.499289	658	2.64000000e+02
1.38042126e+01	2022-05-17T19:28:59.499289	659	2.54000000e+02
1.38339513e+01	2022-05-17T19:28:59.530561	660	2.51000000e+02
1.38529289e+01	2022-05-17T19:28:59.546195	661	2.52000000e+02
1.38614052e+01	2022-05-17T19:28:59.562053	662	2.62000000e+02
1.38695922e+01	2022-05-17T19:28:59.573879	663	2.51000000e+02
1.38778065e+01	2022-05-17T19:28:59.573879	664	2.40000000e+02
1.39246999e+01	2022-05-17T19:28:59.620787	665	2.32000000e+02
1.39266443e+01	2022-05-17T19:28:59.620787	666	2.56000000e+02
1.39357771e+01	2022-05-17T19:28:59.636368	667	2.55000000e+02
1.39637671e+01	2022-05-17T19:28:59.667636	668	2.87000000e+02
1.39725342e+01	2022-05-17T19:28:59.674183	669	2.91000000e+02
1.39847616e+01	2022-05-17T19:28:59.689827	670	2.51000000e+02
1.39963655e+01	2022-05-17T19:28:59.689827	671	2.54000000e+02
1.40056836e+01	2022-05-17T19:28:59.705900	672	2.54000000e+02
1.40262908e+01	2022-05-17T19:28:59.721086	673	2.50000000e+02
1.40379188e+01	2022-05-17T19:28:59.736697	674	2.32000000e+02
1.40564524e+01	2022-05-17T19:28:59.752333	675	2.51000000e+02
1.40662749e+01	2022-05-17T19:28:59.767914	676	2.52000000e+02
1.40744855e+01	2022-05-17T19:28:59.774792	677	2.51000000e+02
1.40828986e+01	2022-05-17T19:28:59.774792	678	2.63000000e+02
1.40949973e+01	2022-05-17T19:28:59.790454	679	2.52000000e+02
1.41178151e+01	2022-05-17T19:28:59.821687	680	2.91000000e+02
1.41433382e+01	2022-05-17T19:28:59.837321	681	2.51000000e+02
1.41481010e+01	2022-05-17T19:28:59.853350	682	2.95000000e+02
1.41561725e+01	2022-05-17T19:28:59.853350	683	2.58000000e+02
1.41806500e+01	2022-05-17T19:28:59.875078	684	2.51000000e+02
1.42067717e+01	2022-05-17T19:28:59.906363	685	2.52000000e+02
1.42089445e+01	2022-05-17T19:28:59.906363	686	2.54000000e+02
1.42178031e+01	2022-05-17T19:28:59.922551	687	2.50000000e+02
1.42261233e+01	2022-05-17T19:28:59.922551	688	2.58000000e+02
1.42503155e+01	2022-05-17T19:28:59.953214	689	2.52000000e+02
1.42700451e+01	2022-05-17T19:28:59.975394	690	2.94000000e+02
1.42841139e+01	2022-05-17T19:28:59.991046	691	2.53000000e+02
1.42955706e+01	2022-05-17T19:28:59.991046	692	2.51000000e+02
1.43043659e+01	2022-05-17T19:29:00.007160	693	2.95000000e+02
1.43160595e+01	2022-05-17T19:29:00.022261	694	2.62000000e+02
1.43242332e+01	2022-05-17T19:29:00.022261	695	2.52000000e+02
1.43482633e+01	2022-05-17T19:29:00.053528	696	2.52000000e+02
1.43507975e+01	2022-05-17T19:29:00.053528	697	2.87000000e+02
1.43775240e+01	2022-05-17T19:29:00.075712	698	2.51000000e+02
1.43816397e+01	2022-05-17T19:29:00.075712	699	2.54000000e+02
1.43895105e+01	2022-05-17T19:29:00.091828	700	2.52000000e+02
1.43979808e+01	2022-05-17T19:29:00.091828	701	2.66000000e+02
1.44188160e+01	2022-05-17T19:29:00.122606	702	2.51000000e+02
1.44277198e+01	2022-05-17T19:29:00.122606	703	2.52000000e+02
1.44463192e+01	2022-05-17T19:29:00.138237	704	2.51000000e+02
1.44549894e+01	2022-05-17T19:29:00.153859	705	2.52000000e+02
1.44805218e+01	2022-05-17T19:29:00.175754	706	2.40000000e+02
1.44909465e+01	2022-05-17T19:29:00.191421	707	2.50000000e+02
1.45096174e+01	2022-05-17T19:29:00.207039	708	2.40000000e+02
1.45121921e+01	2022-05-17T19:29:00.207039	709	2.58000000e+02
1.45210777e+01	2022-05-17T19:29:00.223150	710	2.55000000e+02
1.45293305e+01	2022-05-17T19:29:00.223150	711	2.51000000e+02
1.45501784e+01	2022-05-17T19:29:00.253890	712	2.55000000e+02
1.45761508e+01	2022-05-17T19:29:00.276069	713	2.51000000e+02
1.45868249e+01	2022-05-17T19:29:00.292216	714	2.52000000e+02
1.45987516e+01	2022-05-17T19:29:00.292216	715	2.32000000e+02
1.46192160e+01	2022-05-17T19:29:00.317819	716	2.55000000e+02
1.46280923e+01	2022-05-17T19:29:00.333483	717	2.32000000e+02
1.46470701e+01	2022-05-17T19:29:00.349105	718	2.51000000e+02
1.46575371e+01	2022-05-17T19:29:00.364698	719	2.95000000e+02
1.46683877e+01	2022-05-17T19:29:00.364698	720	2.55000000e+02
1.46766335e+01	2022-05-17T19:29:00.376651	721	2.52000000e+02
1.46850330e+01	2022-05-17T19:29:00.392285	722	2.51000000e+02
1.47047333e+01	2022-05-17T19:29:00.407923	723	2.28000000e+02
1.47166251e+01	2022-05-17T19:29:00.423555	724	2.58000000e+02
1.47324437e+01	2022-05-17T19:29:00.439170	725	2.50000000e+02
1.47420513e+01	2022-05-17T19:29:00.439170	726	2.40000000e+02
1.47502481e+01	2022-05-17T19:29:00.455120	727	2.58000000e+02
1.47585676e+01	2022-05-17T19:29:00.455120	728	2.52000000e+02
1.47828840e+01	2022-05-17T19:29:00.476989	729	2.63000000e+02
1.48091186e+01	2022-05-17T19:29:00.502761	730	2.51000000e+02
1.48113019e+01	2022-05-17T19:29:00.518424	731	2.52000000e+02
1.48206225e+01	2022-05-17T19:29:00.518424	732	2.55000000e+02
1.48449493e+01	2022-05-17T19:29:00.549654	733	2.51000000e+02
1.48665865e+01	2022-05-17T19:29:00.565286	734	2.51000000e+02
1.48772337e+01	2022-05-17T19:29:00.577329	735	2.53000000e+02
1.48857917e+01	2022-05-17T19:29:00.592976	736	2.52000000e+02
1.48977645e+01	2022-05-17T19:29:00.592976	737	2.53000000e+02
1.49212000e+01	2022-05-17T19:29:00.624198	738	2.50000000e+02
1.49328680e+01	2022-05-17T19:29:00.639850	739	2.51000000e+02
1.49494274e+01	2022-05-17T19:29:00.655441	740	2.56000000e+02
1.49592457e+01	2022-05-17T19:29:00.655441	741	2.52000000e+02
1.49673463e+01	2022-05-17T19:29:00.671625	742	2.51000000e+02
1.49756718e+01	2022-05-17T19:29:00.677915	743	2.55000000e+02
1.49837679e+01	2022-05-17T19:29:00.677915	744	2.52000000e+02
1.50053178e+01	2022-05-17T19:29:00.709187	745	2.51000000e+02
1.50277862e+01	2022-05-17T19:29:00.724811	746	2.28000000e+02
1.50334042e+01	2022-05-17T19:29:00.740444	747	2.54000000e+02
1.50411189e+01	2022-05-17T19:29:00.740444	748	2.52000000e+02
1.50495486e+01	2022-05-17T19:29:00.756061	749	2.87000000e+02
1.50622517e+01	2022-05-17T19:29:00.756061	750	2.64000000e+02
1.50835378e+01	2022-05-17T19:29:00.778130	751	2.55000000e+02
1.51097461e+01	2022-05-17T19:29:00.809414	752	2.53000000e+02
1.51148189e+01	2022-05-17T19:29:00.809414	753	2.51000000e+02
1.51224696e+01	2022-05-17T19:29:00.825508	754	2.51000000e+02
1.51314472e+01	2022-05-17T19:29:00.825508	755	2.61000000e+02
1.51491275e+01	2022-05-17T19:29:00.856281	756	2.51000000e+02
1.51753956e+01	2022-05-17T19:29:00.878437	757	2.52000000e+02
1.51826095e+01	2022-05-17T19:29:00.878437	758	2.53000000e+02
1.51927486e+01	2022-05-17T19:29:00.894224	759	2.51000000e+02
1.52182768e+01	2022-05-17T19:29:00.925364	760	2.52000000e+02
1.52307660e+01	2022-05-17T19:29:00.925364	761	2.52000000e+02
1.52497503e+01	2022-05-17T19:29:00.956586	762	2.52000000e+02
1.52539621e+01	2022-05-17T19:29:00.956586	763	2.51000000e+02
1.52622713e+01	2022-05-17T19:29:00.956586	764	2.71000000e+02
1.52708273e+01	2022-05-17T19:29:00.972666	765	2.51000000e+02
1.52828289e+01	2022-05-17T19:29:00.978675	766	2.67000000e+02
1.52909473e+01	2022-05-17T19:29:00.994691	767	2.52000000e+02
1.53111906e+01	2022-05-17T19:29:01.009950	768	2.69000000e+02
1.53186489e+01	2022-05-17T19:29:01.025576	769	2.51000000e+02
1.53343984e+01	2022-05-17T19:29:01.041213	770	2.61000000e+02
1.53440921e+01	2022-05-17T19:29:01.041213	771	2.60000000e+02
1.53523482e+01	2022-05-17T19:29:01.057374	772	2.51000000e+02
1.53607010e+01	2022-05-17T19:29:01.057374	773	2.60000000e+02
1.53863949e+01	2022-05-17T19:29:01.078963	774	2.50000000e+02
1.54071853e+01	2022-05-17T19:29:01.110247	775	2.87000000e+02
1.54178777e+01	2022-05-17T19:29:01.110247	776	2.51000000e+02
1.54262472e+01	2022-05-17T19:29:01.126232	777	2.51000000e+02
1.54498911e+01	2022-05-17T19:29:01.157100	778	2.34000000e+02
1.54561755e+01	2022-05-17T19:29:01.157100	779	2.51000000e+02
1.54942722e+01	2022-05-17T19:29:01.194863	780	2.61000000e+02
1.54998999e+01	2022-05-17T19:29:01.194863	781	2.51000000e+02
1.55080831e+01	2022-05-17T19:29:01.210772	782	2.51000000e+02
1.55164750e+01	2022-05-17T19:29:01.210772	783	2.51000000e+02
1.55383584e+01	2022-05-17T19:29:01.241730	784	2.52000000e+02
1.55585204e+01	2022-05-17T19:29:01.257382	785	2.54000000e+02
1.55667859e+01	2022-05-17T19:29:01.272973	786	2.86000000e+02
1.55777643e+01	2022-05-17T19:29:01.279480	787	2.52000000e+02
1.55861269e+01	2022-05-17T19:29:01.279480	788	2.51000000e+02
1.56064746e+01	2022-05-17T19:29:01.310792	789	2.51000000e+02
1.56277576e+01	2022-05-17T19:29:01.320872	790	2.51000000e+02
1.56387921e+01	2022-05-17T19:29:01.336536	791	2.71000000e+02
1.56469401e+01	2022-05-17T19:29:01.352736	792	2.54000000e+02
1.56557279e+01	2022-05-17T19:29:01.352736	793	2.54000000e+02
1.56810044e+01	2022-05-17T19:29:01.379377	794	2.55000000e+02
1.57037903e+01	2022-05-17T19:29:01.410664	795	2.51000000e+02
1.57131702e+01	2022-05-17T19:29:01.410664	796	2.57000000e+02
1.57250968e+01	2022-05-17T19:29:01.426559	797	2.52000000e+02
1.57334864e+01	2022-05-17T19:29:01.426559	798	2.63000000e+02
1.57542013e+01	2022-05-17T19:29:01.457523	799	2.51000000e+02
1.57752198e+01	2022-05-17T19:29:01.479762	800	2.65000000e+02
1.57867510e+01	2022-05-17T19:29:01.479762	801	2.52000000e+02
1.57948799e+01	2022-05-17T19:29:01.495503	802	2.87000000e+02
1.58069323e+01	2022-05-17T19:29:01.506068	803	2.53000000e+02
1.58326678e+01	2022-05-17T19:29:01.537314	804	2.51000000e+02
1.58354153e+01	2022-05-17T19:29:01.537314	805	2.52000000e+02
1.58438507e+01	2022-05-17T19:29:01.537314	806	2.55000000e+02
1.58674247e+01	2022-05-17T19:29:01.568685	807	2.53000000e+02
1.58764685e+01	2022-05-17T19:29:01.580193	808	2.51000000e+02
1.58849322e+01	2022-05-17T19:29:01.580193	809	2.53000000e+02
1.59068797e+01	2022-05-17T19:29:01.611464	810	2.50000000e+02
1.59287271e+01	2022-05-17T19:29:01.627106	811	2.55000000e+02
1.59378157e+01	2022-05-17T19:29:01.642683	812	2.51000000e+02
1.59464371e+01	2022-05-17T19:29:01.642683	813	2.53000000e+02
1.59926851e+01	2022-05-17T19:29:01.696091	814	2.52000000e+02
1.60008500e+01	2022-05-17T19:29:01.696091	815	2.55000000e+02
1.60112897e+01	2022-05-17T19:29:01.711675	816	2.51000000e+02
1.60193142e+01	2022-05-17T19:29:01.711675	817	2.60000000e+02
1.60513240e+01	2022-05-17T19:29:01.758578	818	2.61000000e+02
1.60724740e+01	2022-05-17T19:29:01.774199	819	2.59000000e+02
1.60771971e+01	2022-05-17T19:29:01.780743	820	2.53000000e+02
1.60853873e+01	2022-05-17T19:29:01.780743	821	2.32000000e+02
1.60935693e+01	2022-05-17T19:29:01.796688	822	2.52000000e+02
1.61019041e+01	2022-05-17T19:29:01.796688	823	2.51000000e+02
1.61220469e+01	2022-05-17T19:29:01.827649	824	2.32000000e+02
1.61504693e+01	2022-05-17T19:29:01.843269	825	2.86000000e+02
1.61550805e+01	2022-05-17T19:29:01.858890	826	2.55000000e+02
1.61635259e+01	2022-05-17T19:29:01.858890	827	2.32000000e+02
1.61845693e+01	2022-05-17T19:29:01.881050	828	2.52000000e+02
1.62125294e+01	2022-05-17T19:29:01.912335	829	2.51000000e+02
1.62166099e+01	2022-05-17T19:29:01.912335	830	2.55000000e+02
1.62248232e+01	2022-05-17T19:29:01.928122	831	2.51000000e+02
1.62331986e+01	2022-05-17T19:29:01.928122	832	2.54000000e+02
1.62526643e+01	2022-05-17T19:29:01.959161	833	2.51000000e+02
1.62734587e+01	2022-05-17T19:29:01.974822	834	2.59000000e+02
1.62818207e+01	2022-05-17T19:29:01.981368	835	2.51000000e+02
1.62905180e+01	2022-05-17T19:29:01.997019	836	2.52000000e+02
1.63029226e+01	2022-05-17T19:29:01.997019	837	2.51000000e+02
1.63276177e+01	2022-05-17T19:29:02.028271	838	2.55000000e+02
1.63375159e+01	2022-05-17T19:29:02.043887	839	2.53000000e+02
1.63562786e+01	2022-05-17T19:29:02.059522	840	2.40000000e+02
1.63640306e+01	2022-05-17T19:29:02.059522	841	2.52000000e+02
1.63716714e+01	2022-05-17T19:29:02.075610	842	2.55000000e+02
1.63805385e+01	2022-05-17T19:29:02.082123	843	2.54000000e+02
1.64019016e+01	2022-05-17T19:29:02.098242	844	2.51000000e+02
1.64082425e+01	2022-05-17T19:29:02.113400	845	2.51000000e+02
1.64175755e+01	2022-05-17T19:29:02.113400	846	2.54000000e+02
1.64368758e+01	2022-05-17T19:29:02.129031	847	2.63000000e+02
1.64458175e+01	2022-05-17T19:29:02.144852	848	2.51000000e+02
1.64539619e+01	2022-05-17T19:29:02.160262	849	2.51000000e+02
1.64705427e+01	2022-05-17T19:29:02.175854	850	2.53000000e+02
1.64802915e+01	2022-05-17T19:29:02.182386	851	2.51000000e+02
1.64998800e+01	2022-05-17T19:29:02.198048	852	2.28000000e+02
1.65027503e+01	2022-05-17T19:29:02.198048	853	2.51000000e+02
1.65115542e+01	2022-05-17T19:29:02.214141	854	2.52000000e+02
1.65204646e+01	2022-05-17T19:29:02.214141	855	2.51000000e+02
1.65465061e+01	2022-05-17T19:29:02.244875	856	2.53000000e+02
1.65664310e+01	2022-05-17T19:29:02.260536	857	2.51000000e+02
1.65682074e+01	2022-05-17T19:29:02.260536	858	2.51000000e+02
1.65773696e+01	2022-05-17T19:29:02.283154	859	2.58000000e+02
1.65889044e+01	2022-05-17T19:29:02.283154	860	2.69000000e+02
1.66092969e+01	2022-05-17T19:29:02.314461	861	2.64000000e+02
1.66348891e+01	2022-05-17T19:29:02.340159	862	2.58000000e+02
1.66467143e+01	2022-05-17T19:29:02.340159	863	2.62000000e+02
1.66562146e+01	2022-05-17T19:29:02.355740	864	2.51000000e+02
1.66801925e+01	2022-05-17T19:29:02.383425	865	2.50000000e+02
1.67079349e+01	2022-05-17T19:29:02.414715	866	2.52000000e+02
1.67121856e+01	2022-05-17T19:29:02.414715	867	2.53000000e+02
1.67202989e+01	2022-05-17T19:29:02.414715	868	2.51000000e+02
1.67286495e+01	2022-05-17T19:29:02.430836	869	2.55000000e+02
1.67471955e+01	2022-05-17T19:29:02.446325	870	2.59000000e+02
1.67563589e+01	2022-05-17T19:29:02.461568	871	2.51000000e+02
1.67775746e+01	2022-05-17T19:29:02.483237	872	2.53000000e+02
1.67853758e+01	2022-05-17T19:29:02.483237	873	2.51000000e+02
1.67900073e+01	2022-05-17T19:29:02.483237	874	2.65000000e+02
1.67981775e+01	2022-05-17T19:29:02.499438	875	2.51000000e+02
1.68064711e+01	2022-05-17T19:29:02.509441	876	2.68000000e+02
1.68302253e+01	2022-05-17T19:29:02.525141	877	2.51000000e+02
1.68351538e+01	2022-05-17T19:29:02.540727	878	2.51000000e+02
1.68625818e+01	2022-05-17T19:29:02.556383	879	2.50000000e+02
1.68677528e+01	2022-05-17T19:29:02.572389	880	2.51000000e+02
1.68759252e+01	2022-05-17T19:29:02.572389	881	2.51000000e+02
1.68840757e+01	2022-05-17T19:29:02.583469	882	2.52000000e+02
1.69069363e+01	2022-05-17T19:29:02.599136	883	2.55000000e+02
1.69097283e+01	2022-05-17T19:29:02.614716	884	2.51000000e+02
1.69362955e+01	2022-05-17T19:29:02.630410	885	2.63000000e+02
1.69457616e+01	2022-05-17T19:29:02.646476	886	2.52000000e+02
1.69579334e+01	2022-05-17T19:29:02.661580	887	2.55000000e+02
1.69665995e+01	2022-05-17T19:29:02.661580	888	2.95000000e+02
1.69865609e+01	2022-05-17T19:29:02.683606	889	2.51000000e+02
1.70185410e+01	2022-05-17T19:29:02.714851	890	2.55000000e+02
1.70227431e+01	2022-05-17T19:29:02.714851	891	2.51000000e+02
1.70318005e+01	2022-05-17T19:29:02.730472	892	2.51000000e+02
1.70544781e+01	2022-05-17T19:29:02.761741	893	2.60000000e+02
1.70639446e+01	2022-05-17T19:29:02.761741	894	2.87000000e+02
1.70781055e+01	2022-05-17T19:29:02.783882	895	2.51000000e+02
1.70884216e+01	2022-05-17T19:29:02.783882	896	2.79000000e+02
1.70972374e+01	2022-05-17T19:29:02.800067	897	2.91000000e+02
1.71051570e+01	2022-05-17T19:29:02.800067	898	2.52000000e+02
1.71255305e+01	2022-05-17T19:29:02.830775	899	2.51000000e+02
1.71467418e+01	2022-05-17T19:29:02.846406	900	2.51000000e+02
1.71540165e+01	2022-05-17T19:29:02.846406	901	2.54000000e+02
1.71628972e+01	2022-05-17T19:29:02.862284	902	2.55000000e+02
1.71885627e+01	2022-05-17T19:29:02.883943	903	2.51000000e+02
1.72161584e+01	2022-05-17T19:29:02.915225	904	2.66000000e+02
1.72202175e+01	2022-05-17T19:29:02.915225	905	2.28000000e+02
1.72283149e+01	2022-05-17T19:29:02.931342	906	2.52000000e+02
1.72373700e+01	2022-05-17T19:29:02.931342	907	2.53000000e+02
1.72549105e+01	2022-05-17T19:29:02.962090	908	2.50000000e+02
1.72644789e+01	2022-05-17T19:29:02.962090	909	2.51000000e+02
1.72836006e+01	2022-05-17T19:29:02.984252	910	2.51000000e+02
1.72896007e+01	2022-05-17T19:29:02.984252	911	2.55000000e+02
1.72979594e+01	2022-05-17T19:29:02.999915	912	2.51000000e+02
1.73239774e+01	2022-05-17T19:29:03.031146	913	2.95000000e+02
1.73333431e+01	2022-05-17T19:29:03.031146	914	2.97000000e+02
1.73533000e+01	2022-05-17T19:29:03.046772	915	2.51000000e+02
1.73676838e+01	2022-05-17T19:29:03.062825	916	2.55000000e+02
1.73795262e+01	2022-05-17T19:29:03.084742	917	2.52000000e+02
1.73892273e+01	2022-05-17T19:29:03.084742	918	2.32000000e+02
1.74107512e+01	2022-05-17T19:29:03.116046	919	2.75000000e+02
1.74375845e+01	2022-05-17T19:29:03.131649	920	2.55000000e+02
1.74414300e+01	2022-05-17T19:29:03.147235	921	2.51000000e+02
1.74529546e+01	2022-05-17T19:29:03.147235	922	2.52000000e+02
1.74993513e+01	2022-05-17T19:29:03.200667	923	2.51000000e+02
1.75107680e+01	2022-05-17T19:29:03.216782	924	2.32000000e+02
1.75196100e+01	2022-05-17T19:29:03.216782	925	2.51000000e+02
1.75427880e+01	2022-05-17T19:29:03.247517	926	2.55000000e+02
1.75690781e+01	2022-05-17T19:29:03.263149	927	2.55000000e+02
1.75716374e+01	2022-05-17T19:29:03.278779	928	2.54000000e+02
1.75799780e+01	2022-05-17T19:29:03.285905	929	2.32000000e+02
1.75883930e+01	2022-05-17T19:29:03.285905	930	2.52000000e+02
1.76111617e+01	2022-05-17T19:29:03.312235	931	2.40000000e+02
1.76147141e+01	2022-05-17T19:29:03.312235	932	2.50000000e+02
1.76348172e+01	2022-05-17T19:29:03.327911	933	2.63000000e+02
1.76459925e+01	2022-05-17T19:29:03.343519	934	2.53000000e+02
1.76538665e+01	2022-05-17T19:29:03.359104	935	2.51000000e+02
1.76622325e+01	2022-05-17T19:29:03.359104	936	2.60000000e+02
1.76845297e+01	2022-05-17T19:29:03.385798	937	2.61000000e+02
1.77116192e+01	2022-05-17T19:29:03.417086	938	2.34000000e+02
1.77193702e+01	2022-05-17T19:29:03.417086	939	2.51000000e+02
1.77273466e+01	2022-05-17T19:29:03.433289	940	2.60000000e+02
1.77369288e+01	2022-05-17T19:29:03.433289	941	2.52000000e+02
1.77572710e+01	2022-05-17T19:29:03.463961	942	2.51000000e+02
1.77794597e+01	2022-05-17T19:29:03.486074	943	2.52000000e+02
1.77893897e+01	2022-05-17T19:29:03.486074	944	2.52000000e+02
1.77975286e+01	2022-05-17T19:29:03.502435	945	2.48000000e+02
1.78051693e+01	2022-05-17T19:29:03.512445	946	2.52000000e+02
1.78141461e+01	2022-05-17T19:29:03.512445	947	2.40000000e+02
1.78361684e+01	2022-05-17T19:29:03.528070	948	2.52000000e+02
1.78579028e+01	2022-05-17T19:29:03.559352	949	2.51000000e+02
1.78666322e+01	2022-05-17T19:29:03.559352	950	2.51000000e+02
1.78754500e+01	2022-05-17T19:29:03.575394	951	2.52000000e+02
1.78879818e+01	2022-05-17T19:29:03.586968	952	2.52000000e+02
1.79110651e+01	2022-05-17T19:29:03.618250	953	2.50000000e+02
1.79214035e+01	2022-05-17T19:29:03.618250	954	2.55000000e+02
1.79418474e+01	2022-05-17T19:29:03.633914	955	2.52000000e+02
1.79442478e+01	2022-05-17T19:29:03.649507	956	2.54000000e+02
1.79531634e+01	2022-05-17T19:29:03.649507	957	2.54000000e+02
1.79614027e+01	2022-05-17T19:29:03.665679	958	2.48000000e+02
1.79701955e+01	2022-05-17T19:29:03.665679	959	2.51000000e+02
1.79930649e+01	2022-05-17T19:29:03.687305	960	2.50000000e+02
1.80149517e+01	2022-05-17T19:29:03.718588	961	2.28000000e+02
1.80240502e+01	2022-05-17T19:29:03.718588	962	2.87000000e+02
1.80346728e+01	2022-05-17T19:29:03.734174	963	2.50000000e+02
1.80436853e+01	2022-05-17T19:29:03.749795	964	2.52000000e+02
1.80606011e+01	2022-05-17T19:29:03.765442	965	2.64000000e+02
1.80738183e+01	2022-05-17T19:29:03.781063	966	2.53000000e+02
1.80899099e+01	2022-05-17T19:29:03.787607	967	2.51000000e+02
1.81008534e+01	2022-05-17T19:29:03.803622	968	2.48000000e+02
1.81216177e+01	2022-05-17T19:29:03.818985	969	2.55000000e+02
1.81295951e+01	2022-05-17T19:29:03.834500	970	2.28000000e+02
1.81395800e+01	2022-05-17T19:29:03.834500	971	2.51000000e+02
1.81599713e+01	2022-05-17T19:29:03.865754	972	2.52000000e+02
1.81697569e+01	2022-05-17T19:29:03.865754	973	2.53000000e+02
1.81785288e+01	2022-05-17T19:29:03.881892	974	2.53000000e+02
1.81907079e+01	2022-05-17T19:29:03.888374	975	2.32000000e+02
1.82094225e+01	2022-05-17T19:29:03.904609	976	2.54000000e+02
1.82158897e+01	2022-05-17T19:29:03.919647	977	2.51000000e+02
1.82378762e+01	2022-05-17T19:29:03.935278	978	2.51000000e+02
1.82480830e+01	2022-05-17T19:29:03.950900	979	2.51000000e+02
1.82561157e+01	2022-05-17T19:29:03.950900	980	2.56000000e+02
1.82645890e+01	2022-05-17T19:29:03.966999	981	2.51000000e+02
1.82908702e+01	2022-05-17T19:29:03.988675	982	2.51000000e+02
1.82929290e+01	2022-05-17T19:29:03.988675	983	2.50000000e+02
1.83155587e+01	2022-05-17T19:29:04.019960	984	2.51000000e+02
1.83258963e+01	2022-05-17T19:29:04.019960	985	2.53000000e+02
1.83340106e+01	2022-05-17T19:29:04.036040	986	2.51000000e+02
1.83424106e+01	2022-05-17T19:29:04.036040	987	2.53000000e+02
1.83626267e+01	2022-05-17T19:29:04.066810	988	2.59000000e+02
1.83757552e+01	2022-05-17T19:29:04.082453	989	2.52000000e+02
1.83864466e+01	2022-05-17T19:29:04.088999	990	2.51000000e+02
1.84019046e+01	2022-05-17T19:29:04.104671	991	2.54000000e+02
1.84119063e+01	2022-05-17T19:29:04.104671	992	2.52000000e+02
1.84196852e+01	2022-05-17T19:29:04.120634	993	2.53000000e+02
1.84286781e+01	2022-05-17T19:29:04.135891	994	2.40000000e+02
1.84477846e+01	2022-05-17T19:29:04.151516	995	2.53000000e+02
1.84746763e+01	2022-05-17T19:29:04.167145	996	2.51000000e+02
1.84770308e+01	2022-05-17T19:29:04.182768	997	2.55000000e+02
1.84857929e+01	2022-05-17T19:29:04.189853	998	2.55000000e+02
1.84940283e+01	2022-05-17T19:29:04.189853	999	2.52000000e+02
1.85167670e+01	2022-05-17T19:29:04.221099	1000	2.87000000e+02