Time elapsed	Time stamp	Loop Index	GP2Y ADC
s			Cts

5.01656060e+00	2022-05-17T19:29:23.849201	1	2.05000000e+02
5.02669690e+00	2022-05-17T19:29:23.849201	2	2.09000000e+02
5.04636920e+00	2022-05-17T19:29:23.879808	3	2.06000000e+02
5.06723820e+00	2022-05-17T19:29:23.886355	4	2.06000000e+02
5.07280340e+00	2022-05-17T19:29:23.902005	5	2.07000000e+02
5.08859810e+00	2022-05-17T19:29:23.917631	6	2.06000000e+02
5.09547470e+00	2022-05-17T19:29:23.917631	7	1.92000000e+02
5.10417400e+00	2022-05-17T19:29:23.933740	8	2.04000000e+02
5.11266620e+00	2022-05-17T19:29:23.933740	9	2.07000000e+02
5.13599590e+00	2022-05-17T19:29:23.964492	10	2.07000000e+02
5.15208680e+00	2022-05-17T19:29:23.980120	11	2.13000000e+02
5.16163060e+00	2022-05-17T19:29:23.986661	12	2.05000000e+02
5.16969670e+00	2022-05-17T19:29:24.002427	13	2.06000000e+02
5.17808790e+00	2022-05-17T19:29:24.002427	14	2.07000000e+02
5.19962190e+00	2022-05-17T19:29:24.033563	15	2.12000000e+02
5.21561230e+00	2022-05-17T19:29:24.049189	16	2.06000000e+02
5.22192490e+00	2022-05-17T19:29:24.049189	17	2.07000000e+02
5.23174230e+00	2022-05-17T19:29:24.064845	18	2.07000000e+02
5.24375510e+00	2022-05-17T19:29:24.064845	19	2.06000000e+02
5.26723260e+00	2022-05-17T19:29:24.086913	20	2.39000000e+02
5.28502440e+00	2022-05-17T19:29:24.118189	21	2.06000000e+02
5.29258820e+00	2022-05-17T19:29:24.118189	22	2.49000000e+02
5.30173630e+00	2022-05-17T19:29:24.133952	23	2.19000000e+02
5.31306500e+00	2022-05-17T19:29:24.133952	24	2.31000000e+02
5.33219910e+00	2022-05-17T19:29:24.165049	25	2.06000000e+02
5.34724100e+00	2022-05-17T19:29:24.180683	26	2.35000000e+02
5.35821500e+00	2022-05-17T19:29:24.187192	27	2.12000000e+02
5.36675430e+00	2022-05-17T19:29:24.187192	28	2.06000000e+02
5.37882970e+00	2022-05-17T19:29:24.203210	29	2.10000000e+02
5.40193770e+00	2022-05-17T19:29:24.234061	30	2.06000000e+02
5.42041960e+00	2022-05-17T19:29:24.249725	31	2.06000000e+02
5.42788090e+00	2022-05-17T19:29:24.249725	32	2.06000000e+02
5.43581330e+00	2022-05-17T19:29:24.265809	33	2.06000000e+02
5.44449140e+00	2022-05-17T19:29:24.265809	34	2.06000000e+02
5.46559160e+00	2022-05-17T19:29:24.287457	35	2.09000000e+02
5.47797540e+00	2022-05-17T19:29:24.303744	36	2.07000000e+02
5.48547550e+00	2022-05-17T19:29:24.319418	37	2.06000000e+02
5.49737020e+00	2022-05-17T19:29:24.319418	38	1.84000000e+02
5.50574370e+00	2022-05-17T19:29:24.335029	39	2.10000000e+02
5.51406780e+00	2022-05-17T19:29:24.335029	40	1.84000000e+02
5.53576790e+00	2022-05-17T19:29:24.366257	41	2.06000000e+02
5.55409440e+00	2022-05-17T19:29:24.387459	42	2.15000000e+02
5.56318960e+00	2022-05-17T19:29:24.387459	43	2.06000000e+02
5.57558370e+00	2022-05-17T19:29:24.403464	44	2.23000000e+02
5.60084730e+00	2022-05-17T19:29:24.434365	45	2.05000000e+02
5.61702560e+00	2022-05-17T19:29:24.449991	46	2.06000000e+02
5.62826120e+00	2022-05-17T19:29:24.449991	47	2.19000000e+02
5.63755080e+00	2022-05-17T19:29:24.466068	48	2.06000000e+02
5.66326710e+00	2022-05-17T19:29:24.487753	49	2.23000000e+02
5.68214560e+00	2022-05-17T19:29:24.504637	50	2.07000000e+02
5.68600160e+00	2022-05-17T19:29:24.504637	51	2.15000000e+02
5.69408690e+00	2022-05-17T19:29:24.520300	52	2.07000000e+02
5.70243130e+00	2022-05-17T19:29:24.535909	53	2.47000000e+02
5.71959150e+00	2022-05-17T19:29:24.551514	54	2.06000000e+02
5.73343880e+00	2022-05-17T19:29:24.567155	55	1.92000000e+02
5.74275100e+00	2022-05-17T19:29:24.567155	56	2.10000000e+02
5.75108410e+00	2022-05-17T19:29:24.583335	57	2.06000000e+02
5.75976760e+00	2022-05-17T19:29:24.588334	58	2.07000000e+02
5.76817300e+00	2022-05-17T19:29:24.588334	59	2.11000000e+02
5.78691250e+00	2022-05-17T19:29:24.619607	60	2.06000000e+02
5.79582430e+00	2022-05-17T19:29:24.619607	61	2.06000000e+02
5.80841410e+00	2022-05-17T19:29:24.635241	62	2.06000000e+02
5.81802550e+00	2022-05-17T19:29:24.650855	63	2.09000000e+02
5.82913130e+00	2022-05-17T19:29:24.650855	64	2.06000000e+02
5.85105450e+00	2022-05-17T19:29:24.682067	65	2.18000000e+02
5.86927050e+00	2022-05-17T19:29:24.688573	66	2.08000000e+02
5.87833950e+00	2022-05-17T19:29:24.704585	67	2.07000000e+02
5.89848510e+00	2022-05-17T19:29:24.719845	68	2.07000000e+02
5.90553540e+00	2022-05-17T19:29:24.735470	69	2.05000000e+02
5.92377960e+00	2022-05-17T19:29:24.751100	70	2.10000000e+02
5.92742990e+00	2022-05-17T19:29:24.751100	71	2.06000000e+02
5.93542530e+00	2022-05-17T19:29:24.767102	72	2.10000000e+02
5.94400500e+00	2022-05-17T19:29:24.767102	73	2.06000000e+02
5.97052600e+00	2022-05-17T19:29:24.804534	74	2.06000000e+02
5.98942070e+00	2022-05-17T19:29:24.820163	75	2.06000000e+02
6.00100530e+00	2022-05-17T19:29:24.820163	76	2.19000000e+02
6.00959590e+00	2022-05-17T19:29:24.835742	77	2.12000000e+02
6.03918100e+00	2022-05-17T19:29:24.867011	78	2.06000000e+02
6.04932530e+00	2022-05-17T19:29:24.882607	79	2.09000000e+02
6.05773190e+00	2022-05-17T19:29:24.889112	80	2.09000000e+02
6.07000400e+00	2022-05-17T19:29:24.889112	81	2.06000000e+02
6.07903170e+00	2022-05-17T19:29:24.905091	82	2.51000000e+02
6.10202200e+00	2022-05-17T19:29:24.936007	83	2.06000000e+02
6.10720120e+00	2022-05-17T19:29:24.936007	84	2.05000000e+02
6.11538460e+00	2022-05-17T19:29:24.936007	85	2.07000000e+02
6.12795190e+00	2022-05-17T19:29:24.951633	86	2.09000000e+02
6.13614420e+00	2022-05-17T19:29:24.967231	87	2.06000000e+02
6.14469230e+00	2022-05-17T19:29:24.967231	88	2.06000000e+02
6.17241850e+00	2022-05-17T19:29:25.005032	89	2.07000000e+02
6.18531980e+00	2022-05-17T19:29:25.005032	90	2.06000000e+02
6.19393290e+00	2022-05-17T19:29:25.021080	91	2.06000000e+02
6.20171320e+00	2022-05-17T19:29:25.021080	92	1.84000000e+02
6.22653010e+00	2022-05-17T19:29:25.051927	93	2.05000000e+02
6.23883570e+00	2022-05-17T19:29:25.067558	94	2.05000000e+02
6.24705050e+00	2022-05-17T19:29:25.067558	95	2.10000000e+02
6.25509110e+00	2022-05-17T19:29:25.083577	96	2.07000000e+02
6.26360190e+00	2022-05-17T19:29:25.089581	97	2.06000000e+02
6.28911200e+00	2022-05-17T19:29:25.120867	98	2.21000000e+02
6.30820160e+00	2022-05-17T19:29:25.136495	99	2.06000000e+02
6.31248520e+00	2022-05-17T19:29:25.136495	100	2.09000000e+02
6.32058690e+00	2022-05-17T19:29:25.152242	101	2.06000000e+02
6.32925620e+00	2022-05-17T19:29:25.152242	102	2.07000000e+02
6.35112380e+00	2022-05-17T19:29:25.183313	103	2.06000000e+02
6.37065070e+00	2022-05-17T19:29:25.189865	104	1.92000000e+02
6.38213990e+00	2022-05-17T19:29:25.205895	105	2.07000000e+02
6.40611860e+00	2022-05-17T19:29:25.236799	106	2.08000000e+02
6.42527820e+00	2022-05-17T19:29:25.252427	107	2.31000000e+02
6.43577500e+00	2022-05-17T19:29:25.268049	108	2.06000000e+02
6.44766830e+00	2022-05-17T19:29:25.268049	109	2.16000000e+02
6.47189970e+00	2022-05-17T19:29:25.305969	110	2.06000000e+02
6.48618380e+00	2022-05-17T19:29:25.306516	111	2.07000000e+02
6.49685640e+00	2022-05-17T19:29:25.322638	112	2.05000000e+02
6.51539830e+00	2022-05-17T19:29:25.338029	113	2.31000000e+02
6.52941030e+00	2022-05-17T19:29:25.353419	114	1.92000000e+02
6.53725540e+00	2022-05-17T19:29:25.369077	115	2.06000000e+02
6.54564900e+00	2022-05-17T19:29:25.369077	116	2.07000000e+02
6.55430620e+00	2022-05-17T19:29:25.384954	117	2.11000000e+02
6.56244620e+00	2022-05-17T19:29:25.390956	118	2.07000000e+02
6.57051060e+00	2022-05-17T19:29:25.390956	119	2.06000000e+02
6.59088890e+00	2022-05-17T19:29:25.422240	120	2.09000000e+02
6.60488390e+00	2022-05-17T19:29:25.437862	121	1.92000000e+02
6.61554680e+00	2022-05-17T19:29:25.437862	122	2.06000000e+02
6.62375550e+00	2022-05-17T19:29:25.453776	123	2.06000000e+02
6.63259660e+00	2022-05-17T19:29:25.453776	124	2.07000000e+02
6.65313660e+00	2022-05-17T19:29:25.484718	125	2.06000000e+02
6.67324510e+00	2022-05-17T19:29:25.507004	126	2.08000000e+02
6.67653250e+00	2022-05-17T19:29:25.507516	127	2.07000000e+02
6.68507070e+00	2022-05-17T19:29:25.507516	128	2.08000000e+02
6.69351070e+00	2022-05-17T19:29:25.523654	129	2.05000000e+02
6.70183880e+00	2022-05-17T19:29:25.523654	130	2.18000000e+02
6.72291650e+00	2022-05-17T19:29:25.554384	131	2.06000000e+02
6.74241130e+00	2022-05-17T19:29:25.570042	132	2.12000000e+02
6.75071140e+00	2022-05-17T19:29:25.570042	133	2.07000000e+02
6.75893280e+00	2022-05-17T19:29:25.591907	134	2.15000000e+02
6.76829160e+00	2022-05-17T19:29:25.591907	135	2.06000000e+02
6.79083530e+00	2022-05-17T19:29:25.623180	136	2.07000000e+02
6.79983640e+00	2022-05-17T19:29:25.623180	137	2.28000000e+02
6.81256770e+00	2022-05-17T19:29:25.638815	138	2.21000000e+02
6.82451720e+00	2022-05-17T19:29:25.654808	139	2.13000000e+02
6.83298030e+00	2022-05-17T19:29:25.654808	140	2.47000000e+02
6.85442860e+00	2022-05-17T19:29:25.685666	141	2.12000000e+02
6.87418150e+00	2022-05-17T19:29:25.707877	142	2.07000000e+02
6.87734250e+00	2022-05-17T19:29:25.707877	143	2.07000000e+02
6.88572110e+00	2022-05-17T19:29:25.707877	144	2.07000000e+02
6.89419670e+00	2022-05-17T19:29:25.723975	145	2.07000000e+02
6.90234630e+00	2022-05-17T19:29:25.723975	146	2.23000000e+02
6.92248040e+00	2022-05-17T19:29:25.754724	147	2.05000000e+02
6.94299720e+00	2022-05-17T19:29:25.770361	148	2.05000000e+02
6.95204410e+00	2022-05-17T19:29:25.785976	149	2.07000000e+02
6.95972850e+00	2022-05-17T19:29:25.792716	150	2.21000000e+02
6.97235140e+00	2022-05-17T19:29:25.792716	151	2.07000000e+02
6.99249720e+00	2022-05-17T19:29:25.823989	152	2.09000000e+02
7.01296060e+00	2022-05-17T19:29:25.839626	153	2.05000000e+02
7.02458160e+00	2022-05-17T19:29:25.855650	154	2.07000000e+02
7.03278840e+00	2022-05-17T19:29:25.855650	155	2.06000000e+02
7.05750620e+00	2022-05-17T19:29:25.886450	156	2.07000000e+02
7.07172930e+00	2022-05-17T19:29:25.893002	157	2.06000000e+02
7.07829130e+00	2022-05-17T19:29:25.909124	158	2.06000000e+02
7.08739580e+00	2022-05-17T19:29:25.909124	159	2.06000000e+02
7.09884220e+00	2022-05-17T19:29:25.924783	160	2.09000000e+02
7.12286670e+00	2022-05-17T19:29:25.955530	161	2.05000000e+02
7.13341790e+00	2022-05-17T19:29:25.955530	162	2.39000000e+02
7.14739000e+00	2022-05-17T19:29:25.971213	163	2.10000000e+02
7.15634230e+00	2022-05-17T19:29:25.987234	164	2.06000000e+02
7.16449320e+00	2022-05-17T19:29:25.993238	165	2.07000000e+02
7.17269040e+00	2022-05-17T19:29:25.993238	166	2.11000000e+02
7.19468880e+00	2022-05-17T19:29:26.024485	167	2.11000000e+02
7.21508110e+00	2022-05-17T19:29:26.040176	168	2.06000000e+02
7.22586620e+00	2022-05-17T19:29:26.056133	169	2.06000000e+02
7.23427140e+00	2022-05-17T19:29:26.056133	170	2.05000000e+02
7.25801440e+00	2022-05-17T19:29:26.087026	171	2.07000000e+02
7.27784280e+00	2022-05-17T19:29:26.109203	172	2.06000000e+02
7.28709500e+00	2022-05-17T19:29:26.109203	173	2.07000000e+02
7.29562350e+00	2022-05-17T19:29:26.125285	174	2.15000000e+02
7.30355580e+00	2022-05-17T19:29:26.125285	175	2.07000000e+02
7.32438160e+00	2022-05-17T19:29:26.156047	176	2.06000000e+02
7.34412920e+00	2022-05-17T19:29:26.171703	177	2.23000000e+02
7.35237160e+00	2022-05-17T19:29:26.171703	178	2.06000000e+02
7.36128330e+00	2022-05-17T19:29:26.194132	179	2.08000000e+02
7.37345220e+00	2022-05-17T19:29:26.194132	180	2.47000000e+02
7.39393080e+00	2022-05-17T19:29:26.225404	181	2.05000000e+02
7.41393000e+00	2022-05-17T19:29:26.241042	182	2.07000000e+02
7.41818990e+00	2022-05-17T19:29:26.241042	183	2.06000000e+02
7.42670100e+00	2022-05-17T19:29:26.257200	184	2.07000000e+02
7.43469130e+00	2022-05-17T19:29:26.257200	185	2.05000000e+02
7.45810260e+00	2022-05-17T19:29:26.287901	186	2.07000000e+02
7.47660400e+00	2022-05-17T19:29:26.310704	187	2.07000000e+02
7.47908350e+00	2022-05-17T19:29:26.310704	188	2.10000000e+02
7.48815440e+00	2022-05-17T19:29:26.310704	189	2.07000000e+02
7.49629390e+00	2022-05-17T19:29:26.326804	190	2.00000000e+02
7.50483750e+00	2022-05-17T19:29:26.326804	191	2.06000000e+02
7.52586870e+00	2022-05-17T19:29:26.357597	192	2.11000000e+02
7.54656660e+00	2022-05-17T19:29:26.373232	193	2.05000000e+02
7.55755270e+00	2022-05-17T19:29:26.389295	194	2.06000000e+02
7.56653150e+00	2022-05-17T19:29:26.394794	195	2.05000000e+02
7.59610130e+00	2022-05-17T19:29:26.426066	196	2.19000000e+02
7.61838050e+00	2022-05-17T19:29:26.441699	197	2.13000000e+02
7.62694890e+00	2022-05-17T19:29:26.457283	198	2.06000000e+02
7.63767300e+00	2022-05-17T19:29:26.457283	199	2.06000000e+02
7.66267500e+00	2022-05-17T19:29:26.495094	200	2.07000000e+02
7.67291050e+00	2022-05-17T19:29:26.495094	201	2.49000000e+02
7.68614340e+00	2022-05-17T19:29:26.510757	202	2.07000000e+02
7.69664360e+00	2022-05-17T19:29:26.526698	203	2.10000000e+02
7.70503580e+00	2022-05-17T19:29:26.526698	204	2.07000000e+02
7.73029900e+00	2022-05-17T19:29:26.557608	205	2.06000000e+02
7.75036500e+00	2022-05-17T19:29:26.573252	206	2.07000000e+02
7.75427040e+00	2022-05-17T19:29:26.573252	207	2.09000000e+02
7.76252690e+00	2022-05-17T19:29:26.595408	208	2.05000000e+02
7.77063350e+00	2022-05-17T19:29:26.595408	209	2.15000000e+02
7.79294120e+00	2022-05-17T19:29:26.626729	210	2.06000000e+02
7.81399950e+00	2022-05-17T19:29:26.642279	211	2.05000000e+02
7.81967810e+00	2022-05-17T19:29:26.642279	212	2.06000000e+02
7.82809940e+00	2022-05-17T19:29:26.658463	213	1.92000000e+02
7.83647920e+00	2022-05-17T19:29:26.658463	214	2.07000000e+02
7.85658180e+00	2022-05-17T19:29:26.689166	215	2.14000000e+02
7.87690310e+00	2022-05-17T19:29:26.695714	216	2.06000000e+02
7.88092080e+00	2022-05-17T19:29:26.711382	217	2.10000000e+02
7.88943370e+00	2022-05-17T19:29:26.711382	218	1.84000000e+02
7.89768940e+00	2022-05-17T19:29:26.727467	219	2.06000000e+02
7.90576520e+00	2022-05-17T19:29:26.727467	220	2.07000000e+02
7.93215640e+00	2022-05-17T19:29:26.758212	221	2.05000000e+02
7.94694740e+00	2022-05-17T19:29:26.773867	222	2.10000000e+02
7.95885120e+00	2022-05-17T19:29:26.789889	223	2.14000000e+02
7.96762050e+00	2022-05-17T19:29:26.796387	224	2.06000000e+02
7.97536630e+00	2022-05-17T19:29:26.796387	225	2.06000000e+02
7.99455440e+00	2022-05-17T19:29:26.827662	226	2.06000000e+02
8.01537950e+00	2022-05-17T19:29:26.843297	227	2.05000000e+02
8.02467560e+00	2022-05-17T19:29:26.858914	228	2.07000000e+02
8.03219330e+00	2022-05-17T19:29:26.858914	229	2.11000000e+02
8.05620480e+00	2022-05-17T19:29:26.890120	230	2.11000000e+02
8.06144900e+00	2022-05-17T19:29:26.890120	231	2.06000000e+02
8.07897490e+00	2022-05-17T19:29:26.912323	232	2.10000000e+02
8.08566170e+00	2022-05-17T19:29:26.912323	233	2.12000000e+02
8.09456830e+00	2022-05-17T19:29:26.927966	234	2.07000000e+02
8.10634820e+00	2022-05-17T19:29:26.927966	235	2.09000000e+02
8.12567720e+00	2022-05-17T19:29:26.959205	236	2.13000000e+02
8.14077740e+00	2022-05-17T19:29:26.974790	237	2.06000000e+02
8.15130510e+00	2022-05-17T19:29:26.974790	238	2.10000000e+02
8.15959930e+00	2022-05-17T19:29:26.990996	239	1.92000000e+02
8.16863500e+00	2022-05-17T19:29:26.997542	240	2.15000000e+02
8.18014600e+00	2022-05-17T19:29:27.013206	241	2.18000000e+02
8.19755200e+00	2022-05-17T19:29:27.028814	242	2.06000000e+02
8.21292080e+00	2022-05-17T19:29:27.044448	243	2.06000000e+02
8.22059110e+00	2022-05-17T19:29:27.044448	244	2.11000000e+02
8.22935680e+00	2022-05-17T19:29:27.060607	245	2.10000000e+02
8.23765280e+00	2022-05-17T19:29:27.060607	246	2.06000000e+02
8.26177280e+00	2022-05-17T19:29:27.091338	247	2.15000000e+02
8.28104180e+00	2022-05-17T19:29:27.113542	248	2.11000000e+02
8.29088320e+00	2022-05-17T19:29:27.113542	249	2.06000000e+02
8.29897560e+00	2022-05-17T19:29:27.129660	250	2.06000000e+02
8.30714940e+00	2022-05-17T19:29:27.129660	251	2.13000000e+02
8.32779010e+00	2022-05-17T19:29:27.160390	252	2.06000000e+02
8.34835660e+00	2022-05-17T19:29:27.176027	253	2.06000000e+02
8.35225920e+00	2022-05-17T19:29:27.176027	254	2.11000000e+02
8.36036600e+00	2022-05-17T19:29:27.192186	255	2.05000000e+02
8.36813350e+00	2022-05-17T19:29:27.198723	256	2.06000000e+02
8.37764040e+00	2022-05-17T19:29:27.198723	257	2.09000000e+02
8.39798080e+00	2022-05-17T19:29:27.229995	258	2.05000000e+02
8.41859810e+00	2022-05-17T19:29:27.245632	259	2.06000000e+02
8.42121660e+00	2022-05-17T19:29:27.245632	260	2.12000000e+02
8.43002400e+00	2022-05-17T19:29:27.261817	261	2.18000000e+02
8.43842150e+00	2022-05-17T19:29:27.261817	262	2.07000000e+02
8.46048480e+00	2022-05-17T19:29:27.292479	263	2.09000000e+02
8.48235880e+00	2022-05-17T19:29:27.314772	264	2.06000000e+02
8.49191910e+00	2022-05-17T19:29:27.314772	265	2.07000000e+02
8.50377760e+00	2022-05-17T19:29:27.330883	266	2.07000000e+02
8.51213280e+00	2022-05-17T19:29:27.346038	267	2.18000000e+02
8.52995880e+00	2022-05-17T19:29:27.361664	268	2.07000000e+02
8.55086890e+00	2022-05-17T19:29:27.377301	269	2.00000000e+02
8.56061880e+00	2022-05-17T19:29:27.393401	270	2.06000000e+02
8.56881600e+00	2022-05-17T19:29:27.399374	271	2.11000000e+02
8.57775770e+00	2022-05-17T19:29:27.399374	272	2.07000000e+02
8.60047690e+00	2022-05-17T19:29:27.430622	273	2.06000000e+02
8.62086560e+00	2022-05-17T19:29:27.446287	274	2.10000000e+02
8.63067680e+00	2022-05-17T19:29:27.462367	275	2.05000000e+02
8.63898260e+00	2022-05-17T19:29:27.462367	276	2.06000000e+02
8.66113160e+00	2022-05-17T19:29:27.493138	277	2.39000000e+02
8.68096320e+00	2022-05-17T19:29:27.500289	278	1.80000000e+02
8.68328590e+00	2022-05-17T19:29:27.515953	279	2.06000000e+02
8.69246420e+00	2022-05-17T19:29:27.515953	280	2.23000000e+02
8.70490990e+00	2022-05-17T19:29:27.532098	281	1.80000000e+02
8.72940940e+00	2022-05-17T19:29:27.562816	282	2.31000000e+02
8.74062540e+00	2022-05-17T19:29:27.562816	283	2.06000000e+02
8.75549160e+00	2022-05-17T19:29:27.578445	284	2.06000000e+02
8.76592960e+00	2022-05-17T19:29:27.600019	285	2.07000000e+02
8.77429510e+00	2022-05-17T19:29:27.600019	286	1.92000000e+02
8.79781440e+00	2022-05-17T19:29:27.631306	287	2.05000000e+02
8.81420010e+00	2022-05-17T19:29:27.646925	288	2.39000000e+02
8.82162040e+00	2022-05-17T19:29:27.646925	289	2.07000000e+02
8.83154620e+00	2022-05-17T19:29:27.662998	290	2.07000000e+02
8.83977050e+00	2022-05-17T19:29:27.662998	291	2.07000000e+02
8.86330100e+00	2022-05-17T19:29:27.693776	292	2.05000000e+02
8.87180970e+00	2022-05-17T19:29:27.700312	293	2.00000000e+02
8.88663430e+00	2022-05-17T19:29:27.715975	294	2.43000000e+02
8.89705240e+00	2022-05-17T19:29:27.715975	295	2.06000000e+02
8.90520130e+00	2022-05-17T19:29:27.731558	296	2.21000000e+02
8.92423840e+00	2022-05-17T19:29:27.747180	297	2.06000000e+02
8.93185560e+00	2022-05-17T19:29:27.762833	298	2.07000000e+02
8.95376340e+00	2022-05-17T19:29:27.778460	299	2.06000000e+02
8.96231700e+00	2022-05-17T19:29:27.794532	300	2.06000000e+02
8.97048480e+00	2022-05-17T19:29:27.800828	301	2.21000000e+02
8.97914130e+00	2022-05-17T19:29:27.800828	302	2.06000000e+02
8.99859360e+00	2022-05-17T19:29:27.832083	303	1.80000000e+02
9.00904690e+00	2022-05-17T19:29:27.832083	304	2.06000000e+02
9.02395870e+00	2022-05-17T19:29:27.847770	305	2.06000000e+02
9.03219640e+00	2022-05-17T19:29:27.863896	306	2.05000000e+02
9.04051770e+00	2022-05-17T19:29:27.863896	307	2.06000000e+02
9.06756010e+00	2022-05-17T19:29:27.901079	308	2.06000000e+02
9.08121060e+00	2022-05-17T19:29:27.901079	309	2.31000000e+02
9.09336390e+00	2022-05-17T19:29:27.916707	310	2.12000000e+02
9.10172410e+00	2022-05-17T19:29:27.932495	311	2.07000000e+02
9.11006770e+00	2022-05-17T19:29:27.932495	312	2.06000000e+02
9.13385750e+00	2022-05-17T19:29:27.963594	313	2.08000000e+02
9.15509330e+00	2022-05-17T19:29:27.979229	314	2.10000000e+02
9.16263380e+00	2022-05-17T19:29:27.995404	315	2.39000000e+02
9.17146310e+00	2022-05-17T19:29:28.001783	316	2.39000000e+02
9.17976980e+00	2022-05-17T19:29:28.001783	317	2.07000000e+02
9.20221510e+00	2022-05-17T19:29:28.033060	318	2.06000000e+02
9.22378710e+00	2022-05-17T19:29:28.048666	319	2.07000000e+02
9.22875970e+00	2022-05-17T19:29:28.048666	320	2.06000000e+02
9.23697860e+00	2022-05-17T19:29:28.064716	321	2.14000000e+02
9.24553790e+00	2022-05-17T19:29:28.064716	322	2.31000000e+02
9.26569040e+00	2022-05-17T19:29:28.095540	323	2.05000000e+02
9.28727620e+00	2022-05-17T19:29:28.117742	324	2.11000000e+02
9.29860310e+00	2022-05-17T19:29:28.117742	325	2.07000000e+02
9.31070510e+00	2022-05-17T19:29:28.133622	326	2.06000000e+02
9.33335720e+00	2022-05-17T19:29:28.164594	327	2.18000000e+02
9.35434100e+00	2022-05-17T19:29:28.180225	328	2.07000000e+02
9.36516360e+00	2022-05-17T19:29:28.196323	329	2.06000000e+02
9.37623540e+00	2022-05-17T19:29:28.202364	330	1.80000000e+02
9.39983100e+00	2022-05-17T19:29:28.233636	331	2.06000000e+02
9.40315940e+00	2022-05-17T19:29:28.233636	332	2.08000000e+02
9.41868950e+00	2022-05-17T19:29:28.249268	333	2.06000000e+02
9.42947100e+00	2022-05-17T19:29:28.249268	334	2.08000000e+02
9.43772080e+00	2022-05-17T19:29:28.265279	335	2.12000000e+02
9.44600130e+00	2022-05-17T19:29:28.265279	336	2.07000000e+02
9.46679030e+00	2022-05-17T19:29:28.296122	337	2.06000000e+02
9.48432070e+00	2022-05-17T19:29:28.318371	338	2.07000000e+02
9.49166330e+00	2022-05-17T19:29:28.318915	339	2.06000000e+02
9.49430140e+00	2022-05-17T19:29:28.318915	340	2.16000000e+02
9.50305840e+00	2022-05-17T19:29:28.334539	341	2.06000000e+02
9.51149620e+00	2022-05-17T19:29:28.334539	342	2.07000000e+02
9.53517130e+00	2022-05-17T19:29:28.365783	343	1.80000000e+02
9.55689440e+00	2022-05-17T19:29:28.381440	344	2.12000000e+02
9.56827720e+00	2022-05-17T19:29:28.397602	345	2.06000000e+02
9.57759020e+00	2022-05-17T19:29:28.402611	346	2.10000000e+02
9.59768640e+00	2022-05-17T19:29:28.418604	347	2.17000000e+02
9.60871490e+00	2022-05-17T19:29:28.433897	348	2.39000000e+02
9.62465450e+00	2022-05-17T19:29:28.449478	349	2.06000000e+02
9.63355890e+00	2022-05-17T19:29:28.465139	350	2.06000000e+02
9.64247380e+00	2022-05-17T19:29:28.465139	351	2.06000000e+02
9.65169250e+00	2022-05-17T19:29:28.481246	352	2.10000000e+02
9.67924840e+00	2022-05-17T19:29:28.502495	353	2.14000000e+02
9.68205660e+00	2022-05-17T19:29:28.502495	354	2.07000000e+02
9.70428730e+00	2022-05-17T19:29:28.533784	355	2.10000000e+02
9.71677960e+00	2022-05-17T19:29:28.549362	356	2.06000000e+02
9.72838830e+00	2022-05-17T19:29:28.549362	357	2.12000000e+02
9.75157380e+00	2022-05-17T19:29:28.580641	358	2.04000000e+02
9.77296180e+00	2022-05-17T19:29:28.602864	359	2.05000000e+02
9.78246190e+00	2022-05-17T19:29:28.602864	360	2.09000000e+02
9.79395900e+00	2022-05-17T19:29:28.618999	361	2.13000000e+02
9.81810480e+00	2022-05-17T19:29:28.649774	362	2.07000000e+02
9.82777630e+00	2022-05-17T19:29:28.649774	363	2.12000000e+02
9.84290160e+00	2022-05-17T19:29:28.665434	364	2.07000000e+02
9.85086440e+00	2022-05-17T19:29:28.681549	365	2.06000000e+02
9.85964420e+00	2022-05-17T19:29:28.681549	366	2.07000000e+02
9.88164030e+00	2022-05-17T19:29:28.703180	367	2.06000000e+02
9.90146270e+00	2022-05-17T19:29:28.734470	368	1.84000000e+02
9.90858280e+00	2022-05-17T19:29:28.734470	369	2.06000000e+02
9.91684810e+00	2022-05-17T19:29:28.750132	370	2.51000000e+02
9.92510460e+00	2022-05-17T19:29:28.750132	371	2.06000000e+02
9.94911160e+00	2022-05-17T19:29:28.781329	372	2.12000000e+02
9.97309480e+00	2022-05-17T19:29:28.803535	373	2.06000000e+02
9.97809650e+00	2022-05-17T19:29:28.803535	374	1.92000000e+02
9.98679250e+00	2022-05-17T19:29:28.819254	375	2.06000000e+02
9.99866640e+00	2022-05-17T19:29:28.819254	376	2.15000000e+02
1.00163615e+01	2022-05-17T19:29:28.850428	377	2.07000000e+02
1.00284451e+01	2022-05-17T19:29:28.850428	378	2.07000000e+02
1.00443060e+01	2022-05-17T19:29:28.866067	379	2.05000000e+02
1.00562645e+01	2022-05-17T19:29:28.882102	380	2.49000000e+02
1.00860717e+01	2022-05-17T19:29:28.919059	381	2.05000000e+02
1.01034221e+01	2022-05-17T19:29:28.934719	382	2.10000000e+02
1.01171777e+01	2022-05-17T19:29:28.950335	383	2.06000000e+02
1.01210839e+01	2022-05-17T19:29:28.950335	384	2.08000000e+02
1.01298310e+01	2022-05-17T19:29:28.950335	385	2.07000000e+02
1.01379215e+01	2022-05-17T19:29:28.965960	386	2.06000000e+02
1.01462822e+01	2022-05-17T19:29:28.965960	387	2.11000000e+02
1.01631772e+01	2022-05-17T19:29:28.997189	388	2.11000000e+02
1.01759215e+01	2022-05-17T19:29:29.003725	389	2.05000000e+02
1.01863707e+01	2022-05-17T19:29:29.019410	390	2.07000000e+02
1.01949024e+01	2022-05-17T19:29:29.019410	391	2.15000000e+02
1.02034372e+01	2022-05-17T19:29:29.035410	392	2.06000000e+02
1.02118209e+01	2022-05-17T19:29:29.035410	393	2.07000000e+02
1.02365714e+01	2022-05-17T19:29:29.066214	394	2.09000000e+02
1.02600640e+01	2022-05-17T19:29:29.081866	395	2.05000000e+02
1.02651191e+01	2022-05-17T19:29:29.097862	396	2.18000000e+02
1.02770708e+01	2022-05-17T19:29:29.104185	397	2.09000000e+02
1.02850320e+01	2022-05-17T19:29:29.104185	398	2.06000000e+02
1.03059909e+01	2022-05-17T19:29:29.135456	399	2.07000000e+02
1.03309774e+01	2022-05-17T19:29:29.151101	400	2.07000000e+02
1.03428756e+01	2022-05-17T19:29:29.166708	401	2.06000000e+02
1.03684151e+01	2022-05-17T19:29:29.197942	402	2.19000000e+02
1.03924546e+01	2022-05-17T19:29:29.220154	403	2.06000000e+02
1.04036743e+01	2022-05-17T19:29:29.236193	404	2.15000000e+02
1.04126572e+01	2022-05-17T19:29:29.236193	405	2.09000000e+02
1.04372943e+01	2022-05-17T19:29:29.266985	406	2.05000000e+02
1.04613234e+01	2022-05-17T19:29:29.282623	407	2.06000000e+02
1.04628954e+01	2022-05-17T19:29:29.282623	408	2.07000000e+02
1.04738166e+01	2022-05-17T19:29:29.304974	409	2.06000000e+02
1.04826564e+01	2022-05-17T19:29:29.304974	410	2.16000000e+02
1.05071139e+01	2022-05-17T19:29:29.337296	411	2.11000000e+02
1.05245301e+01	2022-05-17T19:29:29.352918	412	2.07000000e+02
1.05354675e+01	2022-05-17T19:29:29.368553	413	2.08000000e+02
1.05478592e+01	2022-05-17T19:29:29.368553	414	2.23000000e+02
1.05673468e+01	2022-05-17T19:29:29.399802	415	2.39000000e+02
1.05910047e+01	2022-05-17T19:29:29.421015	416	2.06000000e+02
1.06009146e+01	2022-05-17T19:29:29.421015	417	2.09000000e+02
1.06091690e+01	2022-05-17T19:29:29.437058	418	2.07000000e+02
1.06342634e+01	2022-05-17T19:29:29.467867	419	2.05000000e+02
1.06508402e+01	2022-05-17T19:29:29.483499	420	1.84000000e+02
1.06592879e+01	2022-05-17T19:29:29.483499	421	2.06000000e+02
1.06701582e+01	2022-05-17T19:29:29.500027	422	2.06000000e+02
1.06787997e+01	2022-05-17T19:29:29.505533	423	2.15000000e+02
1.07054824e+01	2022-05-17T19:29:29.536834	424	2.07000000e+02
1.07216689e+01	2022-05-17T19:29:29.552475	425	2.14000000e+02
1.07318879e+01	2022-05-17T19:29:29.552475	426	2.07000000e+02
1.07401095e+01	2022-05-17T19:29:29.568507	427	2.51000000e+02
1.07490869e+01	2022-05-17T19:29:29.568507	428	2.06000000e+02
1.07668539e+01	2022-05-17T19:29:29.599301	429	2.06000000e+02
1.07889344e+01	2022-05-17T19:29:29.621543	430	2.06000000e+02
1.07977512e+01	2022-05-17T19:29:29.621543	431	2.51000000e+02
1.08096949e+01	2022-05-17T19:29:29.637670	432	2.09000000e+02
1.08177884e+01	2022-05-17T19:29:29.637670	433	2.06000000e+02
1.08362851e+01	2022-05-17T19:29:29.668408	434	2.06000000e+02
1.08578784e+01	2022-05-17T19:29:29.684028	435	2.06000000e+02
1.08628542e+01	2022-05-17T19:29:29.684028	436	2.06000000e+02
1.08711497e+01	2022-05-17T19:29:29.699908	437	2.09000000e+02
1.08797485e+01	2022-05-17T19:29:29.706281	438	2.47000000e+02
1.09035197e+01	2022-05-17T19:29:29.737528	439	2.05000000e+02
1.09128102e+01	2022-05-17T19:29:29.737528	440	2.21000000e+02
1.09287097e+01	2022-05-17T19:29:29.753191	441	2.09000000e+02
1.09407617e+01	2022-05-17T19:29:29.769257	442	2.06000000e+02
1.09491868e+01	2022-05-17T19:29:29.769257	443	2.09000000e+02
1.09677096e+01	2022-05-17T19:29:29.800049	444	2.06000000e+02
1.09846706e+01	2022-05-17T19:29:29.806584	445	2.05000000e+02
1.09936452e+01	2022-05-17T19:29:29.822237	446	1.92000000e+02
1.10024253e+01	2022-05-17T19:29:29.822237	447	2.06000000e+02
1.10146236e+01	2022-05-17T19:29:29.838253	448	2.07000000e+02
1.10352412e+01	2022-05-17T19:29:29.869107	449	2.05000000e+02
1.10593149e+01	2022-05-17T19:29:29.884731	450	2.05000000e+02
1.10682482e+01	2022-05-17T19:29:29.900357	451	2.07000000e+02
1.10793241e+01	2022-05-17T19:29:29.906933	452	2.06000000e+02
1.10878431e+01	2022-05-17T19:29:29.906933	453	2.07000000e+02
1.11025509e+01	2022-05-17T19:29:29.922631	454	2.05000000e+02
1.11235436e+01	2022-05-17T19:29:29.953876	455	2.06000000e+02
1.11254696e+01	2022-05-17T19:29:29.953876	456	2.45000000e+02
1.11397926e+01	2022-05-17T19:29:29.969466	457	2.05000000e+02
1.11490231e+01	2022-05-17T19:29:29.969466	458	2.11000000e+02
1.11578395e+01	2022-05-17T19:29:29.985528	459	2.11000000e+02
1.11661063e+01	2022-05-17T19:29:29.985528	460	2.08000000e+02
1.11834475e+01	2022-05-17T19:29:30.007240	461	2.00000000e+02
1.12004468e+01	2022-05-17T19:29:30.022932	462	1.92000000e+02
1.12115422e+01	2022-05-17T19:29:30.038530	463	2.07000000e+02
1.12227843e+01	2022-05-17T19:29:30.054611	464	2.06000000e+02
1.12322807e+01	2022-05-17T19:29:30.054611	465	2.09000000e+02
1.12521519e+01	2022-05-17T19:29:30.085350	466	2.47000000e+02
1.12690117e+01	2022-05-17T19:29:30.101048	467	2.06000000e+02
1.12764136e+01	2022-05-17T19:29:30.107601	468	2.06000000e+02
1.12841746e+01	2022-05-17T19:29:30.107601	469	2.06000000e+02
1.12924290e+01	2022-05-17T19:29:30.123829	470	2.07000000e+02
1.13023409e+01	2022-05-17T19:29:30.123829	471	2.10000000e+02
1.13231824e+01	2022-05-17T19:29:30.154485	472	2.43000000e+02
1.13457023e+01	2022-05-17T19:29:30.170130	473	2.12000000e+02
1.13500754e+01	2022-05-17T19:29:30.170130	474	2.11000000e+02
1.13586615e+01	2022-05-17T19:29:30.186214	475	2.51000000e+02
1.13667400e+01	2022-05-17T19:29:30.186214	476	2.09000000e+02
1.13839764e+01	2022-05-17T19:29:30.207640	477	2.21000000e+02
1.14051724e+01	2022-05-17T19:29:30.238928	478	1.92000000e+02
1.14117534e+01	2022-05-17T19:29:30.238928	479	2.06000000e+02
1.14204416e+01	2022-05-17T19:29:30.254508	480	2.11000000e+02
1.14322753e+01	2022-05-17T19:29:30.254508	481	2.07000000e+02
1.14542021e+01	2022-05-17T19:29:30.285779	482	2.06000000e+02
1.14718712e+01	2022-05-17T19:29:30.302027	483	2.13000000e+02
1.14814712e+01	2022-05-17T19:29:30.307575	484	1.84000000e+02
1.14898373e+01	2022-05-17T19:29:30.323227	485	2.06000000e+02
1.15018080e+01	2022-05-17T19:29:30.323227	486	2.06000000e+02
1.15217680e+01	2022-05-17T19:29:30.354469	487	2.06000000e+02
1.15400700e+01	2022-05-17T19:29:30.370067	488	2.06000000e+02
1.15478836e+01	2022-05-17T19:29:30.370067	489	2.51000000e+02
1.15592318e+01	2022-05-17T19:29:30.386223	490	2.06000000e+02
1.15672070e+01	2022-05-17T19:29:30.401308	491	2.06000000e+02
1.15900771e+01	2022-05-17T19:29:30.424063	492	2.06000000e+02
1.16148700e+01	2022-05-17T19:29:30.439695	493	2.05000000e+02
1.16202773e+01	2022-05-17T19:29:30.439695	494	2.11000000e+02
1.16291646e+01	2022-05-17T19:29:30.455642	495	2.09000000e+02
1.16554170e+01	2022-05-17T19:29:30.487695	496	2.09000000e+02
1.16652164e+01	2022-05-17T19:29:30.487695	497	2.07000000e+02
1.16821317e+01	2022-05-17T19:29:30.508407	498	2.06000000e+02
1.16905510e+01	2022-05-17T19:29:30.524103	499	2.10000000e+02
1.17024404e+01	2022-05-17T19:29:30.524103	500	2.07000000e+02
1.17238192e+01	2022-05-17T19:29:30.555311	501	2.06000000e+02
1.17488722e+01	2022-05-17T19:29:30.570970	502	2.15000000e+02
1.17602373e+01	2022-05-17T19:29:30.587047	503	2.05000000e+02
1.17850920e+01	2022-05-17T19:29:30.608608	504	2.10000000e+02
1.18046213e+01	2022-05-17T19:29:30.624268	505	2.06000000e+02
1.18125551e+01	2022-05-17T19:29:30.639893	506	2.07000000e+02
1.18214976e+01	2022-05-17T19:29:30.655476	507	2.07000000e+02
1.18299874e+01	2022-05-17T19:29:30.655476	508	2.14000000e+02
1.18458673e+01	2022-05-17T19:29:30.671547	509	2.05000000e+02
1.18560114e+01	2022-05-17T19:29:30.686757	510	2.31000000e+02
1.18808617e+01	2022-05-17T19:29:30.708887	511	2.06000000e+02
1.18911219e+01	2022-05-17T19:29:30.724539	512	2.04000000e+02
1.19032546e+01	2022-05-17T19:29:30.724539	513	2.10000000e+02
1.19246264e+01	2022-05-17T19:29:30.755756	514	2.06000000e+02
1.19423176e+01	2022-05-17T19:29:30.771413	515	2.07000000e+02
1.19522221e+01	2022-05-17T19:29:30.771413	516	2.07000000e+02
1.19608614e+01	2022-05-17T19:29:30.787373	517	2.07000000e+02
1.19694258e+01	2022-05-17T19:29:30.802658	518	1.84000000e+02
1.19859807e+01	2022-05-17T19:29:30.809199	519	2.13000000e+02
1.20073850e+01	2022-05-17T19:29:30.840482	520	1.92000000e+02
1.20136305e+01	2022-05-17T19:29:30.840482	521	2.09000000e+02
1.20221689e+01	2022-05-17T19:29:30.856103	522	2.12000000e+02
1.20340299e+01	2022-05-17T19:29:30.856103	523	2.05000000e+02
1.20553310e+01	2022-05-17T19:29:30.887358	524	2.05000000e+02
1.20757865e+01	2022-05-17T19:29:30.909464	525	2.13000000e+02
1.20834292e+01	2022-05-17T19:29:30.909464	526	2.47000000e+02
1.20921369e+01	2022-05-17T19:29:30.925127	527	2.06000000e+02
1.21045093e+01	2022-05-17T19:29:30.925127	528	2.07000000e+02
1.21255949e+01	2022-05-17T19:29:30.956357	529	2.07000000e+02
1.21441043e+01	2022-05-17T19:29:30.971990	530	2.10000000e+02
1.21587992e+01	2022-05-17T19:29:30.987612	531	2.06000000e+02
1.21651370e+01	2022-05-17T19:29:30.987612	532	2.07000000e+02
1.21734557e+01	2022-05-17T19:29:31.003724	533	2.09000000e+02
1.21820863e+01	2022-05-17T19:29:31.010190	534	2.13000000e+02
1.22074347e+01	2022-05-17T19:29:31.041461	535	2.07000000e+02
1.22104207e+01	2022-05-17T19:29:31.041461	536	2.09000000e+02
1.22286654e+01	2022-05-17T19:29:31.057096	537	2.05000000e+02
1.22394681e+01	2022-05-17T19:29:31.072719	538	1.92000000e+02
1.22513086e+01	2022-05-17T19:29:31.072719	539	2.47000000e+02
1.22721622e+01	2022-05-17T19:29:31.103950	540	2.06000000e+02
1.22977525e+01	2022-05-17T19:29:31.126166	541	2.05000000e+02
1.23090554e+01	2022-05-17T19:29:31.141783	542	2.07000000e+02
1.23209722e+01	2022-05-17T19:29:31.141783	543	2.08000000e+02
1.23407149e+01	2022-05-17T19:29:31.173015	544	2.05000000e+02
1.23652109e+01	2022-05-17T19:29:31.188648	545	2.06000000e+02
1.23699365e+01	2022-05-17T19:29:31.188648	546	2.06000000e+02
1.23784350e+01	2022-05-17T19:29:31.211318	547	2.08000000e+02
1.23865092e+01	2022-05-17T19:29:31.211318	548	2.06000000e+02
1.24109991e+01	2022-05-17T19:29:31.242566	549	2.08000000e+02
1.24361969e+01	2022-05-17T19:29:31.258224	550	2.06000000e+02
1.24397871e+01	2022-05-17T19:29:31.273808	551	2.10000000e+02
1.24481089e+01	2022-05-17T19:29:31.273808	552	2.06000000e+02
1.24635089e+01	2022-05-17T19:29:31.289469	553	2.06000000e+02
1.24743684e+01	2022-05-17T19:29:31.305644	554	2.09000000e+02
1.24991394e+01	2022-05-17T19:29:31.327362	555	2.06000000e+02
1.25053137e+01	2022-05-17T19:29:31.327362	556	2.06000000e+02
1.25137380e+01	2022-05-17T19:29:31.343458	557	2.19000000e+02
1.25402050e+01	2022-05-17T19:29:31.374214	558	2.06000000e+02
1.25441831e+01	2022-05-17T19:29:31.374214	559	2.05000000e+02
1.25694615e+01	2022-05-17T19:29:31.389892	560	2.06000000e+02
1.25747891e+01	2022-05-17T19:29:31.405837	561	2.07000000e+02
1.25832291e+01	2022-05-17T19:29:31.412341	562	2.05000000e+02
1.25915583e+01	2022-05-17T19:29:31.412341	563	2.05000000e+02
1.26116769e+01	2022-05-17T19:29:31.443613	564	2.45000000e+02
1.26305769e+01	2022-05-17T19:29:31.459247	565	2.49000000e+02
1.26399230e+01	2022-05-17T19:29:31.459247	566	2.08000000e+02
1.26496483e+01	2022-05-17T19:29:31.475119	567	2.06000000e+02
1.26746660e+01	2022-05-17T19:29:31.507519	568	2.13000000e+02
1.26997826e+01	2022-05-17T19:29:31.528227	569	2.05000000e+02
1.27101459e+01	2022-05-17T19:29:31.543839	570	2.07000000e+02
1.27180604e+01	2022-05-17T19:29:31.543839	571	2.06000000e+02
1.27428530e+01	2022-05-17T19:29:31.575061	572	2.06000000e+02
1.27624994e+01	2022-05-17T19:29:31.590676	573	2.07000000e+02
1.27714316e+01	2022-05-17T19:29:31.590676	574	2.07000000e+02
1.27800431e+01	2022-05-17T19:29:31.612782	575	2.10000000e+02
1.27919178e+01	2022-05-17T19:29:31.612782	576	2.12000000e+02
1.28130788e+01	2022-05-17T19:29:31.644055	577	2.09000000e+02
1.28322821e+01	2022-05-17T19:29:31.659688	578	2.06000000e+02
1.28406692e+01	2022-05-17T19:29:31.659688	579	2.12000000e+02
1.28493601e+01	2022-05-17T19:29:31.675494	580	2.10000000e+02
1.28594528e+01	2022-05-17T19:29:31.690935	581	2.07000000e+02
1.28771762e+01	2022-05-17T19:29:31.706520	582	2.07000000e+02
1.29006881e+01	2022-05-17T19:29:31.728725	583	2.06000000e+02
1.29109359e+01	2022-05-17T19:29:31.744334	584	2.12000000e+02
1.29190128e+01	2022-05-17T19:29:31.744334	585	2.06000000e+02
1.29436370e+01	2022-05-17T19:29:31.775574	586	2.11000000e+02
1.29635810e+01	2022-05-17T19:29:31.791210	587	2.09000000e+02
1.29719290e+01	2022-05-17T19:29:31.791210	588	2.06000000e+02
1.29805914e+01	2022-05-17T19:29:31.813455	589	2.06000000e+02
1.29926076e+01	2022-05-17T19:29:31.813455	590	2.19000000e+02
1.30128260e+01	2022-05-17T19:29:31.844728	591	2.05000000e+02
1.30219844e+01	2022-05-17T19:29:31.844728	592	2.13000000e+02
1.30335213e+01	2022-05-17T19:29:31.860365	593	2.12000000e+02
1.30412004e+01	2022-05-17T19:29:31.860365	594	2.06000000e+02
1.30498197e+01	2022-05-17T19:29:31.876233	595	2.06000000e+02
1.30598602e+01	2022-05-17T19:29:31.891568	596	2.06000000e+02
1.30732827e+01	2022-05-17T19:29:31.907191	597	2.47000000e+02
1.30826415e+01	2022-05-17T19:29:31.913707	598	2.09000000e+02
1.31070124e+01	2022-05-17T19:29:31.929371	599	2.09000000e+02
1.31151937e+01	2022-05-17T19:29:31.945495	600	2.08000000e+02
1.31240110e+01	2022-05-17T19:29:31.945495	601	2.06000000e+02
1.31442487e+01	2022-05-17T19:29:31.976223	602	2.06000000e+02
1.31536321e+01	2022-05-17T19:29:31.976223	603	2.14000000e+02
1.31649494e+01	2022-05-17T19:29:31.991861	604	2.06000000e+02
1.31800404e+01	2022-05-17T19:29:32.013989	605	2.10000000e+02
1.31891544e+01	2022-05-17T19:29:32.013989	606	2.07000000e+02
1.31974803e+01	2022-05-17T19:29:32.030235	607	2.19000000e+02
1.32056320e+01	2022-05-17T19:29:32.030235	608	2.06000000e+02
1.32304685e+01	2022-05-17T19:29:32.060890	609	2.05000000e+02
1.32552904e+01	2022-05-17T19:29:32.076517	610	2.05000000e+02
1.32600431e+01	2022-05-17T19:29:32.092175	611	2.06000000e+02
1.32710807e+01	2022-05-17T19:29:32.092175	612	2.07000000e+02
1.32949672e+01	2022-05-17T19:29:32.114247	613	2.08000000e+02
1.33050365e+01	2022-05-17T19:29:32.129897	614	2.09000000e+02
1.33166373e+01	2022-05-17T19:29:32.145531	615	2.15000000e+02
1.33285550e+01	2022-05-17T19:29:32.161557	616	2.05000000e+02
1.33367150e+01	2022-05-17T19:29:32.161557	617	2.06000000e+02
1.33446691e+01	2022-05-17T19:29:32.177360	618	2.12000000e+02
1.33623695e+01	2022-05-17T19:29:32.192363	619	2.05000000e+02
1.33823380e+01	2022-05-17T19:29:32.214553	620	2.06000000e+02
1.33943877e+01	2022-05-17T19:29:32.214553	621	2.06000000e+02
1.34062793e+01	2022-05-17T19:29:32.230644	622	2.07000000e+02
1.34303000e+01	2022-05-17T19:29:32.261447	623	2.06000000e+02
1.34545707e+01	2022-05-17T19:29:32.277080	624	2.07000000e+02
1.34596346e+01	2022-05-17T19:29:32.292705	625	2.06000000e+02
1.34679225e+01	2022-05-17T19:29:32.292705	626	2.13000000e+02
1.34916481e+01	2022-05-17T19:29:32.314577	627	2.07000000e+02
1.34942159e+01	2022-05-17T19:29:32.314577	628	2.13000000e+02
1.35195751e+01	2022-05-17T19:29:32.345861	629	2.06000000e+02
1.35290921e+01	2022-05-17T19:29:32.361975	630	1.84000000e+02
1.35374481e+01	2022-05-17T19:29:32.361975	631	2.07000000e+02
1.35630099e+01	2022-05-17T19:29:32.392716	632	2.05000000e+02
1.35807646e+01	2022-05-17T19:29:32.414854	633	2.04000000e+02
1.35900924e+01	2022-05-17T19:29:32.414854	634	2.08000000e+02
1.35993092e+01	2022-05-17T19:29:32.430707	635	2.06000000e+02
1.36110951e+01	2022-05-17T19:29:32.430707	636	2.51000000e+02
1.36301292e+01	2022-05-17T19:29:32.461747	637	2.06000000e+02
1.36395930e+01	2022-05-17T19:29:32.461747	638	2.07000000e+02
1.36572743e+01	2022-05-17T19:29:32.477386	639	2.07000000e+02
1.36684478e+01	2022-05-17T19:29:32.494396	640	2.00000000e+02
1.36925504e+01	2022-05-17T19:29:32.515108	641	2.07000000e+02
1.36951627e+01	2022-05-17T19:29:32.515108	642	2.13000000e+02
1.37143568e+01	2022-05-17T19:29:32.546406	643	2.06000000e+02
1.37252784e+01	2022-05-17T19:29:32.546406	644	2.23000000e+02
1.37338041e+01	2022-05-17T19:29:32.562506	645	2.06000000e+02
1.37422576e+01	2022-05-17T19:29:32.562506	646	2.07000000e+02
1.37619120e+01	2022-05-17T19:29:32.593230	647	2.07000000e+02
1.37874297e+01	2022-05-17T19:29:32.615472	648	2.13000000e+02
1.37913695e+01	2022-05-17T19:29:32.615472	649	2.06000000e+02
1.37994066e+01	2022-05-17T19:29:32.631389	650	2.18000000e+02
1.38079531e+01	2022-05-17T19:29:32.631389	651	2.06000000e+02
1.38317018e+01	2022-05-17T19:29:32.662340	652	2.06000000e+02
1.38559713e+01	2022-05-17T19:29:32.677993	653	2.10000000e+02
1.38573923e+01	2022-05-17T19:29:32.677993	654	2.07000000e+02
1.38690615e+01	2022-05-17T19:29:32.694058	655	2.05000000e+02
1.38924496e+01	2022-05-17T19:29:32.715790	656	2.07000000e+02
1.38950089e+01	2022-05-17T19:29:32.715790	657	2.06000000e+02
1.39196438e+01	2022-05-17T19:29:32.747074	658	2.05000000e+02
1.39225870e+01	2022-05-17T19:29:32.747074	659	2.11000000e+02
1.39304646e+01	2022-05-17T19:29:32.763286	660	2.09000000e+02
1.39390884e+01	2022-05-17T19:29:32.763286	661	2.11000000e+02
1.39627000e+01	2022-05-17T19:29:32.793926	662	2.11000000e+02
1.39720395e+01	2022-05-17T19:29:32.793926	663	2.19000000e+02
1.39895205e+01	2022-05-17T19:29:32.816109	664	2.05000000e+02
1.39999111e+01	2022-05-17T19:29:32.832027	665	2.06000000e+02
1.40086722e+01	2022-05-17T19:29:32.832027	666	2.07000000e+02
1.40308412e+01	2022-05-17T19:29:32.863002	667	2.05000000e+02
1.40563126e+01	2022-05-17T19:29:32.878599	668	2.46000000e+02
1.40627236e+01	2022-05-17T19:29:32.894642	669	2.05000000e+02
1.40734882e+01	2022-05-17T19:29:32.894642	670	2.12000000e+02
1.40963245e+01	2022-05-17T19:29:32.916344	671	2.07000000e+02
1.41207429e+01	2022-05-17T19:29:32.947627	672	2.19000000e+02
1.41271261e+01	2022-05-17T19:29:32.947627	673	2.45000000e+02
1.41351913e+01	2022-05-17T19:29:32.963535	674	2.09000000e+02
1.41434558e+01	2022-05-17T19:29:32.963535	675	2.06000000e+02
1.41641262e+01	2022-05-17T19:29:32.994479	676	1.92000000e+02
1.41849829e+01	2022-05-17T19:29:33.016679	677	2.06000000e+02
1.42005717e+01	2022-05-17T19:29:33.032349	678	2.08000000e+02
1.42091118e+01	2022-05-17T19:29:33.032349	679	2.19000000e+02
1.42167384e+01	2022-05-17T19:29:33.048214	680	2.06000000e+02
1.42256626e+01	2022-05-17T19:29:33.048214	681	2.05000000e+02
1.42482953e+01	2022-05-17T19:29:33.079196	682	2.14000000e+02
1.42738044e+01	2022-05-17T19:29:33.094827	683	2.07000000e+02
1.42841979e+01	2022-05-17T19:29:33.117025	684	2.47000000e+02
1.42951286e+01	2022-05-17T19:29:33.117025	685	2.11000000e+02
1.43168179e+01	2022-05-17T19:29:33.148282	686	2.07000000e+02
1.43427600e+01	2022-05-17T19:29:33.163942	687	2.06000000e+02
1.43525876e+01	2022-05-17T19:29:33.180029	688	2.39000000e+02
1.43611566e+01	2022-05-17T19:29:33.195144	689	2.12000000e+02
1.43730323e+01	2022-05-17T19:29:33.195144	690	2.39000000e+02
1.43971810e+01	2022-05-17T19:29:33.217341	691	2.19000000e+02
1.44206344e+01	2022-05-17T19:29:33.248629	692	2.06000000e+02
1.44263066e+01	2022-05-17T19:29:33.248629	693	2.07000000e+02
1.44344518e+01	2022-05-17T19:29:33.264495	694	1.80000000e+02
1.44428544e+01	2022-05-17T19:29:33.264495	695	2.06000000e+02
1.44728645e+01	2022-05-17T19:29:33.295476	696	2.19000000e+02
1.44776074e+01	2022-05-17T19:29:33.311477	697	2.08000000e+02
1.44930643e+01	2022-05-17T19:29:33.317519	698	2.06000000e+02
1.45039052e+01	2022-05-17T19:29:33.333566	699	2.17000000e+02
1.45122148e+01	2022-05-17T19:29:33.333566	700	2.06000000e+02
1.45319680e+01	2022-05-17T19:29:33.364412	701	2.06000000e+02
1.45578385e+01	2022-05-17T19:29:33.380008	702	2.07000000e+02
1.45694010e+01	2022-05-17T19:29:33.395948	703	2.10000000e+02
1.45950122e+01	2022-05-17T19:29:33.417860	704	2.18000000e+02
1.45979500e+01	2022-05-17T19:29:33.417860	705	2.17000000e+02
1.46171080e+01	2022-05-17T19:29:33.449148	706	2.06000000e+02
1.46191672e+01	2022-05-17T19:29:33.449148	707	2.10000000e+02
1.46304545e+01	2022-05-17T19:29:33.449148	708	1.92000000e+02
1.46390275e+01	2022-05-17T19:29:33.464788	709	2.06000000e+02
1.46620609e+01	2022-05-17T19:29:33.496074	710	2.06000000e+02
1.46658959e+01	2022-05-17T19:29:33.497098	711	2.10000000e+02
1.46751918e+01	2022-05-17T19:29:33.497098	712	2.07000000e+02
1.46937535e+01	2022-05-17T19:29:33.517827	713	2.06000000e+02
1.47051188e+01	2022-05-17T19:29:33.533524	714	2.07000000e+02
1.47328360e+01	2022-05-17T19:29:33.564720	715	2.05000000e+02
1.47423962e+01	2022-05-17T19:29:33.564720	716	2.07000000e+02
1.47604923e+01	2022-05-17T19:29:33.580354	717	1.80000000e+02
1.47657981e+01	2022-05-17T19:29:33.595937	718	2.06000000e+02
1.47745659e+01	2022-05-17T19:29:33.595937	719	2.06000000e+02
1.47982633e+01	2022-05-17T19:29:33.618180	720	2.09000000e+02
1.48071788e+01	2022-05-17T19:29:33.633805	721	2.06000000e+02
1.48251802e+01	2022-05-17T19:29:33.649426	722	2.07000000e+02
1.48358154e+01	2022-05-17T19:29:33.665381	723	2.08000000e+02
1.48442353e+01	2022-05-17T19:29:33.665381	724	2.06000000e+02
1.48649218e+01	2022-05-17T19:29:33.696320	725	2.08000000e+02
1.48906826e+01	2022-05-17T19:29:33.718497	726	2.07000000e+02
1.49017148e+01	2022-05-17T19:29:33.734284	727	1.92000000e+02
1.49147303e+01	2022-05-17T19:29:33.734284	728	2.08000000e+02
1.49346065e+01	2022-05-17T19:29:33.765402	729	2.05000000e+02
1.49593056e+01	2022-05-17T19:29:33.781062	730	2.06000000e+02
1.49621626e+01	2022-05-17T19:29:33.781062	731	2.06000000e+02
1.49711866e+01	2022-05-17T19:29:33.796608	732	2.19000000e+02
1.49987882e+01	2022-05-17T19:29:33.818809	733	2.05000000e+02
1.50254546e+01	2022-05-17T19:29:33.850093	734	2.17000000e+02
1.50277135e+01	2022-05-17T19:29:33.850093	735	2.13000000e+02
1.50365527e+01	2022-05-17T19:29:33.866040	736	2.10000000e+02
1.50634214e+01	2022-05-17T19:29:33.896945	737	2.39000000e+02
1.50698861e+01	2022-05-17T19:29:33.896945	738	2.06000000e+02
1.50955490e+01	2022-05-17T19:29:33.919125	739	2.08000000e+02
1.51020420e+01	2022-05-17T19:29:33.934888	740	2.11000000e+02
1.51101397e+01	2022-05-17T19:29:33.934888	741	2.06000000e+02
1.51332008e+01	2022-05-17T19:29:33.966022	742	2.05000000e+02
1.51443937e+01	2022-05-17T19:29:33.966022	743	2.06000000e+02
1.51639218e+01	2022-05-17T19:29:33.997266	744	2.10000000e+02
1.51757825e+01	2022-05-17T19:29:33.997266	745	2.06000000e+02
1.51839775e+01	2022-05-17T19:29:34.013344	746	2.10000000e+02
1.51922982e+01	2022-05-17T19:29:34.019783	747	2.06000000e+02
1.52170184e+01	2022-05-17T19:29:34.051031	748	2.23000000e+02
1.52224976e+01	2022-05-17T19:29:34.051031	749	2.06000000e+02
1.52414935e+01	2022-05-17T19:29:34.066693	750	2.09000000e+02
1.52555800e+01	2022-05-17T19:29:34.082634	751	2.06000000e+02
1.52659316e+01	2022-05-17T19:29:34.098197	752	2.11000000e+02
1.52741703e+01	2022-05-17T19:29:34.098197	753	2.06000000e+02
1.52985585e+01	2022-05-17T19:29:34.120065	754	2.05000000e+02
1.53252892e+01	2022-05-17T19:29:34.151353	755	2.12000000e+02
1.53354346e+01	2022-05-17T19:29:34.167412	756	2.07000000e+02
1.53445019e+01	2022-05-17T19:29:34.167412	757	2.05000000e+02
1.53648017e+01	2022-05-17T19:29:34.198202	758	2.05000000e+02
1.53755390e+01	2022-05-17T19:29:34.198202	759	2.06000000e+02
1.53933169e+01	2022-05-17T19:29:34.220378	760	2.07000000e+02
1.54050257e+01	2022-05-17T19:29:34.236489	761	2.04000000e+02
1.54142432e+01	2022-05-17T19:29:34.236489	762	2.10000000e+02
1.54360810e+01	2022-05-17T19:29:34.267276	763	2.07000000e+02
1.54621447e+01	2022-05-17T19:29:34.282868	764	2.08000000e+02
1.54707999e+01	2022-05-17T19:29:34.298781	765	2.06000000e+02
1.54791414e+01	2022-05-17T19:29:34.298781	766	2.06000000e+02
1.54992104e+01	2022-05-17T19:29:34.320655	767	2.05000000e+02
1.55250309e+01	2022-05-17T19:29:34.351927	768	1.84000000e+02
1.55361209e+01	2022-05-17T19:29:34.368038	769	2.11000000e+02
1.55446029e+01	2022-05-17T19:29:34.368038	770	1.92000000e+02
1.55708956e+01	2022-05-17T19:29:34.398790	771	2.16000000e+02
1.55955881e+01	2022-05-17T19:29:34.420979	772	2.06000000e+02
1.56014012e+01	2022-05-17T19:29:34.420979	773	2.12000000e+02
1.56101796e+01	2022-05-17T19:29:34.437039	774	2.13000000e+02
1.56356771e+01	2022-05-17T19:29:34.467873	775	2.07000000e+02
1.56623943e+01	2022-05-17T19:29:34.483506	776	2.10000000e+02
1.56670610e+01	2022-05-17T19:29:34.500117	777	2.06000000e+02
1.56756222e+01	2022-05-17T19:29:34.500117	778	2.11000000e+02
1.57026265e+01	2022-05-17T19:29:34.536697	779	2.05000000e+02
1.57273160e+01	2022-05-17T19:29:34.552333	780	2.07000000e+02
1.57323336e+01	2022-05-17T19:29:34.552333	781	2.09000000e+02
1.57411552e+01	2022-05-17T19:29:34.568373	782	2.06000000e+02
1.57687199e+01	2022-05-17T19:29:34.599158	783	2.11000000e+02
1.57810560e+01	2022-05-17T19:29:34.614811	784	2.06000000e+02
1.57967210e+01	2022-05-17T19:29:34.621355	785	2.07000000e+02
1.58070104e+01	2022-05-17T19:29:34.637444	786	2.23000000e+02
1.58307273e+01	2022-05-17T19:29:34.652642	787	2.06000000e+02
1.58385781e+01	2022-05-17T19:29:34.668250	788	2.09000000e+02
1.58477276e+01	2022-05-17T19:29:34.668250	789	2.05000000e+02
1.58660320e+01	2022-05-17T19:29:34.699496	790	2.07000000e+02
1.58764060e+01	2022-05-17T19:29:34.699496	791	2.45000000e+02
1.58885130e+01	2022-05-17T19:29:34.721490	792	2.07000000e+02
1.58972691e+01	2022-05-17T19:29:34.721490	793	2.06000000e+02
1.59224913e+01	2022-05-17T19:29:34.752761	794	2.07000000e+02
1.59484479e+01	2022-05-17T19:29:34.768397	795	2.16000000e+02
1.59581781e+01	2022-05-17T19:29:34.784373	796	2.05000000e+02
1.59657358e+01	2022-05-17T19:29:34.799656	797	2.07000000e+02
1.59860091e+01	2022-05-17T19:29:34.815247	798	2.06000000e+02
1.60120257e+01	2022-05-17T19:29:34.837440	799	2.13000000e+02
1.60238578e+01	2022-05-17T19:29:34.853435	800	2.11000000e+02
1.60536227e+01	2022-05-17T19:29:34.884294	801	2.17000000e+02
1.60627410e+01	2022-05-17T19:29:34.884294	802	2.16000000e+02
1.60826576e+01	2022-05-17T19:29:34.915545	803	2.07000000e+02
1.60884016e+01	2022-05-17T19:29:34.922054	804	2.07000000e+02
1.60968996e+01	2022-05-17T19:29:34.922054	805	2.07000000e+02
1.61117468e+01	2022-05-17T19:29:34.938308	806	2.00000000e+02
1.61260096e+01	2022-05-17T19:29:34.953328	807	2.09000000e+02
1.61348821e+01	2022-05-17T19:29:34.968928	808	2.06000000e+02
1.61533217e+01	2022-05-17T19:29:34.984588	809	2.31000000e+02
1.61630651e+01	2022-05-17T19:29:34.984588	810	2.05000000e+02
1.61751593e+01	2022-05-17T19:29:35.000685	811	2.05000000e+02
1.62012023e+01	2022-05-17T19:29:35.022160	812	2.15000000e+02
1.62275444e+01	2022-05-17T19:29:35.053443	813	2.10000000e+02
1.62323263e+01	2022-05-17T19:29:35.053443	814	2.04000000e+02
1.62407889e+01	2022-05-17T19:29:35.069540	815	2.08000000e+02
1.62485315e+01	2022-05-17T19:29:35.069540	816	2.06000000e+02
1.62721917e+01	2022-05-17T19:29:35.100275	817	2.10000000e+02
1.62929897e+01	2022-05-17T19:29:35.122444	818	2.06000000e+02
1.63045813e+01	2022-05-17T19:29:35.138097	819	2.00000000e+02
1.63103693e+01	2022-05-17T19:29:35.138097	820	2.09000000e+02
1.63184622e+01	2022-05-17T19:29:35.138097	821	2.13000000e+02
1.63267533e+01	2022-05-17T19:29:35.154088	822	2.06000000e+02
1.63567461e+01	2022-05-17T19:29:35.184958	823	2.06000000e+02
1.63825423e+01	2022-05-17T19:29:35.216217	824	2.12000000e+02
1.63876619e+01	2022-05-17T19:29:35.216217	825	2.18000000e+02
1.63966016e+01	2022-05-17T19:29:35.223150	826	2.12000000e+02
1.64087916e+01	2022-05-17T19:29:35.239214	827	2.05000000e+02
1.64210002e+01	2022-05-17T19:29:35.254423	828	2.10000000e+02
1.64379423e+01	2022-05-17T19:29:35.270044	829	2.05000000e+02
1.64640727e+01	2022-05-17T19:29:35.285676	830	1.92000000e+02
1.64699172e+01	2022-05-17T19:29:35.301870	831	2.07000000e+02
1.64784683e+01	2022-05-17T19:29:35.301870	832	2.13000000e+02
1.64999531e+01	2022-05-17T19:29:35.323072	833	2.08000000e+02
1.65268533e+01	2022-05-17T19:29:35.354355	834	2.06000000e+02
1.65312253e+01	2022-05-17T19:29:35.354355	835	2.10000000e+02
1.65399731e+01	2022-05-17T19:29:35.370517	836	2.12000000e+02
1.65519471e+01	2022-05-17T19:29:35.385588	837	2.06000000e+02
1.65603346e+01	2022-05-17T19:29:35.385588	838	2.05000000e+02
1.65825964e+01	2022-05-17T19:29:35.416842	839	2.50000000e+02
1.66034404e+01	2022-05-17T19:29:35.423378	840	2.09000000e+02
1.66103016e+01	2022-05-17T19:29:35.439038	841	2.06000000e+02
1.66128357e+01	2022-05-17T19:29:35.439038	842	1.92000000e+02
1.66226634e+01	2022-05-17T19:29:35.454664	843	2.19000000e+02
1.66338204e+01	2022-05-17T19:29:35.454664	844	2.07000000e+02
1.66532686e+01	2022-05-17T19:29:35.485902	845	2.06000000e+02
1.66616953e+01	2022-05-17T19:29:35.485902	846	2.13000000e+02
1.66817639e+01	2022-05-17T19:29:35.502385	847	2.06000000e+02
1.66912544e+01	2022-05-17T19:29:35.524118	848	2.08000000e+02
1.66988764e+01	2022-05-17T19:29:35.524118	849	2.14000000e+02
1.67154201e+01	2022-05-17T19:29:35.540424	850	2.31000000e+02
1.67249008e+01	2022-05-17T19:29:35.555402	851	2.39000000e+02
1.67457444e+01	2022-05-17T19:29:35.571014	852	2.10000000e+02
1.67564525e+01	2022-05-17T19:29:35.586647	853	2.06000000e+02
1.67649749e+01	2022-05-17T19:29:35.586647	854	2.04000000e+02
1.67733463e+01	2022-05-17T19:29:35.602817	855	2.07000000e+02
1.67857969e+01	2022-05-17T19:29:35.618315	856	2.11000000e+02
1.67975692e+01	2022-05-17T19:29:35.624856	857	2.06000000e+02
1.68060889e+01	2022-05-17T19:29:35.624856	858	2.31000000e+02
1.68183393e+01	2022-05-17T19:29:35.640481	859	2.06000000e+02
1.68401387e+01	2022-05-17T19:29:35.671788	860	2.08000000e+02
1.68585357e+01	2022-05-17T19:29:35.687372	861	2.43000000e+02
1.68661570e+01	2022-05-17T19:29:35.687372	862	2.06000000e+02
1.68755628e+01	2022-05-17T19:29:35.703480	863	2.07000000e+02
1.68969897e+01	2022-05-17T19:29:35.725116	864	1.84000000e+02
1.69047622e+01	2022-05-17T19:29:35.725116	865	2.15000000e+02
1.69239289e+01	2022-05-17T19:29:35.756392	866	2.04000000e+02
1.69323156e+01	2022-05-17T19:29:35.756392	867	2.07000000e+02
1.69409511e+01	2022-05-17T19:29:35.772589	868	2.09000000e+02
1.69501291e+01	2022-05-17T19:29:35.772589	869	2.06000000e+02
1.69712089e+01	2022-05-17T19:29:35.803250	870	2.08000000e+02
1.69926051e+01	2022-05-17T19:29:35.825429	871	2.06000000e+02
1.70028710e+01	2022-05-17T19:29:35.825429	872	2.06000000e+02
1.70145465e+01	2022-05-17T19:29:35.841607	873	2.06000000e+02
1.70232884e+01	2022-05-17T19:29:35.856714	874	2.06000000e+02
1.70352103e+01	2022-05-17T19:29:35.856714	875	2.06000000e+02
1.70649791e+01	2022-05-17T19:29:35.887943	876	2.15000000e+02
1.70843567e+01	2022-05-17T19:29:35.903541	877	2.07000000e+02
1.70927779e+01	2022-05-17T19:29:35.925703	878	1.92000000e+02
1.71052353e+01	2022-05-17T19:29:35.925703	879	2.06000000e+02
1.71243889e+01	2022-05-17T19:29:35.956977	880	2.09000000e+02
1.71511237e+01	2022-05-17T19:29:35.972611	881	2.06000000e+02
1.71535039e+01	2022-05-17T19:29:35.972611	882	2.16000000e+02
1.71625668e+01	2022-05-17T19:29:35.988487	883	2.08000000e+02
1.71879518e+01	2022-05-17T19:29:36.019460	884	2.07000000e+02
1.72149220e+01	2022-05-17T19:29:36.041635	885	2.05000000e+02
1.72195659e+01	2022-05-17T19:29:36.041635	886	1.92000000e+02
1.72278211e+01	2022-05-17T19:29:36.057785	887	2.06000000e+02
1.72360867e+01	2022-05-17T19:29:36.057785	888	2.07000000e+02
1.72561514e+01	2022-05-17T19:29:36.088530	889	2.09000000e+02
1.72772716e+01	2022-05-17T19:29:36.104190	890	2.10000000e+02
1.72849795e+01	2022-05-17T19:29:36.104190	891	2.06000000e+02
1.72935679e+01	2022-05-17T19:29:36.126400	892	2.06000000e+02
1.73055398e+01	2022-05-17T19:29:36.126400	893	2.05000000e+02
1.73148981e+01	2022-05-17T19:29:36.142545	894	2.07000000e+02
1.73321610e+01	2022-05-17T19:29:36.157720	895	2.07000000e+02
1.73524828e+01	2022-05-17T19:29:36.173299	896	2.13000000e+02
1.73628139e+01	2022-05-17T19:29:36.188938	897	2.06000000e+02
1.73713291e+01	2022-05-17T19:29:36.204584	898	2.07000000e+02
1.73832796e+01	2022-05-17T19:29:36.204584	899	2.06000000e+02
1.74033640e+01	2022-05-17T19:29:36.226685	900	1.80000000e+02
1.74294408e+01	2022-05-17T19:29:36.257943	901	2.06000000e+02
1.74318510e+01	2022-05-17T19:29:36.257943	902	2.07000000e+02
1.74410686e+01	2022-05-17T19:29:36.273816	903	1.80000000e+02
1.74530623e+01	2022-05-17T19:29:36.273816	904	2.11000000e+02
1.74734821e+01	2022-05-17T19:29:36.305456	905	2.06000000e+02
1.74818680e+01	2022-05-17T19:29:36.305456	906	1.92000000e+02
1.75017842e+01	2022-05-17T19:29:36.326992	907	2.06000000e+02
1.75105222e+01	2022-05-17T19:29:36.343288	908	2.15000000e+02
1.75226137e+01	2022-05-17T19:29:36.343288	909	2.06000000e+02
1.75486530e+01	2022-05-17T19:29:36.373874	910	2.06000000e+02
1.75505700e+01	2022-05-17T19:29:36.373874	911	2.15000000e+02
1.75696776e+01	2022-05-17T19:29:36.389557	912	2.05000000e+02
1.75800395e+01	2022-05-17T19:29:36.405584	913	2.06000000e+02
1.76049490e+01	2022-05-17T19:29:36.427226	914	2.07000000e+02
1.76302432e+01	2022-05-17T19:29:36.458546	915	2.10000000e+02
1.76324997e+01	2022-05-17T19:29:36.458546	916	2.11000000e+02
1.76418673e+01	2022-05-17T19:29:36.474494	917	2.06000000e+02
1.76537211e+01	2022-05-17T19:29:36.474494	918	2.06000000e+02
1.76749294e+01	2022-05-17T19:29:36.506567	919	2.06000000e+02
1.76938276e+01	2022-05-17T19:29:36.527195	920	2.05000000e+02
1.77021731e+01	2022-05-17T19:29:36.527195	921	2.07000000e+02
1.77108912e+01	2022-05-17T19:29:36.543494	922	2.06000000e+02
1.77193448e+01	2022-05-17T19:29:36.543494	923	2.11000000e+02
1.77417809e+01	2022-05-17T19:29:36.574117	924	2.09000000e+02
1.77634539e+01	2022-05-17T19:29:36.589758	925	2.06000000e+02
1.77719161e+01	2022-05-17T19:29:36.605363	926	2.05000000e+02
1.77803475e+01	2022-05-17T19:29:36.605363	927	2.06000000e+02
1.78046447e+01	2022-05-17T19:29:36.627178	928	2.08000000e+02
1.78067491e+01	2022-05-17T19:29:36.627178	929	2.04000000e+02
1.78334495e+01	2022-05-17T19:29:36.658498	930	2.12000000e+02
1.78422232e+01	2022-05-17T19:29:36.674729	931	2.13000000e+02
1.78503882e+01	2022-05-17T19:29:36.674729	932	2.06000000e+02
1.78808273e+01	2022-05-17T19:29:36.705317	933	2.15000000e+02
1.78944685e+01	2022-05-17T19:29:36.727549	934	2.10000000e+02
1.79028685e+01	2022-05-17T19:29:36.727549	935	2.14000000e+02
1.79116058e+01	2022-05-17T19:29:36.743845	936	2.17000000e+02
1.79200943e+01	2022-05-17T19:29:36.743845	937	2.24000000e+02
1.79411637e+01	2022-05-17T19:29:36.774490	938	2.06000000e+02
1.79628621e+01	2022-05-17T19:29:36.790079	939	2.05000000e+02
1.79735971e+01	2022-05-17T19:29:36.806063	940	2.10000000e+02
1.79855429e+01	2022-05-17T19:29:36.806063	941	2.52000000e+02
1.80067123e+01	2022-05-17T19:29:36.827851	942	2.07000000e+02
1.80325915e+01	2022-05-17T19:29:36.859134	943	2.15000000e+02
1.80423563e+01	2022-05-17T19:29:36.875245	944	2.09000000e+02
1.80510961e+01	2022-05-17T19:29:36.875245	945	2.11000000e+02
1.80778700e+01	2022-05-17T19:29:36.905963	946	2.13000000e+02
1.80817425e+01	2022-05-17T19:29:36.905963	947	2.07000000e+02
1.81065229e+01	2022-05-17T19:29:36.928153	948	2.17000000e+02
1.81165662e+01	2022-05-17T19:29:36.944304	949	2.08000000e+02
1.81248939e+01	2022-05-17T19:29:36.944304	950	2.06000000e+02
1.81370555e+01	2022-05-17T19:29:36.959400	951	2.10000000e+02
1.81590091e+01	2022-05-17T19:29:36.990670	952	2.15000000e+02
1.81791088e+01	2022-05-17T19:29:37.006302	953	2.06000000e+02
1.81896942e+01	2022-05-17T19:29:37.022377	954	2.08000000e+02
1.81981291e+01	2022-05-17T19:29:37.028850	955	2.39000000e+02
1.82071187e+01	2022-05-17T19:29:37.028850	956	2.13000000e+02
1.82290260e+01	2022-05-17T19:29:37.060123	957	2.09000000e+02
1.82557425e+01	2022-05-17T19:29:37.075745	958	2.05000000e+02
1.82592006e+01	2022-05-17T19:29:37.091379	959	2.07000000e+02
1.82680662e+01	2022-05-17T19:29:37.091379	960	2.06000000e+02
1.82758341e+01	2022-05-17T19:29:37.107529	961	2.07000000e+02
1.82845664e+01	2022-05-17T19:29:37.107529	962	2.06000000e+02
1.83052561e+01	2022-05-17T19:29:37.129170	963	1.92000000e+02
1.83270794e+01	2022-05-17T19:29:37.160417	964	2.10000000e+02
1.83404901e+01	2022-05-17T19:29:37.160417	965	2.31000000e+02
1.83497485e+01	2022-05-17T19:29:37.176361	966	2.08000000e+02
1.83682375e+01	2022-05-17T19:29:37.191694	967	2.07000000e+02
1.83761548e+01	2022-05-17T19:29:37.207306	968	2.06000000e+02
1.84023956e+01	2022-05-17T19:29:37.229472	969	2.06000000e+02
1.84071455e+01	2022-05-17T19:29:37.229472	970	2.11000000e+02
1.84154169e+01	2022-05-17T19:29:37.245193	971	2.06000000e+02
1.84235790e+01	2022-05-17T19:29:37.245193	972	2.19000000e+02
1.84461097e+01	2022-05-17T19:29:37.276364	973	2.07000000e+02
1.84656887e+01	2022-05-17T19:29:37.291998	974	2.06000000e+02
1.84768093e+01	2022-05-17T19:29:37.308626	975	2.06000000e+02
1.84855342e+01	2022-05-17T19:29:37.308626	976	2.07000000e+02
1.85082881e+01	2022-05-17T19:29:37.329831	977	2.05000000e+02
1.85349057e+01	2022-05-17T19:29:37.361123	978	2.09000000e+02
1.85461637e+01	2022-05-17T19:29:37.377141	979	2.06000000e+02
1.85552600e+01	2022-05-17T19:29:37.377141	980	2.06000000e+02
1.85765289e+01	2022-05-17T19:29:37.407998	981	2.17000000e+02
1.86039617e+01	2022-05-17T19:29:37.430151	982	2.07000000e+02
1.86079885e+01	2022-05-17T19:29:37.430151	983	2.51000000e+02
1.86162166e+01	2022-05-17T19:29:37.446057	984	2.07000000e+02
1.86247108e+01	2022-05-17T19:29:37.446057	985	2.09000000e+02
1.86447677e+01	2022-05-17T19:29:37.477046	986	1.92000000e+02
1.86719618e+01	2022-05-17T19:29:37.493303	987	2.04000000e+02
1.86769475e+01	2022-05-17T19:29:37.509397	988	2.08000000e+02
1.86859304e+01	2022-05-17T19:29:37.509397	989	2.47000000e+02
1.87092803e+01	2022-05-17T19:29:37.530079	990	2.07000000e+02
1.87185688e+01	2022-05-17T19:29:37.545744	991	2.07000000e+02
1.87323026e+01	2022-05-17T19:29:37.561375	992	2.07000000e+02
1.87433686e+01	2022-05-17T19:29:37.576998	993	2.16000000e+02
1.87555049e+01	2022-05-17T19:29:37.576998	994	2.10000000e+02
1.87845676e+01	2022-05-17T19:29:37.608201	995	2.13000000e+02
1.88050491e+01	2022-05-17T19:29:37.630405	996	2.16000000e+02
1.88086870e+01	2022-05-17T19:29:37.630405	997	2.06000000e+02
1.88169599e+01	2022-05-17T19:29:37.646317	998	2.10000000e+02
1.88252632e+01	2022-05-17T19:29:37.646317	999	2.06000000e+02
1.88471512e+01	2022-05-17T19:29:37.677310	1000	1.92000000e+02