Time elapsed	Time stamp	Loop Index	GP2Y ADC
s			Cts

5.01360530e+00	2022-05-17T19:30:06.814557	1	1.52000000e+02
5.02281830e+00	2022-05-17T19:30:06.814557	2	1.81000000e+02
5.03407990e+00	2022-05-17T19:30:06.830142	3	1.78000000e+02
5.04338330e+00	2022-05-17T19:30:06.845202	4	1.78000000e+02
5.05530170e+00	2022-05-17T19:30:06.845202	5	1.78000000e+02
5.07146680e+00	2022-05-17T19:30:06.861361	6	1.89000000e+02
5.09912660e+00	2022-05-17T19:30:06.898571	7	1.77000000e+02
5.11772920e+00	2022-05-17T19:30:06.914232	8	1.96000000e+02
5.12490780e+00	2022-05-17T19:30:06.914232	9	1.78000000e+02
5.13284890e+00	2022-05-17T19:30:06.930308	10	1.60000000e+02
5.14151450e+00	2022-05-17T19:30:06.930308	11	2.07000000e+02
5.17808330e+00	2022-05-17T19:30:06.976681	12	1.78000000e+02
5.18641670e+00	2022-05-17T19:30:06.976681	13	2.15000000e+02
5.19463920e+00	2022-05-17T19:30:06.992815	14	1.79000000e+02
5.20700090e+00	2022-05-17T19:30:06.999280	15	1.78000000e+02
5.23091520e+00	2022-05-17T19:30:07.030526	16	1.87000000e+02
5.25021220e+00	2022-05-17T19:30:07.046148	17	1.77000000e+02
5.26026720e+00	2022-05-17T19:30:07.061846	18	1.78000000e+02
5.27250530e+00	2022-05-17T19:30:07.061846	19	1.85000000e+02
5.29630800e+00	2022-05-17T19:30:07.093011	20	1.79000000e+02
5.30524840e+00	2022-05-17T19:30:07.099515	21	1.80000000e+02
5.31950960e+00	2022-05-17T19:30:07.115139	22	1.77000000e+02
5.32972670e+00	2022-05-17T19:30:07.130958	23	1.52000000e+02
5.33802020e+00	2022-05-17T19:30:07.130958	24	1.79000000e+02
5.36291530e+00	2022-05-17T19:30:07.162004	25	1.77000000e+02
5.38015040e+00	2022-05-17T19:30:07.177659	26	1.77000000e+02
5.39146300e+00	2022-05-17T19:30:07.193246	27	1.82000000e+02
5.40337180e+00	2022-05-17T19:30:07.200014	28	1.80000000e+02
5.41182990e+00	2022-05-17T19:30:07.200014	29	2.21000000e+02
5.43025420e+00	2022-05-17T19:30:07.231260	30	2.21000000e+02
5.44904980e+00	2022-05-17T19:30:07.246919	31	1.80000000e+02
5.46085630e+00	2022-05-17T19:30:07.262539	32	1.80000000e+02
5.46901970e+00	2022-05-17T19:30:07.262539	33	1.78000000e+02
5.49419750e+00	2022-05-17T19:30:07.293746	34	1.84000000e+02
5.51360730e+00	2022-05-17T19:30:07.315958	35	1.60000000e+02
5.51814750e+00	2022-05-17T19:30:07.316536	36	1.78000000e+02
5.53147500e+00	2022-05-17T19:30:07.332205	37	1.78000000e+02
5.54270940e+00	2022-05-17T19:30:07.332205	38	1.85000000e+02
5.56454640e+00	2022-05-17T19:30:07.363403	39	2.19000000e+02
5.58403880e+00	2022-05-17T19:30:07.379060	40	1.79000000e+02
5.58707610e+00	2022-05-17T19:30:07.379060	41	1.77000000e+02
5.59595380e+00	2022-05-17T19:30:07.395161	42	1.79000000e+02
5.60410710e+00	2022-05-17T19:30:07.400202	43	1.85000000e+02
5.61289480e+00	2022-05-17T19:30:07.400202	44	1.83000000e+02
5.63104370e+00	2022-05-17T19:30:07.431449	45	1.76000000e+02
5.64993600e+00	2022-05-17T19:30:07.447108	46	1.78000000e+02
5.65746400e+00	2022-05-17T19:30:07.447108	47	1.77000000e+02
5.66549030e+00	2022-05-17T19:30:07.463193	48	1.91000000e+02
5.67394040e+00	2022-05-17T19:30:07.463193	49	1.78000000e+02
5.69518880e+00	2022-05-17T19:30:07.494504	50	1.76000000e+02
5.71446290e+00	2022-05-17T19:30:07.516130	51	1.78000000e+02
5.72316760e+00	2022-05-17T19:30:07.516130	52	1.81000000e+02
5.73521160e+00	2022-05-17T19:30:07.532325	53	1.79000000e+02
5.74355470e+00	2022-05-17T19:30:07.532325	54	1.86000000e+02
5.76321890e+00	2022-05-17T19:30:07.562993	55	1.77000000e+02
5.78310140e+00	2022-05-17T19:30:07.578621	56	1.77000000e+02
5.78849990e+00	2022-05-17T19:30:07.578621	57	1.78000000e+02
5.79675720e+00	2022-05-17T19:30:07.594792	58	1.79000000e+02
5.80500240e+00	2022-05-17T19:30:07.601122	59	2.17000000e+02
5.82615810e+00	2022-05-17T19:30:07.616822	60	1.81000000e+02
5.83349910e+00	2022-05-17T19:30:07.632369	61	1.83000000e+02
5.84587040e+00	2022-05-17T19:30:07.648034	62	2.15000000e+02
5.85500030e+00	2022-05-17T19:30:07.648034	63	1.80000000e+02
5.86591770e+00	2022-05-17T19:30:07.663612	64	1.78000000e+02
5.87468410e+00	2022-05-17T19:30:07.663612	65	1.78000000e+02
5.89480140e+00	2022-05-17T19:30:07.694854	66	2.13000000e+02
5.91554890e+00	2022-05-17T19:30:07.717061	67	1.78000000e+02
5.91877790e+00	2022-05-17T19:30:07.717061	68	1.77000000e+02
5.92808270e+00	2022-05-17T19:30:07.717061	69	1.80000000e+02
5.94004660e+00	2022-05-17T19:30:07.733013	70	1.78000000e+02
5.96381740e+00	2022-05-17T19:30:07.763888	71	1.78000000e+02
5.96577880e+00	2022-05-17T19:30:07.763888	72	1.84000000e+02
5.98618830e+00	2022-05-17T19:30:07.779509	73	1.77000000e+02
5.99744370e+00	2022-05-17T19:30:07.795533	74	1.80000000e+02
6.00960560e+00	2022-05-17T19:30:07.801537	75	1.76000000e+02
6.03405030e+00	2022-05-17T19:30:07.832783	76	1.60000000e+02
6.04670430e+00	2022-05-17T19:30:07.848407	77	2.13000000e+02
6.05473530e+00	2022-05-17T19:30:07.848407	78	1.91000000e+02
6.06467300e+00	2022-05-17T19:30:07.864065	79	1.77000000e+02
6.07506370e+00	2022-05-17T19:30:07.864065	80	1.76000000e+02
6.08351190e+00	2022-05-17T19:30:07.880115	81	1.78000000e+02
6.11469460e+00	2022-05-17T19:30:07.901800	82	1.78000000e+02
6.12708270e+00	2022-05-17T19:30:07.917425	83	1.77000000e+02
6.14007070e+00	2022-05-17T19:30:07.933062	84	1.77000000e+02
6.16441270e+00	2022-05-17T19:30:07.964288	85	1.60000000e+02
6.17309330e+00	2022-05-17T19:30:07.964288	86	1.78000000e+02
6.18508160e+00	2022-05-17T19:30:07.979910	87	1.78000000e+02
6.19415060e+00	2022-05-17T19:30:07.995567	88	2.21000000e+02
6.20617240e+00	2022-05-17T19:30:08.002363	89	1.79000000e+02
6.21511060e+00	2022-05-17T19:30:08.002363	90	1.77000000e+02
6.23131850e+00	2022-05-17T19:30:08.033609	91	1.78000000e+02
6.24550650e+00	2022-05-17T19:30:08.033609	92	1.77000000e+02
6.25473810e+00	2022-05-17T19:30:08.049231	93	1.77000000e+02
6.26402280e+00	2022-05-17T19:30:08.064925	94	1.78000000e+02
6.27600940e+00	2022-05-17T19:30:08.064925	95	1.52000000e+02
6.29969330e+00	2022-05-17T19:30:08.096096	96	1.77000000e+02
6.31607520e+00	2022-05-17T19:30:08.118229	97	2.18000000e+02
6.32520290e+00	2022-05-17T19:30:08.118229	98	1.79000000e+02
6.33679740e+00	2022-05-17T19:30:08.134035	99	1.77000000e+02
6.34486320e+00	2022-05-17T19:30:08.134035	100	1.79000000e+02
6.36687880e+00	2022-05-17T19:30:08.165093	101	1.78000000e+02
6.38154820e+00	2022-05-17T19:30:08.180714	102	1.77000000e+02
6.39030940e+00	2022-05-17T19:30:08.180714	103	1.87000000e+02
6.39850080e+00	2022-05-17T19:30:08.196864	104	1.79000000e+02
6.40710900e+00	2022-05-17T19:30:08.203332	105	1.82000000e+02
6.43265420e+00	2022-05-17T19:30:08.234578	106	1.52000000e+02
6.45347140e+00	2022-05-17T19:30:08.250237	107	1.78000000e+02
6.46441900e+00	2022-05-17T19:30:08.265833	108	2.07000000e+02
6.47658470e+00	2022-05-17T19:30:08.265833	109	1.79000000e+02
6.49686190e+00	2022-05-17T19:30:08.297063	110	1.88000000e+02
6.51790820e+00	2022-05-17T19:30:08.319807	111	1.80000000e+02
6.52101800e+00	2022-05-17T19:30:08.319807	112	1.87000000e+02
6.53037490e+00	2022-05-17T19:30:08.319807	113	1.77000000e+02
6.54205740e+00	2022-05-17T19:30:08.335075	114	1.78000000e+02
6.56003450e+00	2022-05-17T19:30:08.350701	115	1.77000000e+02
6.56758990e+00	2022-05-17T19:30:08.366057	116	1.78000000e+02
6.58820260e+00	2022-05-17T19:30:08.381679	117	1.79000000e+02
6.59100840e+00	2022-05-17T19:30:08.381679	118	1.78000000e+02
6.60011960e+00	2022-05-17T19:30:08.397751	119	1.77000000e+02
6.61167780e+00	2022-05-17T19:30:08.403808	120	1.77000000e+02
6.64959810e+00	2022-05-17T19:30:08.450722	121	1.78000000e+02
6.65685900e+00	2022-05-17T19:30:08.450722	122	1.80000000e+02
6.66900690e+00	2022-05-17T19:30:08.466322	123	1.77000000e+02
6.67737140e+00	2022-05-17T19:30:08.466322	124	1.80000000e+02
6.70538680e+00	2022-05-17T19:30:08.504132	125	1.48000000e+02
6.71960970e+00	2022-05-17T19:30:08.519801	126	1.92000000e+02
6.73060340e+00	2022-05-17T19:30:08.519801	127	1.77000000e+02
6.74282490e+00	2022-05-17T19:30:08.535804	128	1.80000000e+02
6.76425650e+00	2022-05-17T19:30:08.566620	129	1.77000000e+02
6.76802980e+00	2022-05-17T19:30:08.566620	130	1.78000000e+02
6.78299170e+00	2022-05-17T19:30:08.582280	131	1.80000000e+02
6.79189060e+00	2022-05-17T19:30:08.582280	132	1.78000000e+02
6.79984270e+00	2022-05-17T19:30:08.598382	133	1.77000000e+02
6.80844680e+00	2022-05-17T19:30:08.604874	134	1.79000000e+02
6.83656280e+00	2022-05-17T19:30:08.636121	135	1.79000000e+02
6.84796600e+00	2022-05-17T19:30:08.636121	136	1.79000000e+02
6.86087700e+00	2022-05-17T19:30:08.651742	137	1.79000000e+02
6.86979690e+00	2022-05-17T19:30:08.667655	138	1.77000000e+02
6.90588930e+00	2022-05-17T19:30:08.705110	139	1.76000000e+02
6.91919250e+00	2022-05-17T19:30:08.720735	140	2.07000000e+02
6.92288100e+00	2022-05-17T19:30:08.720735	141	1.77000000e+02
6.93163440e+00	2022-05-17T19:30:08.720735	142	1.84000000e+02
6.94347630e+00	2022-05-17T19:30:08.736708	143	1.91000000e+02
6.96013380e+00	2022-05-17T19:30:08.752499	144	2.11000000e+02
6.96975890e+00	2022-05-17T19:30:08.767599	145	1.80000000e+02
6.97929330e+00	2022-05-17T19:30:08.767599	146	1.82000000e+02
6.99240460e+00	2022-05-17T19:30:08.783223	147	1.80000000e+02
7.00048850e+00	2022-05-17T19:30:08.799421	148	1.78000000e+02
7.00907360e+00	2022-05-17T19:30:08.805929	149	1.80000000e+02
7.03644590e+00	2022-05-17T19:30:08.837175	150	1.77000000e+02
7.05339650e+00	2022-05-17T19:30:08.852835	151	1.84000000e+02
7.06067510e+00	2022-05-17T19:30:08.852835	152	1.77000000e+02
7.06612760e+00	2022-05-17T19:30:08.868446	153	1.76000000e+02
7.07445370e+00	2022-05-17T19:30:08.868446	154	1.78000000e+02
7.09733050e+00	2022-05-17T19:30:08.899660	155	1.77000000e+02
7.10301850e+00	2022-05-17T19:30:08.899660	156	1.77000000e+02
7.12283220e+00	2022-05-17T19:30:08.921832	157	2.15000000e+02
7.13188560e+00	2022-05-17T19:30:08.921832	158	1.85000000e+02
7.14018240e+00	2022-05-17T19:30:08.937925	159	1.77000000e+02
7.16979190e+00	2022-05-17T19:30:08.968656	160	1.89000000e+02
7.19111190e+00	2022-05-17T19:30:08.984316	161	1.91000000e+02
7.19765900e+00	2022-05-17T19:30:08.999898	162	1.78000000e+02
7.20971490e+00	2022-05-17T19:30:09.006908	163	1.99000000e+02
7.21790630e+00	2022-05-17T19:30:09.006908	164	1.80000000e+02
7.24724320e+00	2022-05-17T19:30:09.038156	165	1.87000000e+02
7.26169700e+00	2022-05-17T19:30:09.053776	166	1.82000000e+02
7.26645310e+00	2022-05-17T19:30:09.053776	167	1.85000000e+02
7.27541710e+00	2022-05-17T19:30:09.069658	168	1.78000000e+02
7.30427760e+00	2022-05-17T19:30:09.100644	169	1.79000000e+02
7.32059390e+00	2022-05-17T19:30:09.122797	170	1.77000000e+02
7.33232940e+00	2022-05-17T19:30:09.122797	171	1.78000000e+02
7.34082990e+00	2022-05-17T19:30:09.138930	172	1.78000000e+02
7.35417460e+00	2022-05-17T19:30:09.154231	173	1.78000000e+02
7.37075890e+00	2022-05-17T19:30:09.169643	174	1.79000000e+02
7.38434000e+00	2022-05-17T19:30:09.185263	175	1.77000000e+02
7.39768130e+00	2022-05-17T19:30:09.185263	176	1.78000000e+02
7.40634970e+00	2022-05-17T19:30:09.207555	177	1.78000000e+02
7.41849660e+00	2022-05-17T19:30:09.207555	178	1.89000000e+02
7.43646430e+00	2022-05-17T19:30:09.238802	179	1.80000000e+02
7.44267310e+00	2022-05-17T19:30:09.238802	180	1.76000000e+02
7.45802520e+00	2022-05-17T19:30:09.254423	181	1.79000000e+02
7.46587750e+00	2022-05-17T19:30:09.254423	182	1.77000000e+02
7.47630130e+00	2022-05-17T19:30:09.270506	183	1.81000000e+02
7.49817720e+00	2022-05-17T19:30:09.286082	184	1.85000000e+02
7.50697310e+00	2022-05-17T19:30:09.307868	185	1.77000000e+02
7.52130510e+00	2022-05-17T19:30:09.323492	186	1.81000000e+02
7.52906240e+00	2022-05-17T19:30:09.323492	187	1.79000000e+02
7.53832600e+00	2022-05-17T19:30:09.339151	188	1.78000000e+02
7.55035600e+00	2022-05-17T19:30:09.339151	189	1.83000000e+02
7.57165290e+00	2022-05-17T19:30:09.370355	190	1.91000000e+02
7.59381600e+00	2022-05-17T19:30:09.385977	191	1.87000000e+02
7.59820070e+00	2022-05-17T19:30:09.385977	192	1.81000000e+02
7.62222540e+00	2022-05-17T19:30:09.423737	193	1.77000000e+02
7.63152840e+00	2022-05-17T19:30:09.423737	194	1.81000000e+02
7.64503950e+00	2022-05-17T19:30:09.439357	195	1.81000000e+02
7.65596590e+00	2022-05-17T19:30:09.455432	196	1.79000000e+02
7.66543080e+00	2022-05-17T19:30:09.455432	197	1.77000000e+02
7.68804960e+00	2022-05-17T19:30:09.486799	198	1.79000000e+02
7.70916630e+00	2022-05-17T19:30:09.508009	199	2.13000000e+02
7.71740420e+00	2022-05-17T19:30:09.508009	200	1.80000000e+02
7.72582350e+00	2022-05-17T19:30:09.524180	201	2.15000000e+02
7.73376890e+00	2022-05-17T19:30:09.524180	202	1.83000000e+02
7.75639900e+00	2022-05-17T19:30:09.554877	203	1.78000000e+02
7.77824630e+00	2022-05-17T19:30:09.570535	204	1.79000000e+02
7.78277710e+00	2022-05-17T19:30:09.570535	205	1.78000000e+02
7.79143260e+00	2022-05-17T19:30:09.586540	206	1.81000000e+02
7.81801540e+00	2022-05-17T19:30:09.608272	207	1.77000000e+02
7.83917360e+00	2022-05-17T19:30:09.639565	208	1.81000000e+02
7.84841560e+00	2022-05-17T19:30:09.639565	209	1.78000000e+02
7.85673730e+00	2022-05-17T19:30:09.655678	210	1.78000000e+02
7.86511970e+00	2022-05-17T19:30:09.655678	211	1.78000000e+02
7.88493140e+00	2022-05-17T19:30:09.686385	212	1.78000000e+02
7.89503930e+00	2022-05-17T19:30:09.686385	213	1.77000000e+02
7.90939300e+00	2022-05-17T19:30:09.708596	214	1.77000000e+02
7.91825610e+00	2022-05-17T19:30:09.708596	215	1.79000000e+02
7.92652070e+00	2022-05-17T19:30:09.724751	216	1.77000000e+02
7.95403670e+00	2022-05-17T19:30:09.755464	217	1.77000000e+02
7.96289450e+00	2022-05-17T19:30:09.755464	218	1.83000000e+02
7.97752540e+00	2022-05-17T19:30:09.771086	219	1.78000000e+02
7.98763520e+00	2022-05-17T19:30:09.787182	220	1.81000000e+02
7.99614870e+00	2022-05-17T19:30:09.787182	221	1.86000000e+02
8.01698700e+00	2022-05-17T19:30:09.808807	222	1.77000000e+02
8.03847370e+00	2022-05-17T19:30:09.840053	223	1.77000000e+02
8.04915740e+00	2022-05-17T19:30:09.840053	224	1.77000000e+02
8.05741600e+00	2022-05-17T19:30:09.856240	225	1.60000000e+02
8.06591940e+00	2022-05-17T19:30:09.856240	226	1.78000000e+02
8.08575330e+00	2022-05-17T19:30:09.886917	227	1.77000000e+02
8.10097720e+00	2022-05-17T19:30:09.902611	228	1.77000000e+02
8.11584890e+00	2022-05-17T19:30:09.909189	229	1.76000000e+02
8.12712390e+00	2022-05-17T19:30:09.925281	230	1.77000000e+02
8.13532320e+00	2022-05-17T19:30:09.925281	231	1.78000000e+02
8.15714560e+00	2022-05-17T19:30:09.956057	232	1.87000000e+02
8.17174840e+00	2022-05-17T19:30:09.971716	233	1.77000000e+02
8.18001670e+00	2022-05-17T19:30:09.971716	234	1.78000000e+02
8.18860890e+00	2022-05-17T19:30:09.987805	235	1.79000000e+02
8.19733070e+00	2022-05-17T19:30:09.987805	236	1.81000000e+02
8.21742450e+00	2022-05-17T19:30:10.009465	237	1.85000000e+02
8.23287220e+00	2022-05-17T19:30:10.025121	238	1.79000000e+02
8.24167280e+00	2022-05-17T19:30:10.040752	239	1.77000000e+02
8.25127450e+00	2022-05-17T19:30:10.040752	240	1.78000000e+02
8.26236230e+00	2022-05-17T19:30:10.056827	241	1.90000000e+02
8.28675900e+00	2022-05-17T19:30:10.087574	242	1.78000000e+02
8.30186630e+00	2022-05-17T19:30:10.103195	243	1.81000000e+02
8.31174840e+00	2022-05-17T19:30:10.109738	244	1.78000000e+02
8.32430440e+00	2022-05-17T19:30:10.125402	245	1.78000000e+02
8.33597150e+00	2022-05-17T19:30:10.125402	246	1.78000000e+02
8.35633580e+00	2022-05-17T19:30:10.156607	247	1.77000000e+02
8.37139730e+00	2022-05-17T19:30:10.172227	248	1.79000000e+02
8.37881820e+00	2022-05-17T19:30:10.172227	249	1.79000000e+02
8.38884150e+00	2022-05-17T19:30:10.188299	250	1.77000000e+02
8.39675390e+00	2022-05-17T19:30:10.188299	251	1.76000000e+02
8.41982010e+00	2022-05-17T19:30:10.209978	252	1.78000000e+02
8.43912630e+00	2022-05-17T19:30:10.241262	253	1.85000000e+02
8.44596680e+00	2022-05-17T19:30:10.241262	254	1.78000000e+02
8.45527750e+00	2022-05-17T19:30:10.256846	255	1.77000000e+02
8.46639500e+00	2022-05-17T19:30:10.256846	256	1.82000000e+02
8.48709520e+00	2022-05-17T19:30:10.288089	257	1.93000000e+02
8.50891320e+00	2022-05-17T19:30:10.309868	258	1.77000000e+02
8.52033290e+00	2022-05-17T19:30:10.309868	259	1.77000000e+02
8.52859350e+00	2022-05-17T19:30:10.325994	260	1.93000000e+02
8.54996210e+00	2022-05-17T19:30:10.341632	261	1.83000000e+02
8.55721280e+00	2022-05-17T19:30:10.356736	262	1.78000000e+02
8.57340770e+00	2022-05-17T19:30:10.372399	263	1.80000000e+02
8.58069380e+00	2022-05-17T19:30:10.372399	264	1.60000000e+02
8.59007090e+00	2022-05-17T19:30:10.388457	265	1.52000000e+02
8.59807090e+00	2022-05-17T19:30:10.388457	266	1.77000000e+02
8.61792930e+00	2022-05-17T19:30:10.410176	267	1.85000000e+02
8.62724530e+00	2022-05-17T19:30:10.425801	268	1.78000000e+02
8.64170500e+00	2022-05-17T19:30:10.441465	269	1.77000000e+02
8.65141530e+00	2022-05-17T19:30:10.441465	270	1.78000000e+02
8.65965710e+00	2022-05-17T19:30:10.457564	271	1.80000000e+02
8.66805650e+00	2022-05-17T19:30:10.457564	272	1.60000000e+02
8.68968980e+00	2022-05-17T19:30:10.488843	273	1.48000000e+02
8.70995010e+00	2022-05-17T19:30:10.510470	274	1.77000000e+02
8.72107200e+00	2022-05-17T19:30:10.510470	275	1.81000000e+02
8.73284670e+00	2022-05-17T19:30:10.526599	276	1.80000000e+02
8.75093860e+00	2022-05-17T19:30:10.542326	277	1.79000000e+02
8.75838070e+00	2022-05-17T19:30:10.557338	278	1.77000000e+02
8.77422460e+00	2022-05-17T19:30:10.572975	279	1.78000000e+02
8.78124850e+00	2022-05-17T19:30:10.572975	280	1.52000000e+02
8.79101950e+00	2022-05-17T19:30:10.588945	281	1.79000000e+02
8.80982540e+00	2022-05-17T19:30:10.610716	282	1.85000000e+02
8.82067070e+00	2022-05-17T19:30:10.610716	283	1.78000000e+02
8.83678390e+00	2022-05-17T19:30:10.626380	284	1.77000000e+02
8.84740980e+00	2022-05-17T19:30:10.641998	285	1.77000000e+02
8.85632510e+00	2022-05-17T19:30:10.657595	286	1.84000000e+02
8.86840140e+00	2022-05-17T19:30:10.657595	287	1.77000000e+02
8.88648760e+00	2022-05-17T19:30:10.688826	288	1.81000000e+02
8.89878110e+00	2022-05-17T19:30:10.688826	289	1.77000000e+02
8.91299760e+00	2022-05-17T19:30:10.710953	290	1.77000000e+02
8.92183160e+00	2022-05-17T19:30:10.710953	291	1.95000000e+02
8.93410120e+00	2022-05-17T19:30:10.727093	292	1.77000000e+02
8.95700020e+00	2022-05-17T19:30:10.757820	293	1.85000000e+02
8.97968690e+00	2022-05-17T19:30:10.773442	294	1.79000000e+02
8.99135970e+00	2022-05-17T19:30:10.789561	295	1.77000000e+02
8.99931940e+00	2022-05-17T19:30:10.789561	296	1.79000000e+02
9.02289630e+00	2022-05-17T19:30:10.811228	297	1.83000000e+02
9.03899120e+00	2022-05-17T19:30:10.826854	298	1.78000000e+02
9.04677510e+00	2022-05-17T19:30:10.842512	299	1.86000000e+02
9.05726640e+00	2022-05-17T19:30:10.858136	300	1.52000000e+02
9.06910070e+00	2022-05-17T19:30:10.858136	301	1.77000000e+02
9.09160060e+00	2022-05-17T19:30:10.889339	302	1.77000000e+02
9.10923090e+00	2022-05-17T19:30:10.911465	303	1.78000000e+02
9.12297720e+00	2022-05-17T19:30:10.911465	304	1.68000000e+02
9.12636470e+00	2022-05-17T19:30:10.927461	305	1.77000000e+02
9.13462700e+00	2022-05-17T19:30:10.927461	306	1.83000000e+02
9.15930990e+00	2022-05-17T19:30:10.958338	307	1.87000000e+02
9.18116050e+00	2022-05-17T19:30:10.973993	308	1.77000000e+02
9.19232430e+00	2022-05-17T19:30:10.989575	309	1.81000000e+02
9.21492430e+00	2022-05-17T19:30:11.011528	310	1.77000000e+02
9.22349250e+00	2022-05-17T19:30:11.011528	311	1.77000000e+02
9.23995540e+00	2022-05-17T19:30:11.027152	312	1.77000000e+02
9.24695500e+00	2022-05-17T19:30:11.042773	313	1.77000000e+02
9.25307160e+00	2022-05-17T19:30:11.042773	314	1.78000000e+02
9.26197350e+00	2022-05-17T19:30:11.058907	315	1.78000000e+02
9.28955810e+00	2022-05-17T19:30:11.089637	316	1.78000000e+02
9.30565000e+00	2022-05-17T19:30:11.105296	317	1.76000000e+02
9.31356660e+00	2022-05-17T19:30:11.111842	318	1.78000000e+02
9.32313970e+00	2022-05-17T19:30:11.111842	319	1.79000000e+02
9.33535150e+00	2022-05-17T19:30:11.127941	320	1.80000000e+02
9.36096570e+00	2022-05-17T19:30:11.158722	321	1.76000000e+02
9.38290410e+00	2022-05-17T19:30:11.174367	322	1.77000000e+02
9.38885520e+00	2022-05-17T19:30:11.189953	323	1.78000000e+02
9.40040410e+00	2022-05-17T19:30:11.189953	324	1.77000000e+02
9.42285520e+00	2022-05-17T19:30:11.212160	325	1.85000000e+02
9.43887500e+00	2022-05-17T19:30:11.227784	326	1.87000000e+02
9.44995580e+00	2022-05-17T19:30:11.243405	327	1.78000000e+02
9.45844020e+00	2022-05-17T19:30:11.259582	328	1.78000000e+02
9.47053410e+00	2022-05-17T19:30:11.259582	329	1.79000000e+02
9.48968640e+00	2022-05-17T19:30:11.290269	330	2.20000000e+02
9.50630590e+00	2022-05-17T19:30:11.306493	331	1.78000000e+02
9.51436800e+00	2022-05-17T19:30:11.311999	332	1.78000000e+02
9.52403880e+00	2022-05-17T19:30:11.311999	333	1.78000000e+02
9.53610890e+00	2022-05-17T19:30:11.328053	334	1.78000000e+02
9.56056430e+00	2022-05-17T19:30:11.358866	335	1.76000000e+02
9.58290700e+00	2022-05-17T19:30:11.374525	336	1.77000000e+02
9.59362780e+00	2022-05-17T19:30:11.390110	337	1.78000000e+02
9.62177120e+00	2022-05-17T19:30:11.412268	338	1.79000000e+02
9.62373180e+00	2022-05-17T19:30:11.412268	339	1.48000000e+02
9.64041510e+00	2022-05-17T19:30:11.427893	340	1.77000000e+02
9.65078870e+00	2022-05-17T19:30:11.443553	341	1.78000000e+02
9.65856940e+00	2022-05-17T19:30:11.459731	342	1.81000000e+02
9.66717450e+00	2022-05-17T19:30:11.459731	343	1.87000000e+02
9.69142930e+00	2022-05-17T19:30:11.490378	344	1.83000000e+02
9.71808140e+00	2022-05-17T19:30:11.512180	345	1.78000000e+02
9.73150170e+00	2022-05-17T19:30:11.527804	346	1.77000000e+02
9.73672360e+00	2022-05-17T19:30:11.527804	347	1.80000000e+02
9.74480130e+00	2022-05-17T19:30:11.543957	348	1.78000000e+02
9.75353460e+00	2022-05-17T19:30:11.543957	349	1.78000000e+02
9.77883560e+00	2022-05-17T19:30:11.574668	350	1.78000000e+02
9.79974680e+00	2022-05-17T19:30:11.590324	351	1.79000000e+02
9.80626790e+00	2022-05-17T19:30:11.606420	352	1.78000000e+02
9.81419820e+00	2022-05-17T19:30:11.612964	353	1.78000000e+02
9.82224140e+00	2022-05-17T19:30:11.612964	354	1.99000000e+02
9.84611790e+00	2022-05-17T19:30:11.644211	355	1.77000000e+02
9.86909950e+00	2022-05-17T19:30:11.659873	356	2.15000000e+02
9.88023650e+00	2022-05-17T19:30:11.675903	357	1.78000000e+02
9.90752690e+00	2022-05-17T19:30:11.706695	358	1.76000000e+02
9.92547440e+00	2022-05-17T19:30:11.713204	359	1.81000000e+02
9.93344300e+00	2022-05-17T19:30:11.728831	360	1.78000000e+02
9.94170170e+00	2022-05-17T19:30:11.728831	361	1.78000000e+02
9.95391690e+00	2022-05-17T19:30:11.744452	362	1.48000000e+02
9.97779640e+00	2022-05-17T19:30:11.775694	363	1.84000000e+02
9.98700900e+00	2022-05-17T19:30:11.775694	364	1.48000000e+02
1.00019859e+01	2022-05-17T19:30:11.791315	365	1.77000000e+02
1.00113557e+01	2022-05-17T19:30:11.813447	366	1.60000000e+02
1.00235218e+01	2022-05-17T19:30:11.813447	367	1.80000000e+02
1.00463636e+01	2022-05-17T19:30:11.844693	368	1.77000000e+02
1.00697040e+01	2022-05-17T19:30:11.860315	369	1.77000000e+02
1.00804526e+01	2022-05-17T19:30:11.876470	370	1.77000000e+02
1.00892201e+01	2022-05-17T19:30:11.891557	371	1.77000000e+02
1.01012700e+01	2022-05-17T19:30:11.891557	372	2.07000000e+02
1.01241322e+01	2022-05-17T19:30:11.913739	373	1.77000000e+02
1.01417284e+01	2022-05-17T19:30:11.929364	374	1.79000000e+02
1.01431949e+01	2022-05-17T19:30:11.944985	375	2.19000000e+02
1.01586886e+01	2022-05-17T19:30:11.960608	376	1.78000000e+02
1.01666287e+01	2022-05-17T19:30:11.960608	377	1.91000000e+02
1.01755299e+01	2022-05-17T19:30:11.976263	378	1.83000000e+02
1.01872075e+01	2022-05-17T19:30:11.976263	379	1.85000000e+02
1.02083401e+01	2022-05-17T19:30:12.007471	380	2.07000000e+02
1.02173752e+01	2022-05-17T19:30:12.013974	381	1.78000000e+02
1.02339708e+01	2022-05-17T19:30:12.029599	382	1.79000000e+02
1.02447624e+01	2022-05-17T19:30:12.045776	383	1.87000000e+02
1.02568537e+01	2022-05-17T19:30:12.045776	384	1.79000000e+02
1.02779782e+01	2022-05-17T19:30:12.076463	385	1.77000000e+02
1.02876973e+01	2022-05-17T19:30:12.076463	386	1.79000000e+02
1.03026853e+01	2022-05-17T19:30:12.092085	387	1.78000000e+02
1.03139395e+01	2022-05-17T19:30:12.114717	388	1.78000000e+02
1.03225958e+01	2022-05-17T19:30:12.114717	389	1.80000000e+02
1.03489168e+01	2022-05-17T19:30:12.145964	390	1.78000000e+02
1.03713903e+01	2022-05-17T19:30:12.161627	391	1.84000000e+02
1.03728793e+01	2022-05-17T19:30:12.161627	392	1.79000000e+02
1.03839070e+01	2022-05-17T19:30:12.177207	393	1.78000000e+02
1.04074243e+01	2022-05-17T19:30:12.208470	394	1.83000000e+02
1.04172153e+01	2022-05-17T19:30:12.214976	395	1.83000000e+02
1.04282605e+01	2022-05-17T19:30:12.230601	396	1.85000000e+02
1.04418458e+01	2022-05-17T19:30:12.230601	397	1.78000000e+02
1.04452617e+01	2022-05-17T19:30:12.246448	398	1.78000000e+02
1.04536780e+01	2022-05-17T19:30:12.246448	399	1.80000000e+02
1.04746290e+01	2022-05-17T19:30:12.262434	400	1.78000000e+02
1.04820526e+01	2022-05-17T19:30:12.277465	401	1.76000000e+02
1.04909183e+01	2022-05-17T19:30:12.293085	402	2.13000000e+02
1.05064329e+01	2022-05-17T19:30:12.308780	403	1.85000000e+02
1.05146273e+01	2022-05-17T19:30:12.315577	404	1.82000000e+02
1.05233322e+01	2022-05-17T19:30:12.315577	405	1.77000000e+02
1.05446192e+01	2022-05-17T19:30:12.346823	406	1.77000000e+02
1.05512264e+01	2022-05-17T19:30:12.346823	407	1.78000000e+02
1.05674436e+01	2022-05-17T19:30:12.362444	408	1.86000000e+02
1.05752048e+01	2022-05-17T19:30:12.362444	409	1.78000000e+02
1.05847259e+01	2022-05-17T19:30:12.378065	410	1.79000000e+02
1.06121598e+01	2022-05-17T19:30:12.409308	411	1.77000000e+02
1.06314801e+01	2022-05-17T19:30:12.431548	412	1.78000000e+02
1.06417795e+01	2022-05-17T19:30:12.431548	413	1.85000000e+02
1.06500937e+01	2022-05-17T19:30:12.447563	414	1.78000000e+02
1.06584820e+01	2022-05-17T19:30:12.447563	415	1.81000000e+02
1.06774547e+01	2022-05-17T19:30:12.478373	416	1.77000000e+02
1.06957138e+01	2022-05-17T19:30:12.494641	417	1.60000000e+02
1.07031090e+01	2022-05-17T19:30:12.494641	418	1.78000000e+02
1.07116216e+01	2022-05-17T19:30:12.510834	419	1.77000000e+02
1.07198996e+01	2022-05-17T19:30:12.516021	420	1.86000000e+02
1.07475371e+01	2022-05-17T19:30:12.547269	421	1.76000000e+02
1.07700801e+01	2022-05-17T19:30:12.562934	422	1.77000000e+02
1.07815871e+01	2022-05-17T19:30:12.578513	423	1.77000000e+02
1.08079927e+01	2022-05-17T19:30:12.609754	424	1.77000000e+02
1.08260235e+01	2022-05-17T19:30:12.616260	425	1.80000000e+02
1.08335490e+01	2022-05-17T19:30:12.631884	426	1.91000000e+02
1.08426785e+01	2022-05-17T19:30:12.631884	427	2.19000000e+02
1.08508704e+01	2022-05-17T19:30:12.647505	428	1.79000000e+02
1.08591848e+01	2022-05-17T19:30:12.647505	429	1.77000000e+02
1.08771909e+01	2022-05-17T19:30:12.678748	430	1.78000000e+02
1.08949931e+01	2022-05-17T19:30:12.694369	431	1.82000000e+02
1.09034396e+01	2022-05-17T19:30:12.694369	432	1.78000000e+02
1.09125769e+01	2022-05-17T19:30:12.710499	433	1.77000000e+02
1.09245909e+01	2022-05-17T19:30:12.716858	434	1.92000000e+02
1.09479256e+01	2022-05-17T19:30:12.748112	435	1.78000000e+02
1.09711366e+01	2022-05-17T19:30:12.763733	436	1.78000000e+02
1.09815530e+01	2022-05-17T19:30:12.779355	437	1.77000000e+02
1.09902341e+01	2022-05-17T19:30:12.779355	438	1.81000000e+02
1.10169164e+01	2022-05-17T19:30:12.817101	439	1.90000000e+02
1.10315479e+01	2022-05-17T19:30:12.832766	440	1.78000000e+02
1.10396583e+01	2022-05-17T19:30:12.832766	441	1.78000000e+02
1.10509604e+01	2022-05-17T19:30:12.848352	442	1.78000000e+02
1.10598892e+01	2022-05-17T19:30:12.848352	443	1.78000000e+02
1.10876886e+01	2022-05-17T19:30:12.879590	444	1.78000000e+02
1.11034748e+01	2022-05-17T19:30:12.895211	445	1.78000000e+02
1.11131280e+01	2022-05-17T19:30:12.911235	446	1.85000000e+02
1.11252716e+01	2022-05-17T19:30:12.917728	447	1.77000000e+02
1.11483946e+01	2022-05-17T19:30:12.948974	448	2.15000000e+02
1.11658954e+01	2022-05-17T19:30:12.964635	449	1.78000000e+02
1.11785950e+01	2022-05-17T19:30:12.980217	450	1.77000000e+02
1.11821620e+01	2022-05-17T19:30:12.980217	451	1.80000000e+02
1.11909084e+01	2022-05-17T19:30:12.980217	452	1.86000000e+02
1.12029380e+01	2022-05-17T19:30:12.996200	453	1.79000000e+02
1.12314272e+01	2022-05-17T19:30:13.033758	454	1.77000000e+02
1.12477518e+01	2022-05-17T19:30:13.049380	455	1.77000000e+02
1.12558521e+01	2022-05-17T19:30:13.049380	456	1.78000000e+02
1.12646227e+01	2022-05-17T19:30:13.065292	457	1.78000000e+02
1.12767557e+01	2022-05-17T19:30:13.065292	458	2.20000000e+02
1.12967237e+01	2022-05-17T19:30:13.096243	459	1.86000000e+02
1.13047410e+01	2022-05-17T19:30:13.096243	460	1.78000000e+02
1.13207272e+01	2022-05-17T19:30:13.118449	461	1.95000000e+02
1.13298318e+01	2022-05-17T19:30:13.118449	462	1.78000000e+02
1.13383193e+01	2022-05-17T19:30:13.134528	463	1.89000000e+02
1.13629604e+01	2022-05-17T19:30:13.165316	464	1.76000000e+02
1.13728218e+01	2022-05-17T19:30:13.165316	465	1.77000000e+02
1.13884186e+01	2022-05-17T19:30:13.180937	466	1.87000000e+02
1.13907995e+01	2022-05-17T19:30:13.180937	467	1.76000000e+02
1.13992621e+01	2022-05-17T19:30:13.197087	468	1.78000000e+02
1.14072471e+01	2022-05-17T19:30:13.197087	469	1.77000000e+02
1.14293655e+01	2022-05-17T19:30:13.218721	470	1.81000000e+02
1.14512960e+01	2022-05-17T19:30:13.249968	471	1.76000000e+02
1.14604431e+01	2022-05-17T19:30:13.249968	472	1.81000000e+02
1.14693564e+01	2022-05-17T19:30:13.265880	473	1.78000000e+02
1.14942448e+01	2022-05-17T19:30:13.281213	474	1.77000000e+02
1.15033401e+01	2022-05-17T19:30:13.296831	475	1.77000000e+02
1.15139354e+01	2022-05-17T19:30:13.313649	476	1.81000000e+02
1.15166204e+01	2022-05-17T19:30:13.318653	477	1.76000000e+02
1.15259895e+01	2022-05-17T19:30:13.318653	478	1.78000000e+02
1.15349291e+01	2022-05-17T19:30:13.334630	479	1.77000000e+02
1.15468341e+01	2022-05-17T19:30:13.334630	480	1.77000000e+02
1.15684336e+01	2022-05-17T19:30:13.365521	481	1.84000000e+02
1.15923726e+01	2022-05-17T19:30:13.381141	482	1.80000000e+02
1.16043703e+01	2022-05-17T19:30:13.397236	483	1.78000000e+02
1.16373240e+01	2022-05-17T19:30:13.434597	484	1.79000000e+02
1.16541510e+01	2022-05-17T19:30:13.450230	485	1.60000000e+02
1.16652576e+01	2022-05-17T19:30:13.466111	486	1.83000000e+02
1.16743318e+01	2022-05-17T19:30:13.466111	487	1.78000000e+02
1.16969182e+01	2022-05-17T19:30:13.498634	488	1.83000000e+02
1.17204682e+01	2022-05-17T19:30:13.519346	489	1.79000000e+02
1.17273283e+01	2022-05-17T19:30:13.519346	490	1.77000000e+02
1.17355163e+01	2022-05-17T19:30:13.535475	491	1.85000000e+02
1.17438510e+01	2022-05-17T19:30:13.535475	492	1.78000000e+02
1.17819450e+01	2022-05-17T19:30:13.581834	493	1.77000000e+02
1.17896019e+01	2022-05-17T19:30:13.581834	494	1.78000000e+02
1.18009672e+01	2022-05-17T19:30:13.597504	495	1.77000000e+02
1.18094229e+01	2022-05-17T19:30:13.597504	496	1.84000000e+02
1.18280010e+01	2022-05-17T19:30:13.619544	497	1.83000000e+02
1.18377393e+01	2022-05-17T19:30:13.635168	498	1.77000000e+02
1.18540216e+01	2022-05-17T19:30:13.650790	499	1.83000000e+02
1.18630004e+01	2022-05-17T19:30:13.650790	500	1.77000000e+02
1.18750242e+01	2022-05-17T19:30:13.666748	501	1.77000000e+02
1.18967690e+01	2022-05-17T19:30:13.698184	502	1.79000000e+02
1.19200089e+01	2022-05-17T19:30:13.719817	503	1.77000000e+02
1.19238656e+01	2022-05-17T19:30:13.719817	504	1.80000000e+02
1.19316037e+01	2022-05-17T19:30:13.719817	505	1.83000000e+02
1.19404273e+01	2022-05-17T19:30:13.735905	506	1.82000000e+02
1.19741306e+01	2022-05-17T19:30:13.766687	507	1.76000000e+02
1.19902791e+01	2022-05-17T19:30:13.782344	508	1.77000000e+02
1.20016162e+01	2022-05-17T19:30:13.798220	509	1.91000000e+02
1.20100863e+01	2022-05-17T19:30:13.798220	510	1.78000000e+02
1.20291608e+01	2022-05-17T19:30:13.819977	511	1.76000000e+02
1.20529571e+01	2022-05-17T19:30:13.851226	512	1.78000000e+02
1.20628106e+01	2022-05-17T19:30:13.851226	513	1.76000000e+02
1.20714253e+01	2022-05-17T19:30:13.867316	514	1.80000000e+02
1.20970978e+01	2022-05-17T19:30:13.898088	515	1.76000000e+02
1.21215246e+01	2022-05-17T19:30:13.920217	516	1.80000000e+02
1.21239752e+01	2022-05-17T19:30:13.920217	517	1.78000000e+02
1.21330627e+01	2022-05-17T19:30:13.920217	518	1.77000000e+02
1.21453503e+01	2022-05-17T19:30:13.935843	519	1.79000000e+02
1.21664890e+01	2022-05-17T19:30:13.967086	520	1.78000000e+02
1.21759684e+01	2022-05-17T19:30:13.967086	521	1.76000000e+02
1.21860045e+01	2022-05-17T19:30:13.982707	522	1.78000000e+02
1.21943123e+01	2022-05-17T19:30:13.982707	523	1.78000000e+02
1.22064291e+01	2022-05-17T19:30:13.998363	524	1.52000000e+02
1.22145104e+01	2022-05-17T19:30:14.013987	525	1.82000000e+02
1.22229095e+01	2022-05-17T19:30:14.021012	526	1.78000000e+02
1.22312281e+01	2022-05-17T19:30:14.021012	527	1.78000000e+02
1.22511337e+01	2022-05-17T19:30:14.052258	528	1.78000000e+02
1.22695944e+01	2022-05-17T19:30:14.067881	529	1.76000000e+02
1.22801505e+01	2022-05-17T19:30:14.067881	530	1.81000000e+02
1.22885510e+01	2022-05-17T19:30:14.083918	531	1.86000000e+02
1.23139603e+01	2022-05-17T19:30:14.114743	532	1.78000000e+02
1.23357740e+01	2022-05-17T19:30:14.136875	533	1.52000000e+02
1.23416474e+01	2022-05-17T19:30:14.136875	534	1.78000000e+02
1.23500659e+01	2022-05-17T19:30:14.152494	535	1.99000000e+02
1.23581486e+01	2022-05-17T19:30:14.152494	536	1.78000000e+02
1.23848875e+01	2022-05-17T19:30:14.183740	537	1.78000000e+02
1.23971573e+01	2022-05-17T19:30:14.199379	538	1.84000000e+02
1.24119159e+01	2022-05-17T19:30:14.199379	539	1.77000000e+02
1.24235079e+01	2022-05-17T19:30:14.221679	540	1.79000000e+02
1.24314051e+01	2022-05-17T19:30:14.221679	541	1.78000000e+02
1.24525346e+01	2022-05-17T19:30:14.252926	542	1.80000000e+02
1.24709117e+01	2022-05-17T19:30:14.268555	543	1.78000000e+02
1.24808655e+01	2022-05-17T19:30:14.268555	544	1.80000000e+02
1.24891619e+01	2022-05-17T19:30:14.284566	545	1.78000000e+02
1.25237770e+01	2022-05-17T19:30:14.321549	546	1.79000000e+02
1.25358144e+01	2022-05-17T19:30:14.337175	547	1.78000000e+02
1.25457247e+01	2022-05-17T19:30:14.337175	548	1.78000000e+02
1.25549208e+01	2022-05-17T19:30:14.353351	549	1.83000000e+02
1.25666839e+01	2022-05-17T19:30:14.368415	550	1.80000000e+02
1.25753299e+01	2022-05-17T19:30:14.368415	551	1.77000000e+02
1.25996357e+01	2022-05-17T19:30:14.399659	552	1.76000000e+02
1.26080783e+01	2022-05-17T19:30:14.399659	553	1.83000000e+02
1.26244986e+01	2022-05-17T19:30:14.421863	554	1.78000000e+02
1.26367122e+01	2022-05-17T19:30:14.437767	555	1.89000000e+02
1.26482869e+01	2022-05-17T19:30:14.437767	556	1.52000000e+02
1.26684427e+01	2022-05-17T19:30:14.468732	557	1.82000000e+02
1.26852864e+01	2022-05-17T19:30:14.484355	558	1.78000000e+02
1.26928952e+01	2022-05-17T19:30:14.484355	559	1.78000000e+02
1.27020791e+01	2022-05-17T19:30:14.500497	560	2.22000000e+02
1.27103976e+01	2022-05-17T19:30:14.506472	561	1.78000000e+02
1.27357371e+01	2022-05-17T19:30:14.538100	562	1.78000000e+02
1.27459766e+01	2022-05-17T19:30:14.538100	563	1.77000000e+02
1.27566702e+01	2022-05-17T19:30:14.553759	564	2.15000000e+02
1.27681155e+01	2022-05-17T19:30:14.569341	565	1.78000000e+02
1.27793446e+01	2022-05-17T19:30:14.569341	566	1.85000000e+02
1.28005376e+01	2022-05-17T19:30:14.600584	567	1.77000000e+02
1.28183375e+01	2022-05-17T19:30:14.616243	568	1.77000000e+02
1.28262201e+01	2022-05-17T19:30:14.622791	569	1.80000000e+02
1.28378885e+01	2022-05-17T19:30:14.638471	570	1.78000000e+02
1.28493728e+01	2022-05-17T19:30:14.638471	571	1.77000000e+02
1.28712253e+01	2022-05-17T19:30:14.669658	572	1.80000000e+02
1.28944199e+01	2022-05-17T19:30:14.685317	573	1.77000000e+02
1.28986553e+01	2022-05-17T19:30:14.700900	574	1.79000000e+02
1.29070720e+01	2022-05-17T19:30:14.700900	575	1.83000000e+02
1.29286224e+01	2022-05-17T19:30:14.722771	576	1.78000000e+02
1.29342287e+01	2022-05-17T19:30:14.722771	577	1.77000000e+02
1.29431305e+01	2022-05-17T19:30:14.738397	578	1.95000000e+02
1.29607480e+01	2022-05-17T19:30:14.754018	579	1.82000000e+02
1.29721526e+01	2022-05-17T19:30:14.769663	580	1.78000000e+02
1.29813204e+01	2022-05-17T19:30:14.769663	581	1.82000000e+02
1.30012511e+01	2022-05-17T19:30:14.800882	582	1.79000000e+02
1.30192040e+01	2022-05-17T19:30:14.816504	583	1.78000000e+02
1.30269334e+01	2022-05-17T19:30:14.823012	584	1.85000000e+02
1.30378420e+01	2022-05-17T19:30:14.839053	585	1.81000000e+02
1.30464250e+01	2022-05-17T19:30:14.839053	586	1.77000000e+02
1.30704308e+01	2022-05-17T19:30:14.869882	587	1.82000000e+02
1.30948915e+01	2022-05-17T19:30:14.885505	588	1.77000000e+02
1.30992006e+01	2022-05-17T19:30:14.901123	589	1.82000000e+02
1.31075796e+01	2022-05-17T19:30:14.901123	590	1.78000000e+02
1.31245858e+01	2022-05-17T19:30:14.922948	591	1.77000000e+02
1.31348573e+01	2022-05-17T19:30:14.922948	592	1.78000000e+02
1.31526476e+01	2022-05-17T19:30:14.954197	593	1.48000000e+02
1.31608519e+01	2022-05-17T19:30:14.954197	594	1.77000000e+02
1.31691431e+01	2022-05-17T19:30:14.970324	595	1.76000000e+02
1.31809002e+01	2022-05-17T19:30:14.970324	596	1.60000000e+02
1.32009960e+01	2022-05-17T19:30:15.001060	597	1.77000000e+02
1.32198567e+01	2022-05-17T19:30:15.016750	598	1.77000000e+02
1.32365032e+01	2022-05-17T19:30:15.038882	599	1.76000000e+02
1.32426039e+01	2022-05-17T19:30:15.038882	600	1.78000000e+02
1.32508882e+01	2022-05-17T19:30:15.038882	601	1.79000000e+02
1.32590858e+01	2022-05-17T19:30:15.054935	602	2.21000000e+02
1.32672202e+01	2022-05-17T19:30:15.054935	603	1.79000000e+02
1.32858221e+01	2022-05-17T19:30:15.085745	604	1.78000000e+02
1.32992357e+01	2022-05-17T19:30:15.101412	605	1.78000000e+02
1.33130270e+01	2022-05-17T19:30:15.101412	606	1.81000000e+02
1.33248925e+01	2022-05-17T19:30:15.123930	607	1.79000000e+02
1.33369308e+01	2022-05-17T19:30:15.123930	608	1.77000000e+02
1.33563365e+01	2022-05-17T19:30:15.155176	609	1.48000000e+02
1.33686255e+01	2022-05-17T19:30:15.170799	610	1.79000000e+02
1.33830358e+01	2022-05-17T19:30:15.170799	611	1.80000000e+02
1.33936465e+01	2022-05-17T19:30:15.186838	612	1.87000000e+02
1.34269987e+01	2022-05-17T19:30:15.224168	613	1.78000000e+02
1.34451514e+01	2022-05-17T19:30:15.239793	614	1.77000000e+02
1.34556195e+01	2022-05-17T19:30:15.255919	615	1.79000000e+02
1.34637576e+01	2022-05-17T19:30:15.255919	616	1.77000000e+02
1.34873867e+01	2022-05-17T19:30:15.286657	617	1.78000000e+02
1.35121995e+01	2022-05-17T19:30:15.312445	618	1.78000000e+02
1.35166737e+01	2022-05-17T19:30:15.312445	619	1.77000000e+02
1.35251742e+01	2022-05-17T19:30:15.324802	620	1.78000000e+02
1.35332397e+01	2022-05-17T19:30:15.324802	621	1.93000000e+02
1.35615217e+01	2022-05-17T19:30:15.356050	622	1.85000000e+02
1.35858660e+01	2022-05-17T19:30:15.387295	623	1.76000000e+02
1.35907406e+01	2022-05-17T19:30:15.387295	624	1.77000000e+02
1.35991129e+01	2022-05-17T19:30:15.387295	625	1.78000000e+02
1.36073827e+01	2022-05-17T19:30:15.403380	626	2.07000000e+02
1.36348255e+01	2022-05-17T19:30:15.425133	627	1.76000000e+02
1.36533332e+01	2022-05-17T19:30:15.440759	628	1.91000000e+02
1.36613556e+01	2022-05-17T19:30:15.456417	629	1.79000000e+02
1.36726348e+01	2022-05-17T19:30:15.472480	630	1.77000000e+02
1.36807178e+01	2022-05-17T19:30:15.472480	631	1.83000000e+02
1.37053472e+01	2022-05-17T19:30:15.498287	632	2.15000000e+02
1.37233614e+01	2022-05-17T19:30:15.525429	633	1.77000000e+02
1.37306617e+01	2022-05-17T19:30:15.525429	634	1.79000000e+02
1.37422620e+01	2022-05-17T19:30:15.541504	635	1.81000000e+02
1.37506730e+01	2022-05-17T19:30:15.541504	636	1.79000000e+02
1.37750489e+01	2022-05-17T19:30:15.572297	637	2.15000000e+02
1.37857533e+01	2022-05-17T19:30:15.587919	638	1.84000000e+02
1.37999633e+01	2022-05-17T19:30:15.587919	639	1.79000000e+02
1.38121485e+01	2022-05-17T19:30:15.603540	640	1.77000000e+02
1.38362277e+01	2022-05-17T19:30:15.625682	641	1.77000000e+02
1.38616999e+01	2022-05-17T19:30:15.656931	642	1.83000000e+02
1.38646230e+01	2022-05-17T19:30:15.656931	643	1.77000000e+02
1.38734521e+01	2022-05-17T19:30:15.673082	644	1.78000000e+02
1.38825175e+01	2022-05-17T19:30:15.673082	645	2.15000000e+02
1.39107614e+01	2022-05-17T19:30:15.703793	646	1.76000000e+02
1.39280778e+01	2022-05-17T19:30:15.725955	647	1.79000000e+02
1.39349299e+01	2022-05-17T19:30:15.725955	648	1.78000000e+02
1.39430628e+01	2022-05-17T19:30:15.742129	649	1.77000000e+02
1.39514028e+01	2022-05-17T19:30:15.742129	650	1.78000000e+02
1.39756480e+01	2022-05-17T19:30:15.772823	651	1.52000000e+02
1.39936187e+01	2022-05-17T19:30:15.788481	652	1.92000000e+02
1.40044124e+01	2022-05-17T19:30:15.804516	653	2.07000000e+02
1.40122747e+01	2022-05-17T19:30:15.804516	654	1.95000000e+02
1.40361783e+01	2022-05-17T19:30:15.826252	655	1.86000000e+02
1.40610160e+01	2022-05-17T19:30:15.857503	656	1.77000000e+02
1.40702505e+01	2022-05-17T19:30:15.857503	657	1.78000000e+02
1.40822540e+01	2022-05-17T19:30:15.873120	658	1.77000000e+02
1.41069972e+01	2022-05-17T19:30:15.904363	659	1.82000000e+02
1.41317815e+01	2022-05-17T19:30:15.926492	660	1.79000000e+02
1.41332463e+01	2022-05-17T19:30:15.926492	661	1.91000000e+02
1.41437919e+01	2022-05-17T19:30:15.942534	662	1.60000000e+02
1.41520588e+01	2022-05-17T19:30:15.942534	663	1.79000000e+02
1.41754050e+01	2022-05-17T19:30:15.973361	664	1.76000000e+02
1.41990471e+01	2022-05-17T19:30:15.988983	665	1.78000000e+02
1.42050401e+01	2022-05-17T19:30:16.005112	666	1.78000000e+02
1.42132426e+01	2022-05-17T19:30:16.005112	667	1.86000000e+02
1.42371473e+01	2022-05-17T19:30:16.026900	668	1.83000000e+02
1.42559798e+01	2022-05-17T19:30:16.058187	669	1.82000000e+02
1.42579574e+01	2022-05-17T19:30:16.058187	670	1.78000000e+02
1.42726958e+01	2022-05-17T19:30:16.073809	671	1.91000000e+02
1.42829042e+01	2022-05-17T19:30:16.073809	672	1.80000000e+02
1.42911316e+01	2022-05-17T19:30:16.089915	673	1.52000000e+02
1.42993136e+01	2022-05-17T19:30:16.089915	674	1.79000000e+02
1.43219177e+01	2022-05-17T19:30:16.120631	675	1.77000000e+02
1.43430623e+01	2022-05-17T19:30:16.142796	676	1.79000000e+02
1.43518555e+01	2022-05-17T19:30:16.142796	677	1.83000000e+02
1.43610630e+01	2022-05-17T19:30:16.158939	678	1.79000000e+02
1.43872931e+01	2022-05-17T19:30:16.189625	679	1.77000000e+02
1.43921043e+01	2022-05-17T19:30:16.189625	680	1.77000000e+02
1.44011201e+01	2022-05-17T19:30:16.189625	681	1.78000000e+02
1.44217109e+01	2022-05-17T19:30:16.220878	682	1.77000000e+02
1.44302144e+01	2022-05-17T19:30:16.227426	683	1.79000000e+02
1.44388875e+01	2022-05-17T19:30:16.227426	684	1.80000000e+02
1.44508880e+01	2022-05-17T19:30:16.243515	685	1.78000000e+02
1.44750291e+01	2022-05-17T19:30:16.274295	686	1.78000000e+02
1.44940219e+01	2022-05-17T19:30:16.289951	687	1.77000000e+02
1.45010026e+01	2022-05-17T19:30:16.289951	688	2.14000000e+02
1.45123380e+01	2022-05-17T19:30:16.306046	689	1.79000000e+02
1.45208138e+01	2022-05-17T19:30:16.316423	690	1.81000000e+02
1.45462098e+01	2022-05-17T19:30:16.343639	691	1.83000000e+02
1.45627025e+01	2022-05-17T19:30:16.359260	692	1.77000000e+02
1.45706845e+01	2022-05-17T19:30:16.359260	693	1.77000000e+02
1.45742796e+01	2022-05-17T19:30:16.374880	694	1.81000000e+02
1.45856507e+01	2022-05-17T19:30:16.374880	695	1.78000000e+02
1.46090955e+01	2022-05-17T19:30:16.406124	696	1.77000000e+02
1.46187103e+01	2022-05-17T19:30:16.406124	697	1.85000000e+02
1.46299760e+01	2022-05-17T19:30:16.428251	698	1.77000000e+02
1.46393357e+01	2022-05-17T19:30:16.428251	699	1.60000000e+02
1.46470507e+01	2022-05-17T19:30:16.444367	700	1.77000000e+02
1.46559488e+01	2022-05-17T19:30:16.444367	701	1.60000000e+02
1.46768353e+01	2022-05-17T19:30:16.475120	702	1.78000000e+02
1.46852655e+01	2022-05-17T19:30:16.475120	703	1.78000000e+02
1.47035722e+01	2022-05-17T19:30:16.501052	704	1.77000000e+02
1.47130379e+01	2022-05-17T19:30:16.501052	705	1.79000000e+02
1.47214496e+01	2022-05-17T19:30:16.517129	706	1.77000000e+02
1.47335956e+01	2022-05-17T19:30:16.528688	707	1.79000000e+02
1.47419643e+01	2022-05-17T19:30:16.544326	708	1.99000000e+02
1.47598698e+01	2022-05-17T19:30:16.559935	709	1.86000000e+02
1.47696640e+01	2022-05-17T19:30:16.559935	710	1.80000000e+02
1.47865368e+01	2022-05-17T19:30:16.575596	711	1.77000000e+02
1.47952200e+01	2022-05-17T19:30:16.591677	712	1.78000000e+02
1.48233823e+01	2022-05-17T19:30:16.622420	713	1.77000000e+02
1.48256587e+01	2022-05-17T19:30:16.622420	714	1.60000000e+02
1.48513418e+01	2022-05-17T19:30:16.644584	715	1.77000000e+02
1.48560369e+01	2022-05-17T19:30:16.644584	716	1.76000000e+02
1.48655548e+01	2022-05-17T19:30:16.660608	717	1.78000000e+02
1.48934681e+01	2022-05-17T19:30:16.691413	718	1.79000000e+02
1.49185242e+01	2022-05-17T19:30:16.707064	719	1.78000000e+02
1.49218197e+01	2022-05-17T19:30:16.722905	720	1.78000000e+02
1.49299275e+01	2022-05-17T19:30:16.729498	721	1.77000000e+02
1.49389617e+01	2022-05-17T19:30:16.729498	722	1.95000000e+02
1.49695039e+01	2022-05-17T19:30:16.760746	723	1.76000000e+02
1.49877273e+01	2022-05-17T19:30:16.776366	724	2.15000000e+02
1.49997696e+01	2022-05-17T19:30:16.792448	725	1.78000000e+02
1.50250594e+01	2022-05-17T19:30:16.823231	726	1.78000000e+02
1.50499417e+01	2022-05-17T19:30:16.845363	727	1.81000000e+02
1.50527675e+01	2022-05-17T19:30:16.845363	728	1.78000000e+02
1.50607417e+01	2022-05-17T19:30:16.861596	729	1.78000000e+02
1.50695611e+01	2022-05-17T19:30:16.861596	730	1.60000000e+02
1.50940779e+01	2022-05-17T19:30:16.892228	731	1.79000000e+02
1.51185146e+01	2022-05-17T19:30:16.907851	732	1.79000000e+02
1.51201592e+01	2022-05-17T19:30:16.907851	733	1.78000000e+02
1.51303065e+01	2022-05-17T19:30:16.930174	734	1.85000000e+02
1.51389079e+01	2022-05-17T19:30:16.930174	735	1.84000000e+02
1.51627912e+01	2022-05-17T19:30:16.961421	736	1.76000000e+02
1.51815685e+01	2022-05-17T19:30:16.977043	737	1.78000000e+02
1.51887942e+01	2022-05-17T19:30:16.977043	738	1.78000000e+02
1.51916966e+01	2022-05-17T19:30:16.992665	739	1.77000000e+02
1.52003550e+01	2022-05-17T19:30:16.992665	740	1.84000000e+02
1.52085952e+01	2022-05-17T19:30:17.008643	741	1.79000000e+02
1.52166528e+01	2022-05-17T19:30:17.008643	742	1.78000000e+02
1.52404868e+01	2022-05-17T19:30:17.030265	743	1.86000000e+02
1.52666095e+01	2022-05-17T19:30:17.061512	744	1.77000000e+02
1.52783053e+01	2022-05-17T19:30:17.077133	745	1.77000000e+02
1.52866214e+01	2022-05-17T19:30:17.077133	746	1.79000000e+02
1.53106952e+01	2022-05-17T19:30:17.108376	747	1.76000000e+02
1.53364603e+01	2022-05-17T19:30:17.130575	748	1.79000000e+02
1.53475899e+01	2022-05-17T19:30:17.146200	749	1.77000000e+02
1.53561981e+01	2022-05-17T19:30:17.146200	750	1.78000000e+02
1.53785904e+01	2022-05-17T19:30:17.177444	751	1.85000000e+02
1.54037863e+01	2022-05-17T19:30:17.193066	752	1.85000000e+02
1.54088142e+01	2022-05-17T19:30:17.209146	753	1.78000000e+02
1.54171108e+01	2022-05-17T19:30:17.209146	754	1.85000000e+02
1.54411040e+01	2022-05-17T19:30:17.230875	755	1.76000000e+02
1.54605643e+01	2022-05-17T19:30:17.262180	756	1.79000000e+02
1.54682110e+01	2022-05-17T19:30:17.262180	757	1.78000000e+02
1.54787154e+01	2022-05-17T19:30:17.278211	758	1.85000000e+02
1.54874697e+01	2022-05-17T19:30:17.278211	759	1.85000000e+02
1.55118741e+01	2022-05-17T19:30:17.309003	760	1.86000000e+02
1.55336483e+01	2022-05-17T19:30:17.335209	761	1.48000000e+02
1.55410021e+01	2022-05-17T19:30:17.335209	762	1.77000000e+02
1.55526092e+01	2022-05-17T19:30:17.351245	763	2.07000000e+02
1.55626718e+01	2022-05-17T19:30:17.351245	764	1.78000000e+02
1.55853048e+01	2022-05-17T19:30:17.382077	765	1.77000000e+02
1.56113597e+01	2022-05-17T19:30:17.413359	766	1.99000000e+02
1.56136024e+01	2022-05-17T19:30:17.413359	767	1.78000000e+02
1.56225707e+01	2022-05-17T19:30:17.413359	768	1.78000000e+02
1.56346403e+01	2022-05-17T19:30:17.431258	769	1.91000000e+02
1.56433790e+01	2022-05-17T19:30:17.431258	770	1.89000000e+02
1.56648845e+01	2022-05-17T19:30:17.462507	771	1.77000000e+02
1.56900683e+01	2022-05-17T19:30:17.478128	772	1.78000000e+02
1.56915098e+01	2022-05-17T19:30:17.494011	773	1.79000000e+02
1.57003073e+01	2022-05-17T19:30:17.494011	774	1.78000000e+02
1.57121513e+01	2022-05-17T19:30:17.504505	775	1.79000000e+02
1.57393535e+01	2022-05-17T19:30:17.531262	776	1.78000000e+02
1.57612429e+01	2022-05-17T19:30:17.562550	777	1.78000000e+02
1.57695233e+01	2022-05-17T19:30:17.562550	778	1.80000000e+02
1.57775136e+01	2022-05-17T19:30:17.578444	779	1.77000000e+02
1.57859862e+01	2022-05-17T19:30:17.578444	780	1.85000000e+02
1.58070180e+01	2022-05-17T19:30:17.609372	781	1.78000000e+02
1.58203901e+01	2022-05-17T19:30:17.609372	782	1.77000000e+02
1.58333669e+01	2022-05-17T19:30:17.631535	783	1.83000000e+02
1.58436779e+01	2022-05-17T19:30:17.631535	784	1.81000000e+02
1.58561358e+01	2022-05-17T19:30:17.647413	785	1.77000000e+02
1.58803984e+01	2022-05-17T19:30:17.678404	786	1.99000000e+02
1.58919931e+01	2022-05-17T19:30:17.694028	787	1.83000000e+02
1.59076437e+01	2022-05-17T19:30:17.709648	788	1.77000000e+02
1.59173194e+01	2022-05-17T19:30:17.709648	789	1.76000000e+02
1.59295539e+01	2022-05-17T19:30:17.731846	790	1.79000000e+02
1.59379283e+01	2022-05-17T19:30:17.731846	791	1.78000000e+02
1.59607691e+01	2022-05-17T19:30:17.763094	792	1.82000000e+02
1.59670832e+01	2022-05-17T19:30:17.763094	793	1.77000000e+02
1.59855901e+01	2022-05-17T19:30:17.778751	794	1.79000000e+02
1.59922841e+01	2022-05-17T19:30:17.794373	795	1.79000000e+02
1.59992464e+01	2022-05-17T19:30:17.794373	796	1.78000000e+02
1.60075381e+01	2022-05-17T19:30:17.809956	797	1.80000000e+02
1.60196141e+01	2022-05-17T19:30:17.809956	798	1.78000000e+02
1.60430598e+01	2022-05-17T19:30:17.832139	799	1.76000000e+02
1.60520127e+01	2022-05-17T19:30:17.847765	800	1.77000000e+02
1.60702758e+01	2022-05-17T19:30:17.863386	801	1.78000000e+02
1.60803870e+01	2022-05-17T19:30:17.879007	802	2.15000000e+02
1.60898109e+01	2022-05-17T19:30:17.879007	803	1.78000000e+02
1.61128468e+01	2022-05-17T19:30:17.910251	804	1.76000000e+02
1.61379817e+01	2022-05-17T19:30:17.932415	805	1.77000000e+02
1.61425011e+01	2022-05-17T19:30:17.932415	806	1.78000000e+02
1.61502977e+01	2022-05-17T19:30:17.948455	807	1.78000000e+02
1.61591133e+01	2022-05-17T19:30:17.948455	808	1.78000000e+02
1.61836279e+01	2022-05-17T19:30:17.979283	809	1.60000000e+02
1.62083318e+01	2022-05-17T19:30:18.010533	810	1.78000000e+02
1.62202480e+01	2022-05-17T19:30:18.010533	811	1.79000000e+02
1.62284507e+01	2022-05-17T19:30:18.026664	812	1.77000000e+02
1.62368341e+01	2022-05-17T19:30:18.032702	813	1.80000000e+02
1.62647396e+01	2022-05-17T19:30:18.063949	814	1.79000000e+02
1.62775968e+01	2022-05-17T19:30:18.079574	815	1.76000000e+02
1.62861892e+01	2022-05-17T19:30:18.079574	816	1.78000000e+02
1.63018329e+01	2022-05-17T19:30:18.095192	817	1.60000000e+02
1.63104752e+01	2022-05-17T19:30:18.111434	818	1.77000000e+02
1.63186680e+01	2022-05-17T19:30:18.111434	819	1.83000000e+02
1.63447462e+01	2022-05-17T19:30:18.133017	820	1.79000000e+02
1.63649326e+01	2022-05-17T19:30:18.164300	821	1.77000000e+02
1.63756640e+01	2022-05-17T19:30:18.164300	822	1.77000000e+02
1.63842684e+01	2022-05-17T19:30:18.180178	823	1.78000000e+02
1.64059283e+01	2022-05-17T19:30:18.195546	824	1.78000000e+02
1.64139688e+01	2022-05-17T19:30:18.211129	825	1.91000000e+02
1.64361752e+01	2022-05-17T19:30:18.233256	826	1.77000000e+02
1.64455593e+01	2022-05-17T19:30:18.233256	827	1.77000000e+02
1.64539379e+01	2022-05-17T19:30:18.249299	828	1.76000000e+02
1.64791162e+01	2022-05-17T19:30:18.280131	829	1.77000000e+02
1.65047317e+01	2022-05-17T19:30:18.295749	830	2.13000000e+02
1.65152314e+01	2022-05-17T19:30:18.311872	831	1.77000000e+02
1.65236411e+01	2022-05-17T19:30:18.322435	832	1.78000000e+02
1.65467587e+01	2022-05-17T19:30:18.333792	833	1.78000000e+02
1.65560024e+01	2022-05-17T19:30:18.349418	834	1.77000000e+02
1.65682367e+01	2022-05-17T19:30:18.365039	835	1.91000000e+02
1.65762280e+01	2022-05-17T19:30:18.365039	836	1.81000000e+02
1.65849540e+01	2022-05-17T19:30:18.380660	837	1.82000000e+02
1.66131238e+01	2022-05-17T19:30:18.411905	838	1.79000000e+02
1.66404045e+01	2022-05-17T19:30:18.434035	839	2.21000000e+02
1.66420867e+01	2022-05-17T19:30:18.434035	840	1.78000000e+02
1.66503659e+01	2022-05-17T19:30:18.450168	841	1.81000000e+02
1.66587351e+01	2022-05-17T19:30:18.450168	842	1.76000000e+02
1.66979257e+01	2022-05-17T19:30:18.496645	843	1.77000000e+02
1.67058803e+01	2022-05-17T19:30:18.506695	844	1.84000000e+02
1.67159688e+01	2022-05-17T19:30:18.506695	845	1.78000000e+02
1.67281197e+01	2022-05-17T19:30:18.522894	846	1.78000000e+02
1.67364802e+01	2022-05-17T19:30:18.534453	847	1.78000000e+02
1.67639187e+01	2022-05-17T19:30:18.565700	848	1.92000000e+02
1.67839368e+01	2022-05-17T19:30:18.581357	849	1.48000000e+02
1.67914360e+01	2022-05-17T19:30:18.581357	850	1.78000000e+02
1.67977819e+01	2022-05-17T19:30:18.596991	851	1.80000000e+02
1.68062344e+01	2022-05-17T19:30:18.596991	852	1.92000000e+02
1.68267628e+01	2022-05-17T19:30:18.628185	853	1.91000000e+02
1.68534196e+01	2022-05-17T19:30:18.650388	854	1.79000000e+02
1.68592137e+01	2022-05-17T19:30:18.650388	855	1.81000000e+02
1.68674766e+01	2022-05-17T19:30:18.666481	856	1.78000000e+02
1.68758613e+01	2022-05-17T19:30:18.666481	857	1.79000000e+02
1.68964347e+01	2022-05-17T19:30:18.697214	858	1.85000000e+02
1.69216683e+01	2022-05-17T19:30:18.712836	859	1.83000000e+02
1.69245746e+01	2022-05-17T19:30:18.712836	860	1.79000000e+02
1.69330641e+01	2022-05-17T19:30:18.734631	861	1.91000000e+02
1.69449926e+01	2022-05-17T19:30:18.734631	862	1.87000000e+02
1.69650511e+01	2022-05-17T19:30:18.765892	863	1.76000000e+02
1.69906362e+01	2022-05-17T19:30:18.781501	864	1.77000000e+02
1.69937746e+01	2022-05-17T19:30:18.781501	865	1.82000000e+02
1.70027975e+01	2022-05-17T19:30:18.797356	866	1.79000000e+02
1.70351304e+01	2022-05-17T19:30:18.834871	867	1.78000000e+02
1.70537304e+01	2022-05-17T19:30:18.850495	868	1.79000000e+02
1.70600580e+01	2022-05-17T19:30:18.850495	869	1.82000000e+02
1.70726373e+01	2022-05-17T19:30:18.866630	870	1.83000000e+02
1.70965932e+01	2022-05-17T19:30:18.897360	871	1.81000000e+02
1.71159368e+01	2022-05-17T19:30:18.912982	872	1.78000000e+02
1.71244010e+01	2022-05-17T19:30:18.912982	873	1.77000000e+02
1.71339328e+01	2022-05-17T19:30:18.934935	874	1.95000000e+02
1.71472851e+01	2022-05-17T19:30:18.934935	875	1.77000000e+02
1.71662695e+01	2022-05-17T19:30:18.966182	876	1.85000000e+02
1.71905948e+01	2022-05-17T19:30:18.981805	877	2.19000000e+02
1.71992443e+01	2022-05-17T19:30:18.997433	878	1.52000000e+02
1.72076152e+01	2022-05-17T19:30:18.997433	879	1.79000000e+02
1.72477228e+01	2022-05-17T19:30:19.035173	880	1.79000000e+02
1.72548413e+01	2022-05-17T19:30:19.050804	881	1.76000000e+02
1.72651258e+01	2022-05-17T19:30:19.066419	882	1.78000000e+02
1.72775279e+01	2022-05-17T19:30:19.066419	883	1.86000000e+02
1.72961077e+01	2022-05-17T19:30:19.097661	884	1.87000000e+02
1.73054923e+01	2022-05-17T19:30:19.097661	885	1.80000000e+02
1.73181472e+01	2022-05-17T19:30:19.113321	886	1.78000000e+02
1.73332529e+01	2022-05-17T19:30:19.135426	887	1.81000000e+02
1.73425734e+01	2022-05-17T19:30:19.135426	888	1.82000000e+02
1.73504782e+01	2022-05-17T19:30:19.151592	889	1.52000000e+02
1.73590265e+01	2022-05-17T19:30:19.151592	890	1.78000000e+02
1.73825363e+01	2022-05-17T19:30:19.182296	891	1.77000000e+02
1.73916609e+01	2022-05-17T19:30:19.182296	892	1.79000000e+02
1.74097558e+01	2022-05-17T19:30:19.197920	893	1.89000000e+02
1.74157029e+01	2022-05-17T19:30:19.213757	894	1.78000000e+02
1.74237296e+01	2022-05-17T19:30:19.213757	895	2.15000000e+02
1.74445993e+01	2022-05-17T19:30:19.235711	896	1.82000000e+02
1.74538010e+01	2022-05-17T19:30:19.251339	897	1.80000000e+02
1.74725097e+01	2022-05-17T19:30:19.266960	898	1.78000000e+02
1.74775127e+01	2022-05-17T19:30:19.266960	899	1.91000000e+02
1.74857956e+01	2022-05-17T19:30:19.282941	900	1.78000000e+02
1.74944131e+01	2022-05-17T19:30:19.282941	901	1.77000000e+02
1.75130999e+01	2022-05-17T19:30:19.313872	902	1.82000000e+02
1.75388028e+01	2022-05-17T19:30:19.335927	903	1.77000000e+02
1.75473151e+01	2022-05-17T19:30:19.335927	904	1.79000000e+02
1.75556845e+01	2022-05-17T19:30:19.352050	905	1.81000000e+02
1.75830613e+01	2022-05-17T19:30:19.382800	906	1.78000000e+02
1.76000302e+01	2022-05-17T19:30:19.398415	907	1.99000000e+02
1.76163854e+01	2022-05-17T19:30:19.414038	908	1.77000000e+02
1.76210265e+01	2022-05-17T19:30:19.414038	909	1.83000000e+02
1.76289609e+01	2022-05-17T19:30:19.429960	910	1.79000000e+02
1.76374919e+01	2022-05-17T19:30:19.436540	911	1.87000000e+02
1.76456176e+01	2022-05-17T19:30:19.436540	912	1.78000000e+02
1.76663724e+01	2022-05-17T19:30:19.467788	913	1.76000000e+02
1.76927029e+01	2022-05-17T19:30:19.483409	914	1.77000000e+02
1.76985650e+01	2022-05-17T19:30:19.499636	915	1.78000000e+02
1.77070154e+01	2022-05-17T19:30:19.499636	916	1.78000000e+02
1.77153443e+01	2022-05-17T19:30:19.509639	917	1.84000000e+02
1.77406058e+01	2022-05-17T19:30:19.536756	918	1.78000000e+02
1.77677397e+01	2022-05-17T19:30:19.568046	919	1.76000000e+02
1.77769299e+01	2022-05-17T19:30:19.568046	920	2.11000000e+02
1.77889635e+01	2022-05-17T19:30:19.584185	921	1.79000000e+02
1.77976501e+01	2022-05-17T19:30:19.599244	922	1.81000000e+02
1.78099016e+01	2022-05-17T19:30:19.599244	923	1.77000000e+02
1.78368543e+01	2022-05-17T19:30:19.636993	924	1.52000000e+02
1.78558056e+01	2022-05-17T19:30:19.652621	925	1.60000000e+02
1.78669018e+01	2022-05-17T19:30:19.668239	926	1.79000000e+02
1.78790761e+01	2022-05-17T19:30:19.668239	927	1.77000000e+02
1.78979771e+01	2022-05-17T19:30:19.699482	928	1.85000000e+02
1.79069770e+01	2022-05-17T19:30:19.699482	929	1.78000000e+02
1.79257005e+01	2022-05-17T19:30:19.715105	930	1.77000000e+02
1.79368500e+01	2022-05-17T19:30:19.737687	931	2.13000000e+02
1.79486465e+01	2022-05-17T19:30:19.737687	932	1.86000000e+02
1.79672054e+01	2022-05-17T19:30:19.768934	933	1.79000000e+02
1.79781934e+01	2022-05-17T19:30:19.768934	934	1.78000000e+02
1.79964081e+01	2022-05-17T19:30:19.784595	935	1.78000000e+02
1.80019696e+01	2022-05-17T19:30:19.800177	936	1.77000000e+02
1.80104150e+01	2022-05-17T19:30:19.800177	937	1.79000000e+02
1.80328438e+01	2022-05-17T19:30:19.831420	938	1.87000000e+02
1.80579931e+01	2022-05-17T19:30:19.853549	939	1.78000000e+02
1.80632934e+01	2022-05-17T19:30:19.853549	940	1.79000000e+02
1.80716175e+01	2022-05-17T19:30:19.869683	941	1.83000000e+02
1.80795477e+01	2022-05-17T19:30:19.869683	942	1.78000000e+02
1.81009236e+01	2022-05-17T19:30:19.900415	943	1.83000000e+02
1.81275403e+01	2022-05-17T19:30:19.916037	944	1.78000000e+02
1.81328581e+01	2022-05-17T19:30:19.931656	945	1.88000000e+02
1.81412010e+01	2022-05-17T19:30:19.938686	946	1.78000000e+02
1.81494471e+01	2022-05-17T19:30:19.938686	947	1.60000000e+02
1.81705086e+01	2022-05-17T19:30:19.969934	948	2.07000000e+02
1.81913169e+01	2022-05-17T19:30:19.985556	949	2.17000000e+02
1.82029949e+01	2022-05-17T19:30:20.001176	950	1.77000000e+02
1.82244081e+01	2022-05-17T19:30:20.016797	951	1.79000000e+02
1.82324453e+01	2022-05-17T19:30:20.032418	952	2.21000000e+02
1.82592459e+01	2022-05-17T19:30:20.054586	953	1.77000000e+02
1.82641487e+01	2022-05-17T19:30:20.054586	954	1.78000000e+02
1.82764486e+01	2022-05-17T19:30:20.070747	955	1.77000000e+02
1.83009990e+01	2022-05-17T19:30:20.101450	956	2.21000000e+02
1.83235071e+01	2022-05-17T19:30:20.117072	957	1.77000000e+02
1.83307618e+01	2022-05-17T19:30:20.132698	958	1.77000000e+02
1.83417554e+01	2022-05-17T19:30:20.139206	959	2.22000000e+02
1.83502144e+01	2022-05-17T19:30:20.139206	960	1.77000000e+02
1.83620484e+01	2022-05-17T19:30:20.155333	961	1.76000000e+02
1.83856432e+01	2022-05-17T19:30:20.186075	962	2.17000000e+02
1.84135874e+01	2022-05-17T19:30:20.201697	963	1.77000000e+02
1.84190513e+01	2022-05-17T19:30:20.217317	964	1.81000000e+02
1.84294161e+01	2022-05-17T19:30:20.217317	965	1.77000000e+02
1.84400978e+01	2022-05-17T19:30:20.239948	966	1.76000000e+02
1.84484595e+01	2022-05-17T19:30:20.239948	967	1.79000000e+02
1.84711215e+01	2022-05-17T19:30:20.271196	968	1.77000000e+02
1.84972038e+01	2022-05-17T19:30:20.286818	969	1.79000000e+02
1.85057780e+01	2022-05-17T19:30:20.302985	970	1.82000000e+02
1.85179404e+01	2022-05-17T19:30:20.313279	971	1.77000000e+02
1.85267209e+01	2022-05-17T19:30:20.328911	972	1.79000000e+02
1.85408877e+01	2022-05-17T19:30:20.339924	973	1.77000000e+02
1.85544193e+01	2022-05-17T19:30:20.355561	974	2.13000000e+02
1.85676831e+01	2022-05-17T19:30:20.355561	975	1.76000000e+02
1.85790763e+01	2022-05-17T19:30:20.371219	976	1.82000000e+02
1.85876832e+01	2022-05-17T19:30:20.387401	977	1.78000000e+02
1.85956381e+01	2022-05-17T19:30:20.387401	978	1.81000000e+02
1.86189568e+01	2022-05-17T19:30:20.418048	979	1.76000000e+02
1.86317782e+01	2022-05-17T19:30:20.433709	980	1.78000000e+02
1.86482557e+01	2022-05-17T19:30:20.440253	981	1.81000000e+02
1.86572641e+01	2022-05-17T19:30:20.456471	982	1.79000000e+02
1.86655848e+01	2022-05-17T19:30:20.456471	983	1.77000000e+02
1.86875525e+01	2022-05-17T19:30:20.487123	984	2.21000000e+02
1.87087926e+01	2022-05-17T19:30:20.502839	985	1.77000000e+02
1.87186861e+01	2022-05-17T19:30:20.512845	986	1.79000000e+02
1.87279791e+01	2022-05-17T19:30:20.528470	987	1.95000000e+02
1.87393488e+01	2022-05-17T19:30:20.540480	988	1.78000000e+02
1.87519370e+01	2022-05-17T19:30:20.540480	989	1.79000000e+02
1.87792500e+01	2022-05-17T19:30:20.571727	990	1.87000000e+02
1.87988136e+01	2022-05-17T19:30:20.587350	991	1.77000000e+02
1.88090099e+01	2022-05-17T19:30:20.603444	992	1.91000000e+02
1.88338196e+01	2022-05-17T19:30:20.634212	993	2.07000000e+02
1.88548355e+01	2022-05-17T19:30:20.656417	994	1.60000000e+02
1.88630511e+01	2022-05-17T19:30:20.656417	995	1.77000000e+02
1.88743417e+01	2022-05-17T19:30:20.672430	996	1.84000000e+02
1.88826167e+01	2022-05-17T19:30:20.672430	997	1.78000000e+02
1.89034417e+01	2022-05-17T19:30:20.703246	998	1.77000000e+02
1.89240998e+01	2022-05-17T19:30:20.718878	999	1.85000000e+02
1.89321652e+01	2022-05-17T19:30:20.734489	1000	1.80000000e+02