Time elapsed	Time stamp	Loop Index	GP2Y ADC
s			Cts

5.01581330e+00	2022-05-17T19:30:47.692683	1	1.56000000e+02
5.02666790e+00	2022-05-17T19:30:47.692683	2	1.57000000e+02
5.04644080e+00	2022-05-17T19:30:47.723276	3	1.57000000e+02
5.05994310e+00	2022-05-17T19:30:47.729812	4	1.60000000e+02
5.07563360e+00	2022-05-17T19:30:47.745462	5	1.57000000e+02
5.08959530e+00	2022-05-17T19:30:47.761104	6	1.59000000e+02
5.09708000e+00	2022-05-17T19:30:47.761104	7	1.57000000e+02
5.10821550e+00	2022-05-17T19:30:47.777170	8	1.57000000e+02
5.12857560e+00	2022-05-17T19:30:47.792920	9	1.59000000e+02
5.13770250e+00	2022-05-17T19:30:47.807923	10	1.57000000e+02
5.15104410e+00	2022-05-17T19:30:47.823603	11	1.63000000e+02
5.16278300e+00	2022-05-17T19:30:47.830155	12	1.67000000e+02
5.17377910e+00	2022-05-17T19:30:47.846371	13	1.59000000e+02
5.18229470e+00	2022-05-17T19:30:47.846371	14	1.57000000e+02
5.20189660e+00	2022-05-17T19:30:47.877047	15	1.59000000e+02
5.21528670e+00	2022-05-17T19:30:47.892683	16	1.63000000e+02
5.22325110e+00	2022-05-17T19:30:47.892683	17	1.57000000e+02
5.23170710e+00	2022-05-17T19:30:47.908297	18	1.57000000e+02
5.24347420e+00	2022-05-17T19:30:47.908297	19	1.57000000e+02
5.26776290e+00	2022-05-17T19:30:47.930476	20	1.58000000e+02
5.28445830e+00	2022-05-17T19:30:47.961765	21	1.57000000e+02
5.28847720e+00	2022-05-17T19:30:47.961765	22	1.58000000e+02
5.29718150e+00	2022-05-17T19:30:47.961765	23	1.56000000e+02
5.31131930e+00	2022-05-17T19:30:47.977849	24	1.60000000e+02
5.33146060e+00	2022-05-17T19:30:48.008612	25	1.32000000e+02
5.34811110e+00	2022-05-17T19:30:48.024251	26	1.57000000e+02
5.35419290e+00	2022-05-17T19:30:48.031021	27	1.59000000e+02
5.36241870e+00	2022-05-17T19:30:48.031021	28	1.57000000e+02
5.38682130e+00	2022-05-17T19:30:48.062304	29	1.59000000e+02
5.43289630e+00	2022-05-17T19:30:48.109176	30	1.91000000e+02
5.44032230e+00	2022-05-17T19:30:48.109176	31	1.58000000e+02
5.44883760e+00	2022-05-17T19:30:48.125356	32	1.62000000e+02
5.46054610e+00	2022-05-17T19:30:48.131933	33	1.57000000e+02
5.46895760e+00	2022-05-17T19:30:48.131933	34	1.90000000e+02
5.48771150e+00	2022-05-17T19:30:48.163219	35	1.56000000e+02
5.49698800e+00	2022-05-17T19:30:48.163219	36	1.57000000e+02
5.52357010e+00	2022-05-17T19:30:48.194465	37	1.56000000e+02
5.53375860e+00	2022-05-17T19:30:48.210575	38	1.56000000e+02
5.54207330e+00	2022-05-17T19:30:48.210575	39	1.58000000e+02
5.57539040e+00	2022-05-17T19:30:48.248051	40	1.57000000e+02
5.58169630e+00	2022-05-17T19:30:48.248051	41	1.57000000e+02
5.59190490e+00	2022-05-17T19:30:48.263633	42	1.59000000e+02
5.59993170e+00	2022-05-17T19:30:48.263633	43	1.63000000e+02
5.60881140e+00	2022-05-17T19:30:48.279634	44	1.63000000e+02
5.63393980e+00	2022-05-17T19:30:48.310575	45	1.57000000e+02
5.65203280e+00	2022-05-17T19:30:48.320624	46	1.99000000e+02
5.65684290e+00	2022-05-17T19:30:48.333067	47	1.57000000e+02
5.66558400e+00	2022-05-17T19:30:48.333067	48	1.57000000e+02
5.69546220e+00	2022-05-17T19:30:48.364356	49	1.57000000e+02
5.69752150e+00	2022-05-17T19:30:48.364356	50	1.61000000e+02
5.70929910e+00	2022-05-17T19:30:48.379976	51	1.59000000e+02
5.71909760e+00	2022-05-17T19:30:48.395563	52	1.59000000e+02
5.73095220e+00	2022-05-17T19:30:48.395563	53	1.57000000e+02
5.76332450e+00	2022-05-17T19:30:48.433361	54	1.32000000e+02
5.77051600e+00	2022-05-17T19:30:48.433361	55	1.58000000e+02
5.77972560e+00	2022-05-17T19:30:48.448985	56	1.59000000e+02
5.80444080e+00	2022-05-17T19:30:48.480254	57	1.57000000e+02
5.81438150e+00	2022-05-17T19:30:48.480254	58	1.66000000e+02
5.82629820e+00	2022-05-17T19:30:48.496018	59	1.61000000e+02
5.83753850e+00	2022-05-17T19:30:48.506475	60	1.57000000e+02
5.84578560e+00	2022-05-17T19:30:48.522535	61	1.57000000e+02
5.85775450e+00	2022-05-17T19:30:48.533543	62	1.57000000e+02
5.86635070e+00	2022-05-17T19:30:48.533543	63	1.61000000e+02
5.88902010e+00	2022-05-17T19:30:48.564816	64	1.57000000e+02
5.90958550e+00	2022-05-17T19:30:48.580459	65	2.00000000e+02
5.91974450e+00	2022-05-17T19:30:48.596283	66	1.91000000e+02
5.93167920e+00	2022-05-17T19:30:48.596283	67	1.62000000e+02
5.95063390e+00	2022-05-17T19:30:48.627301	68	1.64000000e+02
5.96055130e+00	2022-05-17T19:30:48.633870	69	1.52000000e+02
5.97216470e+00	2022-05-17T19:30:48.649538	70	1.58000000e+02
5.98100400e+00	2022-05-17T19:30:48.649538	71	1.57000000e+02
5.99296040e+00	2022-05-17T19:30:48.665690	72	1.71000000e+02
6.00139630e+00	2022-05-17T19:30:48.665690	73	1.57000000e+02
6.02319670e+00	2022-05-17T19:30:48.696384	74	1.99000000e+02
6.04235790e+00	2022-05-17T19:30:48.712011	75	1.58000000e+02
6.04597030e+00	2022-05-17T19:30:48.712011	76	1.58000000e+02
6.05472740e+00	2022-05-17T19:30:48.728108	77	1.59000000e+02
6.06681610e+00	2022-05-17T19:30:48.734417	78	1.57000000e+02
6.09308400e+00	2022-05-17T19:30:48.765693	79	1.56000000e+02
6.10805240e+00	2022-05-17T19:30:48.781342	80	1.91000000e+02
6.12042280e+00	2022-05-17T19:30:48.796911	81	1.57000000e+02
6.13252430e+00	2022-05-17T19:30:48.796911	82	1.65000000e+02
6.15345950e+00	2022-05-17T19:30:48.828178	83	1.56000000e+02
6.17344280e+00	2022-05-17T19:30:48.850376	84	1.57000000e+02
6.17663370e+00	2022-05-17T19:30:48.850376	85	1.59000000e+02
6.18570390e+00	2022-05-17T19:30:48.850376	86	1.58000000e+02
6.19788580e+00	2022-05-17T19:30:48.866436	87	1.58000000e+02
6.22244910e+00	2022-05-17T19:30:48.897227	88	1.61000000e+02
6.23508400e+00	2022-05-17T19:30:48.912860	89	1.59000000e+02
6.24242930e+00	2022-05-17T19:30:48.912860	90	1.44000000e+02
6.25174040e+00	2022-05-17T19:30:48.928445	91	1.59000000e+02
6.26337420e+00	2022-05-17T19:30:48.935253	92	1.61000000e+02
6.27187840e+00	2022-05-17T19:30:48.935253	93	1.65000000e+02
6.29102780e+00	2022-05-17T19:30:48.966536	94	1.58000000e+02
6.30446760e+00	2022-05-17T19:30:48.982166	95	1.57000000e+02
6.31195240e+00	2022-05-17T19:30:48.982166	96	1.67000000e+02
6.32122710e+00	2022-05-17T19:30:48.997749	97	1.59000000e+02
6.33301390e+00	2022-05-17T19:30:48.997749	98	1.58000000e+02
6.35349450e+00	2022-05-17T19:30:49.029016	99	1.56000000e+02
6.37324450e+00	2022-05-17T19:30:49.051199	100	1.56000000e+02
6.38238170e+00	2022-05-17T19:30:49.051199	101	1.61000000e+02
6.40760810e+00	2022-05-17T19:30:49.082465	102	1.63000000e+02
6.42599830e+00	2022-05-17T19:30:49.098089	103	1.75000000e+02
6.43540000e+00	2022-05-17T19:30:49.098089	104	1.58000000e+02
6.44365550e+00	2022-05-17T19:30:49.113715	105	1.99000000e+02
6.45714690e+00	2022-05-17T19:30:49.129330	106	1.58000000e+02
6.46899740e+00	2022-05-17T19:30:49.135872	107	1.57000000e+02
6.48907650e+00	2022-05-17T19:30:49.167158	108	1.58000000e+02
6.50096920e+00	2022-05-17T19:30:49.167158	109	1.56000000e+02
6.52376390e+00	2022-05-17T19:30:49.198386	110	1.59000000e+02
6.54294540e+00	2022-05-17T19:30:49.214016	111	1.52000000e+02
6.55405260e+00	2022-05-17T19:30:49.230092	112	1.57000000e+02
6.56245530e+00	2022-05-17T19:30:49.236555	113	1.57000000e+02
6.57110800e+00	2022-05-17T19:30:49.236555	114	1.58000000e+02
6.59269930e+00	2022-05-17T19:30:49.267835	115	1.56000000e+02
6.61251940e+00	2022-05-17T19:30:49.283459	116	1.69000000e+02
6.61515220e+00	2022-05-17T19:30:49.283459	117	1.44000000e+02
6.62362660e+00	2022-05-17T19:30:49.299605	118	1.59000000e+02
6.63194170e+00	2022-05-17T19:30:49.299605	119	1.61000000e+02
6.65553200e+00	2022-05-17T19:30:49.325282	120	1.64000000e+02
6.67057460e+00	2022-05-17T19:30:49.336825	121	1.57000000e+02
6.67816870e+00	2022-05-17T19:30:49.352491	122	1.59000000e+02
6.68952070e+00	2022-05-17T19:30:49.352491	123	1.67000000e+02
6.70165490e+00	2022-05-17T19:30:49.368109	124	1.58000000e+02
6.72342900e+00	2022-05-17T19:30:49.399315	125	1.60000000e+02
6.74328380e+00	2022-05-17T19:30:49.414998	126	1.56000000e+02
6.74647260e+00	2022-05-17T19:30:49.414998	127	1.57000000e+02
6.75467340e+00	2022-05-17T19:30:49.431146	128	1.30000000e+02
6.76311490e+00	2022-05-17T19:30:49.437610	129	1.57000000e+02
6.77146780e+00	2022-05-17T19:30:49.437610	130	1.65000000e+02
6.79569650e+00	2022-05-17T19:30:49.468892	131	1.67000000e+02
6.80649550e+00	2022-05-17T19:30:49.484478	132	1.67000000e+02
6.81842540e+00	2022-05-17T19:30:49.484478	133	1.59000000e+02
6.82874480e+00	2022-05-17T19:30:49.500363	134	1.52000000e+02
6.84100440e+00	2022-05-17T19:30:49.510884	135	1.59000000e+02
6.86061470e+00	2022-05-17T19:30:49.537604	136	1.59000000e+02
6.87158130e+00	2022-05-17T19:30:49.537604	137	1.57000000e+02
6.89126350e+00	2022-05-17T19:30:49.568891	138	1.60000000e+02
6.89345260e+00	2022-05-17T19:30:49.568891	139	1.61000000e+02
6.90241500e+00	2022-05-17T19:30:49.568891	140	1.57000000e+02
6.91486320e+00	2022-05-17T19:30:49.584766	141	1.65000000e+02
6.93999080e+00	2022-05-17T19:30:49.615741	142	1.57000000e+02
6.96002160e+00	2022-05-17T19:30:49.637951	143	1.28000000e+02
6.96372650e+00	2022-05-17T19:30:49.637951	144	1.63000000e+02
6.97217970e+00	2022-05-17T19:30:49.637951	145	1.52000000e+02
6.98428390e+00	2022-05-17T19:30:49.653651	146	1.62000000e+02
7.00194000e+00	2022-05-17T19:30:49.669217	147	1.61000000e+02
7.01142130e+00	2022-05-17T19:30:49.684856	148	1.57000000e+02
7.02579660e+00	2022-05-17T19:30:49.700482	149	1.59000000e+02
7.03290330e+00	2022-05-17T19:30:49.700482	150	1.65000000e+02
7.04139480e+00	2022-05-17T19:30:49.716170	151	1.57000000e+02
7.04995250e+00	2022-05-17T19:30:49.716170	152	1.58000000e+02
7.06647930e+00	2022-05-17T19:30:49.738296	153	1.99000000e+02
7.07526400e+00	2022-05-17T19:30:49.738296	154	1.65000000e+02
7.08985530e+00	2022-05-17T19:30:49.753964	155	1.58000000e+02
7.09846250e+00	2022-05-17T19:30:49.770021	156	1.58000000e+02
7.10652860e+00	2022-05-17T19:30:49.770021	157	1.57000000e+02
7.11541880e+00	2022-05-17T19:30:49.785458	158	1.57000000e+02
7.12310910e+00	2022-05-17T19:30:49.800844	159	1.59000000e+02
7.14478030e+00	2022-05-17T19:30:49.816407	160	1.59000000e+02
7.15886570e+00	2022-05-17T19:30:49.832077	161	1.62000000e+02
7.16839890e+00	2022-05-17T19:30:49.838624	162	1.60000000e+02
7.17699290e+00	2022-05-17T19:30:49.854286	163	1.58000000e+02
7.18986520e+00	2022-05-17T19:30:49.854286	164	1.57000000e+02
7.21076550e+00	2022-05-17T19:30:49.885527	165	1.56000000e+02
7.23175690e+00	2022-05-17T19:30:49.901184	166	1.58000000e+02
7.24305180e+00	2022-05-17T19:30:49.916734	167	1.58000000e+02
7.26586940e+00	2022-05-17T19:30:49.938915	168	1.57000000e+02
7.27319650e+00	2022-05-17T19:30:49.938915	169	1.56000000e+02
7.28228470e+00	2022-05-17T19:30:49.954570	170	1.57000000e+02
7.29592460e+00	2022-05-17T19:30:49.970204	171	1.57000000e+02
7.30758480e+00	2022-05-17T19:30:49.985801	172	1.58000000e+02
7.31599780e+00	2022-05-17T19:30:49.985801	173	1.59000000e+02
7.34061370e+00	2022-05-17T19:30:50.017050	174	1.57000000e+02
7.36162400e+00	2022-05-17T19:30:50.039190	175	1.64000000e+02
7.37269630e+00	2022-05-17T19:30:50.039190	176	1.58000000e+02
7.38156430e+00	2022-05-17T19:30:50.055355	177	1.58000000e+02
7.39033870e+00	2022-05-17T19:30:50.055355	178	1.59000000e+02
7.41027980e+00	2022-05-17T19:30:50.086085	179	1.57000000e+02
7.42543790e+00	2022-05-17T19:30:50.101708	180	1.56000000e+02
7.43281530e+00	2022-05-17T19:30:50.101708	181	1.75000000e+02
7.44296750e+00	2022-05-17T19:30:50.117593	182	1.58000000e+02
7.45118390e+00	2022-05-17T19:30:50.117593	183	1.57000000e+02
7.47521540e+00	2022-05-17T19:30:50.139465	184	1.56000000e+02
7.49514340e+00	2022-05-17T19:30:50.170757	185	1.62000000e+02
7.50449130e+00	2022-05-17T19:30:50.170757	186	1.58000000e+02
7.51669550e+00	2022-05-17T19:30:50.186813	187	1.75000000e+02
7.53960730e+00	2022-05-17T19:30:50.217602	188	1.57000000e+02
7.54261070e+00	2022-05-17T19:30:50.217602	189	1.57000000e+02
7.56494140e+00	2022-05-17T19:30:50.239786	190	1.57000000e+02
7.56923450e+00	2022-05-17T19:30:50.239786	191	1.60000000e+02
7.57815910e+00	2022-05-17T19:30:50.255449	192	1.64000000e+02
7.58639290e+00	2022-05-17T19:30:50.255449	193	1.58000000e+02
7.61269590e+00	2022-05-17T19:30:50.286680	194	1.58000000e+02
7.62437820e+00	2022-05-17T19:30:50.302406	195	1.57000000e+02
7.63494060e+00	2022-05-17T19:30:50.312439	196	1.62000000e+02
7.64370880e+00	2022-05-17T19:30:50.312439	197	1.57000000e+02
7.65206840e+00	2022-05-17T19:30:50.328659	198	1.57000000e+02
7.66006750e+00	2022-05-17T19:30:50.328659	199	1.60000000e+02
7.66833780e+00	2022-05-17T19:30:50.340108	200	1.58000000e+02
7.67675900e+00	2022-05-17T19:30:50.340108	201	1.91000000e+02
7.69628120e+00	2022-05-17T19:30:50.371380	202	1.64000000e+02
7.71140850e+00	2022-05-17T19:30:50.387014	203	1.56000000e+02
7.72167700e+00	2022-05-17T19:30:50.387014	204	1.57000000e+02
7.73376640e+00	2022-05-17T19:30:50.403069	205	1.58000000e+02
7.75654860e+00	2022-05-17T19:30:50.433865	206	1.57000000e+02
7.76815110e+00	2022-05-17T19:30:50.440413	207	1.57000000e+02
7.78359110e+00	2022-05-17T19:30:50.456073	208	1.57000000e+02
7.79478150e+00	2022-05-17T19:30:50.471658	209	1.95000000e+02
7.80268000e+00	2022-05-17T19:30:50.471658	210	1.58000000e+02
7.82551890e+00	2022-05-17T19:30:50.497957	211	1.56000000e+02
7.84009990e+00	2022-05-17T19:30:50.513613	212	1.57000000e+02
7.84768400e+00	2022-05-17T19:30:50.513613	213	1.60000000e+02
7.85627450e+00	2022-05-17T19:30:50.529723	214	1.71000000e+02
7.86464170e+00	2022-05-17T19:30:50.541328	215	1.57000000e+02
7.87292850e+00	2022-05-17T19:30:50.541328	216	1.97000000e+02
7.89460380e+00	2022-05-17T19:30:50.572576	217	1.59000000e+02
7.91575830e+00	2022-05-17T19:30:50.588234	218	1.57000000e+02
7.92195870e+00	2022-05-17T19:30:50.588234	219	1.59000000e+02
7.93039470e+00	2022-05-17T19:30:50.604354	220	1.91000000e+02
7.93995990e+00	2022-05-17T19:30:50.604354	221	1.59000000e+02
7.95834010e+00	2022-05-17T19:30:50.635140	222	1.57000000e+02
7.97395160e+00	2022-05-17T19:30:50.641676	223	1.58000000e+02
7.98068980e+00	2022-05-17T19:30:50.657341	224	1.57000000e+02
7.99139290e+00	2022-05-17T19:30:50.657341	225	1.58000000e+02
8.00004430e+00	2022-05-17T19:30:50.673446	226	1.59000000e+02
8.00822160e+00	2022-05-17T19:30:50.673446	227	1.56000000e+02
8.02658860e+00	2022-05-17T19:30:50.704165	228	1.59000000e+02
8.04752370e+00	2022-05-17T19:30:50.719830	229	1.63000000e+02
8.05711860e+00	2022-05-17T19:30:50.719830	230	1.62000000e+02
8.06549480e+00	2022-05-17T19:30:50.742355	231	1.57000000e+02
8.07402700e+00	2022-05-17T19:30:50.742355	232	1.57000000e+02
8.10420790e+00	2022-05-17T19:30:50.773645	233	1.65000000e+02
8.11265850e+00	2022-05-17T19:30:50.789263	234	1.57000000e+02
8.12798820e+00	2022-05-17T19:30:50.804847	235	1.59000000e+02
8.13930210e+00	2022-05-17T19:30:50.804847	236	1.63000000e+02
8.14739090e+00	2022-05-17T19:30:50.820965	237	1.57000000e+02
8.15614420e+00	2022-05-17T19:30:50.820965	238	1.59000000e+02
8.17424420e+00	2022-05-17T19:30:50.842578	239	1.56000000e+02
8.19589080e+00	2022-05-17T19:30:50.873854	240	1.61000000e+02
8.20504510e+00	2022-05-17T19:30:50.873854	241	1.58000000e+02
8.21637130e+00	2022-05-17T19:30:50.889938	242	1.62000000e+02
8.22600990e+00	2022-05-17T19:30:50.889938	243	1.57000000e+02
8.24500300e+00	2022-05-17T19:30:50.920714	244	1.63000000e+02
8.26579350e+00	2022-05-17T19:30:50.942900	245	1.59000000e+02
8.27034040e+00	2022-05-17T19:30:50.942900	246	1.57000000e+02
8.27867270e+00	2022-05-17T19:30:50.942900	247	1.65000000e+02
8.29087910e+00	2022-05-17T19:30:50.958992	248	1.58000000e+02
8.31364360e+00	2022-05-17T19:30:50.989796	249	1.99000000e+02
8.33448590e+00	2022-05-17T19:30:51.005431	250	1.59000000e+02
8.33970120e+00	2022-05-17T19:30:51.005431	251	1.58000000e+02
8.34834430e+00	2022-05-17T19:30:51.021523	252	1.58000000e+02
8.37551340e+00	2022-05-17T19:30:51.043139	253	1.62000000e+02
8.37756160e+00	2022-05-17T19:30:51.043139	254	1.75000000e+02
8.39908330e+00	2022-05-17T19:30:51.074424	255	1.60000000e+02
8.40950460e+00	2022-05-17T19:30:51.074424	256	1.63000000e+02
8.41787400e+00	2022-05-17T19:30:51.090489	257	1.58000000e+02
8.42604130e+00	2022-05-17T19:30:51.090489	258	1.58000000e+02
8.44473610e+00	2022-05-17T19:30:51.121291	259	1.29000000e+02
8.46654530e+00	2022-05-17T19:30:51.143452	260	1.57000000e+02
8.47468420e+00	2022-05-17T19:30:51.143452	261	1.75000000e+02
8.48320420e+00	2022-05-17T19:30:51.159688	262	1.57000000e+02
8.49099660e+00	2022-05-17T19:30:51.159688	263	1.57000000e+02
8.51447130e+00	2022-05-17T19:30:51.190347	264	1.58000000e+02
8.52336540e+00	2022-05-17T19:30:51.190347	265	1.57000000e+02
8.53888330e+00	2022-05-17T19:30:51.205985	266	1.57000000e+02
8.54891010e+00	2022-05-17T19:30:51.221565	267	1.99000000e+02
8.55801020e+00	2022-05-17T19:30:51.221565	268	1.61000000e+02
8.57560380e+00	2022-05-17T19:30:51.243428	269	1.57000000e+02
8.59216790e+00	2022-05-17T19:30:51.259083	270	1.58000000e+02
8.59744590e+00	2022-05-17T19:30:51.274714	271	1.57000000e+02
8.60138800e+00	2022-05-17T19:30:51.274714	272	1.60000000e+02
8.61037290e+00	2022-05-17T19:30:51.274714	273	1.71000000e+02
8.61860670e+00	2022-05-17T19:30:51.290759	274	1.58000000e+02
8.62671310e+00	2022-05-17T19:30:51.290759	275	1.57000000e+02
8.64520220e+00	2022-05-17T19:30:51.316469	276	1.59000000e+02
8.66577560e+00	2022-05-17T19:30:51.343672	277	1.57000000e+02
8.67167120e+00	2022-05-17T19:30:51.343672	278	1.60000000e+02
8.67990260e+00	2022-05-17T19:30:51.343672	279	1.58000000e+02
8.68872720e+00	2022-05-17T19:30:51.359732	280	1.63000000e+02
8.71253250e+00	2022-05-17T19:30:51.390567	281	1.98000000e+02
8.72964880e+00	2022-05-17T19:30:51.406199	282	1.62000000e+02
8.73730480e+00	2022-05-17T19:30:51.406199	283	1.57000000e+02
8.74577470e+00	2022-05-17T19:30:51.422344	284	1.56000000e+02
8.75732660e+00	2022-05-17T19:30:51.422344	285	1.57000000e+02
8.77665400e+00	2022-05-17T19:30:51.443914	286	1.57000000e+02
8.79292420e+00	2022-05-17T19:30:51.459579	287	1.75000000e+02
8.79470260e+00	2022-05-17T19:30:51.459579	288	1.75000000e+02
8.80683680e+00	2022-05-17T19:30:51.475161	289	1.57000000e+02
8.81451170e+00	2022-05-17T19:30:51.490875	290	1.58000000e+02
8.82319440e+00	2022-05-17T19:30:51.500891	291	1.62000000e+02
8.83162340e+00	2022-05-17T19:30:51.500891	292	1.56000000e+02
8.85784190e+00	2022-05-17T19:30:51.532163	293	1.57000000e+02
8.87966080e+00	2022-05-17T19:30:51.544197	294	1.62000000e+02
8.88921540e+00	2022-05-17T19:30:51.559862	295	1.57000000e+02
8.91310400e+00	2022-05-17T19:30:51.591089	296	1.91000000e+02
8.91739700e+00	2022-05-17T19:30:51.591089	297	1.58000000e+02
8.93294180e+00	2022-05-17T19:30:51.606728	298	1.62000000e+02
8.93469520e+00	2022-05-17T19:30:51.606728	299	1.57000000e+02
8.94600880e+00	2022-05-17T19:30:51.622772	300	1.65000000e+02
8.95457830e+00	2022-05-17T19:30:51.622772	301	1.36000000e+02
8.97853880e+00	2022-05-17T19:30:51.644525	302	1.59000000e+02
9.00172370e+00	2022-05-17T19:30:51.675812	303	1.63000000e+02
9.01207250e+00	2022-05-17T19:30:51.675812	304	1.57000000e+02
9.02394290e+00	2022-05-17T19:30:51.691815	305	1.75000000e+02
9.05556800e+00	2022-05-17T19:30:51.722660	306	1.58000000e+02
9.05750130e+00	2022-05-17T19:30:51.722660	307	1.57000000e+02
9.07155590e+00	2022-05-17T19:30:51.744832	308	1.58000000e+02
9.08126870e+00	2022-05-17T19:30:51.744832	309	1.56000000e+02
9.08958200e+00	2022-05-17T19:30:51.760854	310	1.57000000e+02
9.09801260e+00	2022-05-17T19:30:51.776080	311	1.56000000e+02
9.13326580e+00	2022-05-17T19:30:51.807360	312	1.57000000e+02
9.14594610e+00	2022-05-17T19:30:51.822980	313	1.65000000e+02
9.15029310e+00	2022-05-17T19:30:51.822980	314	1.58000000e+02
9.15910910e+00	2022-05-17T19:30:51.822980	315	1.57000000e+02
9.16753960e+00	2022-05-17T19:30:51.844993	316	1.57000000e+02
9.17948210e+00	2022-05-17T19:30:51.844993	317	1.58000000e+02
9.19976250e+00	2022-05-17T19:30:51.876265	318	1.59000000e+02
9.22177420e+00	2022-05-17T19:30:51.891897	319	1.58000000e+02
9.22450780e+00	2022-05-17T19:30:51.891897	320	1.57000000e+02
9.23304580e+00	2022-05-17T19:30:51.907980	321	1.58000000e+02
9.24503800e+00	2022-05-17T19:30:51.923105	322	1.58000000e+02
9.25341600e+00	2022-05-17T19:30:51.923105	323	1.59000000e+02
9.27902300e+00	2022-05-17T19:30:51.945225	324	1.57000000e+02
9.29896770e+00	2022-05-17T19:30:51.976509	325	1.59000000e+02
9.30635230e+00	2022-05-17T19:30:51.976509	326	1.58000000e+02
9.31488230e+00	2022-05-17T19:30:51.992131	327	1.59000000e+02
9.32695830e+00	2022-05-17T19:30:51.992131	328	1.58000000e+02
9.35443860e+00	2022-05-17T19:30:52.023362	329	1.61000000e+02
9.36954370e+00	2022-05-17T19:30:52.045547	330	1.59000000e+02
9.38039390e+00	2022-05-17T19:30:52.045547	331	1.59000000e+02
9.38916360e+00	2022-05-17T19:30:52.061210	332	1.61000000e+02
9.41566950e+00	2022-05-17T19:30:52.092443	333	1.91000000e+02
9.43235530e+00	2022-05-17T19:30:52.108074	334	1.58000000e+02
9.43992430e+00	2022-05-17T19:30:52.108074	335	1.56000000e+02
9.45023670e+00	2022-05-17T19:30:52.124062	336	1.75000000e+02
9.47955940e+00	2022-05-17T19:30:52.145823	337	1.71000000e+02
9.48174290e+00	2022-05-17T19:30:52.145823	338	1.59000000e+02
9.49946830e+00	2022-05-17T19:30:52.177138	339	1.91000000e+02
9.50659250e+00	2022-05-17T19:30:52.177138	340	1.57000000e+02
9.51581230e+00	2022-05-17T19:30:52.192691	341	1.58000000e+02
9.52782530e+00	2022-05-17T19:30:52.192691	342	1.58000000e+02
9.55123800e+00	2022-05-17T19:30:52.223958	343	1.57000000e+02
9.56746140e+00	2022-05-17T19:30:52.239586	344	1.59000000e+02
9.57491170e+00	2022-05-17T19:30:52.246129	345	1.56000000e+02
9.58581190e+00	2022-05-17T19:30:52.261955	346	1.60000000e+02
9.59761070e+00	2022-05-17T19:30:52.261955	347	1.57000000e+02
9.61869270e+00	2022-05-17T19:30:52.293023	348	1.67000000e+02
9.63455410e+00	2022-05-17T19:30:52.308721	349	1.58000000e+02
9.64650620e+00	2022-05-17T19:30:52.318731	350	1.65000000e+02
9.65513160e+00	2022-05-17T19:30:52.318731	351	1.28000000e+02
9.66697370e+00	2022-05-17T19:30:52.334369	352	1.65000000e+02
9.67511560e+00	2022-05-17T19:30:52.346797	353	1.58000000e+02
9.68386000e+00	2022-05-17T19:30:52.346797	354	1.58000000e+02
9.70277800e+00	2022-05-17T19:30:52.378056	355	1.60000000e+02
9.71255250e+00	2022-05-17T19:30:52.378056	356	1.58000000e+02
9.72717080e+00	2022-05-17T19:30:52.393691	357	1.28000000e+02
9.73672690e+00	2022-05-17T19:30:52.409377	358	1.58000000e+02
9.74492000e+00	2022-05-17T19:30:52.409377	359	2.35000000e+02
9.76700030e+00	2022-05-17T19:30:52.440554	360	1.58000000e+02
9.78667180e+00	2022-05-17T19:30:52.462750	361	1.97000000e+02
9.79387340e+00	2022-05-17T19:30:52.462750	362	1.63000000e+02
9.80179010e+00	2022-05-17T19:30:52.478375	363	1.60000000e+02
9.80994320e+00	2022-05-17T19:30:52.478375	364	1.57000000e+02
9.83553580e+00	2022-05-17T19:30:52.504660	365	1.36000000e+02
9.85661150e+00	2022-05-17T19:30:52.520329	366	1.58000000e+02
9.85881290e+00	2022-05-17T19:30:52.535908	367	1.57000000e+02
9.86787730e+00	2022-05-17T19:30:52.535908	368	1.57000000e+02
9.87994720e+00	2022-05-17T19:30:52.547858	369	1.59000000e+02
9.90496900e+00	2022-05-17T19:30:52.579140	370	1.57000000e+02
9.91870070e+00	2022-05-17T19:30:52.594796	371	1.57000000e+02
9.92687380e+00	2022-05-17T19:30:52.594796	372	1.63000000e+02
9.93770880e+00	2022-05-17T19:30:52.610347	373	1.56000000e+02
9.96375440e+00	2022-05-17T19:30:52.641617	374	1.57000000e+02
9.97079380e+00	2022-05-17T19:30:52.648123	375	1.57000000e+02
9.98981660e+00	2022-05-17T19:30:52.663794	376	1.99000000e+02
9.99898280e+00	2022-05-17T19:30:52.663794	377	1.59000000e+02
1.00109284e+01	2022-05-17T19:30:52.679858	378	1.57000000e+02
1.00263892e+01	2022-05-17T19:30:52.695613	379	1.36000000e+02
1.00451975e+01	2022-05-17T19:30:52.710637	380	1.57000000e+02
1.00541370e+01	2022-05-17T19:30:52.726264	381	1.67000000e+02
1.00644479e+01	2022-05-17T19:30:52.741910	382	1.57000000e+02
1.00765536e+01	2022-05-17T19:30:52.748417	383	1.65000000e+02
1.00849027e+01	2022-05-17T19:30:52.748417	384	1.59000000e+02
1.01060743e+01	2022-05-17T19:30:52.779690	385	1.56000000e+02
1.01266343e+01	2022-05-17T19:30:52.795311	386	1.63000000e+02
1.01294286e+01	2022-05-17T19:30:52.795311	387	1.59000000e+02
1.01381630e+01	2022-05-17T19:30:52.811353	388	1.58000000e+02
1.01642282e+01	2022-05-17T19:30:52.842175	389	1.57000000e+02
1.01692604e+01	2022-05-17T19:30:52.842175	390	1.58000000e+02
1.01839106e+01	2022-05-17T19:30:52.848718	391	1.65000000e+02
1.01982902e+01	2022-05-17T19:30:52.864816	392	1.57000000e+02
1.02072561e+01	2022-05-17T19:30:52.880267	393	1.65000000e+02
1.02157139e+01	2022-05-17T19:30:52.880267	394	1.57000000e+02
1.02377819e+01	2022-05-17T19:30:52.911235	395	1.57000000e+02
1.02582877e+01	2022-05-17T19:30:52.926869	396	1.32000000e+02
1.02645922e+01	2022-05-17T19:30:52.942494	397	1.58000000e+02
1.02747141e+01	2022-05-17T19:30:52.948999	398	1.99000000e+02
1.02855187e+01	2022-05-17T19:30:52.948999	399	1.61000000e+02
1.03045903e+01	2022-05-17T19:30:52.980271	400	1.57000000e+02
1.03257863e+01	2022-05-17T19:30:52.995903	401	1.60000000e+02
1.03304647e+01	2022-05-17T19:30:52.995903	402	1.59000000e+02
1.03384571e+01	2022-05-17T19:30:53.011985	403	1.57000000e+02
1.03473875e+01	2022-05-17T19:30:53.011985	404	1.57000000e+02
1.03703215e+01	2022-05-17T19:30:53.042756	405	1.59000000e+02
1.03911604e+01	2022-05-17T19:30:53.064954	406	1.57000000e+02
1.04003870e+01	2022-05-17T19:30:53.064954	407	1.28000000e+02
1.04123735e+01	2022-05-17T19:30:53.081010	408	1.58000000e+02
1.04387544e+01	2022-05-17T19:30:53.111808	409	1.60000000e+02
1.04592865e+01	2022-05-17T19:30:53.127438	410	1.59000000e+02
1.04698280e+01	2022-05-17T19:30:53.143418	411	1.69000000e+02
1.04781163e+01	2022-05-17T19:30:53.149649	412	1.58000000e+02
1.05050051e+01	2022-05-17T19:30:53.180931	413	1.69000000e+02
1.05179821e+01	2022-05-17T19:30:53.180931	414	1.58000000e+02
1.05263421e+01	2022-05-17T19:30:53.196554	415	1.67000000e+02
1.05355447e+01	2022-05-17T19:30:53.212288	416	1.59000000e+02
1.05475467e+01	2022-05-17T19:30:53.212288	417	1.57000000e+02
1.05680530e+01	2022-05-17T19:30:53.243384	418	1.57000000e+02
1.05875881e+01	2022-05-17T19:30:53.265546	419	1.57000000e+02
1.05968168e+01	2022-05-17T19:30:53.265546	420	1.59000000e+02
1.06086972e+01	2022-05-17T19:30:53.281546	421	1.56000000e+02
1.06173859e+01	2022-05-17T19:30:53.281546	422	1.59000000e+02
1.06353243e+01	2022-05-17T19:30:53.312463	423	1.57000000e+02
1.06557319e+01	2022-05-17T19:30:53.322509	424	1.57000000e+02
1.06666864e+01	2022-05-17T19:30:53.338694	425	1.32000000e+02
1.06786178e+01	2022-05-17T19:30:53.350203	426	1.64000000e+02
1.06871426e+01	2022-05-17T19:30:53.350203	427	1.57000000e+02
1.07042484e+01	2022-05-17T19:30:53.381475	428	1.57000000e+02
1.07248806e+01	2022-05-17T19:30:53.397072	429	1.57000000e+02
1.07270499e+01	2022-05-17T19:30:53.397072	430	1.57000000e+02
1.07363724e+01	2022-05-17T19:30:53.412966	431	1.59000000e+02
1.07482564e+01	2022-05-17T19:30:53.412966	432	1.58000000e+02
1.07692070e+01	2022-05-17T19:30:53.443991	433	1.62000000e+02
1.07837764e+01	2022-05-17T19:30:53.450542	434	1.67000000e+02
1.07931409e+01	2022-05-17T19:30:53.466198	435	1.57000000e+02
1.08008835e+01	2022-05-17T19:30:53.466198	436	1.57000000e+02
1.08097879e+01	2022-05-17T19:30:53.481833	437	1.58000000e+02
1.08180311e+01	2022-05-17T19:30:53.481833	438	2.01000000e+02
1.08365836e+01	2022-05-17T19:30:53.507897	439	1.57000000e+02
1.08509161e+01	2022-05-17T19:30:53.523563	440	1.58000000e+02
1.08583948e+01	2022-05-17T19:30:53.523563	441	1.59000000e+02
1.08666595e+01	2022-05-17T19:30:53.539647	442	1.52000000e+02
1.08756701e+01	2022-05-17T19:30:53.550958	443	1.61000000e+02
1.08883216e+01	2022-05-17T19:30:53.550958	444	1.58000000e+02
1.09058896e+01	2022-05-17T19:30:53.582232	445	1.57000000e+02
1.09261203e+01	2022-05-17T19:30:53.597860	446	1.58000000e+02
1.09322784e+01	2022-05-17T19:30:53.597860	447	1.66000000e+02
1.09414800e+01	2022-05-17T19:30:53.613972	448	1.57000000e+02
1.09655065e+01	2022-05-17T19:30:53.629584	449	1.63000000e+02
1.09697822e+01	2022-05-17T19:30:53.644719	450	1.66000000e+02
1.09898903e+01	2022-05-17T19:30:53.666897	451	1.61000000e+02
1.09983111e+01	2022-05-17T19:30:53.666897	452	1.58000000e+02
1.10105560e+01	2022-05-17T19:30:53.682783	453	1.58000000e+02
1.10374755e+01	2022-05-17T19:30:53.713783	454	1.57000000e+02
1.10519765e+01	2022-05-17T19:30:53.729415	455	1.28000000e+02
1.10636433e+01	2022-05-17T19:30:53.729415	456	1.58000000e+02
1.10713862e+01	2022-05-17T19:30:53.745522	457	1.57000000e+02
1.10801432e+01	2022-05-17T19:30:53.752011	458	1.58000000e+02
1.11052388e+01	2022-05-17T19:30:53.783300	459	1.57000000e+02
1.11133652e+01	2022-05-17T19:30:53.783300	460	1.95000000e+02
1.11236223e+01	2022-05-17T19:30:53.798919	461	1.57000000e+02
1.11332403e+01	2022-05-17T19:30:53.798919	462	1.65000000e+02
1.11414371e+01	2022-05-17T19:30:53.814564	463	1.57000000e+02
1.11497952e+01	2022-05-17T19:30:53.814564	464	1.65000000e+02
1.11744365e+01	2022-05-17T19:30:53.852314	465	1.67000000e+02
1.11897843e+01	2022-05-17T19:30:53.867985	466	1.58000000e+02
1.11951142e+01	2022-05-17T19:30:53.867985	467	1.56000000e+02
1.12065609e+01	2022-05-17T19:30:53.883560	468	1.59000000e+02
1.12152736e+01	2022-05-17T19:30:53.883560	469	1.62000000e+02
1.12378777e+01	2022-05-17T19:30:53.914830	470	1.61000000e+02
1.12587416e+01	2022-05-17T19:30:53.930499	471	1.62000000e+02
1.12641463e+01	2022-05-17T19:30:53.930499	472	1.59000000e+02
1.12740277e+01	2022-05-17T19:30:53.946586	473	1.57000000e+02
1.12846719e+01	2022-05-17T19:30:53.952590	474	1.59000000e+02
1.13082157e+01	2022-05-17T19:30:53.983842	475	1.57000000e+02
1.13280134e+01	2022-05-17T19:30:53.999485	476	1.56000000e+02
1.13383732e+01	2022-05-17T19:30:54.015119	477	1.65000000e+02
1.13463980e+01	2022-05-17T19:30:54.015119	478	1.58000000e+02
1.13706006e+01	2022-05-17T19:30:54.046347	479	1.59000000e+02
1.13914080e+01	2022-05-17T19:30:54.068546	480	1.57000000e+02
1.14036790e+01	2022-05-17T19:30:54.068546	481	1.59000000e+02
1.14118780e+01	2022-05-17T19:30:54.084605	482	1.57000000e+02
1.14387361e+01	2022-05-17T19:30:54.115407	483	1.57000000e+02
1.14610088e+01	2022-05-17T19:30:54.131041	484	1.61000000e+02
1.14728421e+01	2022-05-17T19:30:54.147048	485	1.61000000e+02
1.14814823e+01	2022-05-17T19:30:54.153538	486	1.67000000e+02
1.14893658e+01	2022-05-17T19:30:54.153538	487	1.62000000e+02
1.15088005e+01	2022-05-17T19:30:54.184809	488	1.57000000e+02
1.15299076e+01	2022-05-17T19:30:54.200456	489	1.55000000e+02
1.15391978e+01	2022-05-17T19:30:54.216069	490	1.59000000e+02
1.15510333e+01	2022-05-17T19:30:54.216069	491	1.60000000e+02
1.15692937e+01	2022-05-17T19:30:54.247281	492	1.58000000e+02
1.15786019e+01	2022-05-17T19:30:54.253822	493	1.57000000e+02
1.15943258e+01	2022-05-17T19:30:54.269495	494	1.59000000e+02
1.16049972e+01	2022-05-17T19:30:54.269495	495	1.58000000e+02
1.16165711e+01	2022-05-17T19:30:54.285366	496	1.57000000e+02
1.16394818e+01	2022-05-17T19:30:54.316366	497	1.57000000e+02
1.16414056e+01	2022-05-17T19:30:54.316366	498	1.58000000e+02
1.16622235e+01	2022-05-17T19:30:54.326411	499	1.57000000e+02
1.16736675e+01	2022-05-17T19:30:54.342492	500	1.77000000e+02
1.16821974e+01	2022-05-17T19:30:54.354037	501	1.58000000e+02
1.17080928e+01	2022-05-17T19:30:54.385308	502	1.59000000e+02
1.17292197e+01	2022-05-17T19:30:54.400948	503	1.60000000e+02
1.17357775e+01	2022-05-17T19:30:54.400948	504	1.57000000e+02
1.17476161e+01	2022-05-17T19:30:54.416924	505	1.36000000e+02
1.17715008e+01	2022-05-17T19:30:54.447800	506	1.99000000e+02
1.17957072e+01	2022-05-17T19:30:54.469962	507	1.61000000e+02
1.18047849e+01	2022-05-17T19:30:54.469962	508	1.59000000e+02
1.18131022e+01	2022-05-17T19:30:54.485920	509	1.91000000e+02
1.18215894e+01	2022-05-17T19:30:54.485920	510	1.57000000e+02
1.18464232e+01	2022-05-17T19:30:54.511679	511	1.58000000e+02
1.18617673e+01	2022-05-17T19:30:54.527372	512	1.36000000e+02
1.18707169e+01	2022-05-17T19:30:54.543458	513	1.67000000e+02
1.18827821e+01	2022-05-17T19:30:54.555050	514	1.59000000e+02
1.18909909e+01	2022-05-17T19:30:54.555050	515	1.36000000e+02
1.19173066e+01	2022-05-17T19:30:54.586328	516	1.57000000e+02
1.19325941e+01	2022-05-17T19:30:54.601956	517	1.56000000e+02
1.19445206e+01	2022-05-17T19:30:54.617976	518	1.58000000e+02
1.19643634e+01	2022-05-17T19:30:54.633161	519	1.67000000e+02
1.19731141e+01	2022-05-17T19:30:54.648808	520	1.58000000e+02
1.19888044e+01	2022-05-17T19:30:54.655352	521	1.63000000e+02
1.19969641e+01	2022-05-17T19:30:54.671018	522	1.58000000e+02
1.20054701e+01	2022-05-17T19:30:54.671018	523	1.61000000e+02
1.20138245e+01	2022-05-17T19:30:54.687103	524	1.57000000e+02
1.20220044e+01	2022-05-17T19:30:54.687103	525	1.65000000e+02
1.20416746e+01	2022-05-17T19:30:54.717867	526	1.58000000e+02
1.20620220e+01	2022-05-17T19:30:54.733470	527	1.59000000e+02
1.20708432e+01	2022-05-17T19:30:54.733470	528	1.63000000e+02
1.20794246e+01	2022-05-17T19:30:54.756245	529	1.65000000e+02
1.20918150e+01	2022-05-17T19:30:54.756245	530	1.57000000e+02
1.21116577e+01	2022-05-17T19:30:54.787518	531	1.63000000e+02
1.21327328e+01	2022-05-17T19:30:54.803151	532	1.57000000e+02
1.21368053e+01	2022-05-17T19:30:54.803151	533	1.58000000e+02
1.21449441e+01	2022-05-17T19:30:54.819255	534	1.62000000e+02
1.21536684e+01	2022-05-17T19:30:54.819255	535	1.91000000e+02
1.21752819e+01	2022-05-17T19:30:54.850004	536	1.56000000e+02
1.21951540e+01	2022-05-17T19:30:54.872212	537	1.57000000e+02
1.22058756e+01	2022-05-17T19:30:54.872212	538	1.58000000e+02
1.22146445e+01	2022-05-17T19:30:54.888215	539	1.58000000e+02
1.22410440e+01	2022-05-17T19:30:54.919063	540	1.65000000e+02
1.22437905e+01	2022-05-17T19:30:54.919063	541	1.57000000e+02
1.22649695e+01	2022-05-17T19:30:54.934695	542	1.59000000e+02
1.22760729e+01	2022-05-17T19:30:54.950729	543	1.57000000e+02
1.22881736e+01	2022-05-17T19:30:54.957223	544	1.57000000e+02
1.23113959e+01	2022-05-17T19:30:54.988495	545	1.44000000e+02
1.23335400e+01	2022-05-17T19:30:55.004132	546	1.58000000e+02
1.23455593e+01	2022-05-17T19:30:55.020154	547	1.57000000e+02
1.23546472e+01	2022-05-17T19:30:55.020154	548	1.60000000e+02
1.23824564e+01	2022-05-17T19:30:55.057511	549	1.56000000e+02
1.23977825e+01	2022-05-17T19:30:55.073177	550	1.59000000e+02
1.24069739e+01	2022-05-17T19:30:55.073177	551	1.57000000e+02
1.24154291e+01	2022-05-17T19:30:55.089284	552	1.57000000e+02
1.24275030e+01	2022-05-17T19:30:55.104380	553	1.57000000e+02
1.24358884e+01	2022-05-17T19:30:55.104380	554	1.59000000e+02
1.24587616e+01	2022-05-17T19:30:55.135647	555	1.60000000e+02
1.24800428e+01	2022-05-17T19:30:55.157822	556	1.63000000e+02
1.24851697e+01	2022-05-17T19:30:55.157822	557	1.57000000e+02
1.24973795e+01	2022-05-17T19:30:55.173979	558	1.58000000e+02
1.25093822e+01	2022-05-17T19:30:55.173979	559	1.57000000e+02
1.25291257e+01	2022-05-17T19:30:55.204716	560	2.00000000e+02
1.25505855e+01	2022-05-17T19:30:55.220348	561	1.62000000e+02
1.25626337e+01	2022-05-17T19:30:55.236352	562	1.57000000e+02
1.25712295e+01	2022-05-17T19:30:55.236352	563	1.75000000e+02
1.25906258e+01	2022-05-17T19:30:55.258086	564	1.66000000e+02
1.26119421e+01	2022-05-17T19:30:55.289359	565	1.57000000e+02
1.26208277e+01	2022-05-17T19:30:55.289359	566	1.57000000e+02
1.26322967e+01	2022-05-17T19:30:55.306107	567	1.58000000e+02
1.26405084e+01	2022-05-17T19:30:55.306107	568	1.58000000e+02
1.26611728e+01	2022-05-17T19:30:55.337434	569	1.28000000e+02
1.26819937e+01	2022-05-17T19:30:55.358065	570	1.57000000e+02
1.26939934e+01	2022-05-17T19:30:55.358065	571	1.99000000e+02
1.27058641e+01	2022-05-17T19:30:55.374148	572	1.64000000e+02
1.27283185e+01	2022-05-17T19:30:55.404970	573	1.56000000e+02
1.27505567e+01	2022-05-17T19:30:55.420591	574	1.58000000e+02
1.27549549e+01	2022-05-17T19:30:55.420591	575	1.57000000e+02
1.27633860e+01	2022-05-17T19:30:55.436700	576	1.63000000e+02
1.27713603e+01	2022-05-17T19:30:55.436700	577	1.64000000e+02
1.27963123e+01	2022-05-17T19:30:55.473816	578	1.57000000e+02
1.28181354e+01	2022-05-17T19:30:55.490063	579	1.59000000e+02
1.28291358e+01	2022-05-17T19:30:55.505765	580	1.58000000e+02
1.28413095e+01	2022-05-17T19:30:55.505765	581	1.67000000e+02
1.28669321e+01	2022-05-17T19:30:55.536955	582	1.36000000e+02
1.28856790e+01	2022-05-17T19:30:55.558101	583	1.59000000e+02
1.28945781e+01	2022-05-17T19:30:55.558101	584	1.58000000e+02
1.29064514e+01	2022-05-17T19:30:55.574134	585	1.57000000e+02
1.29298573e+01	2022-05-17T19:30:55.605000	586	1.58000000e+02
1.29527936e+01	2022-05-17T19:30:55.620628	587	1.57000000e+02
1.29640901e+01	2022-05-17T19:30:55.636783	588	1.57000000e+02
1.29720518e+01	2022-05-17T19:30:55.636783	589	1.71000000e+02
1.29928942e+01	2022-05-17T19:30:55.658338	590	1.57000000e+02
1.30123936e+01	2022-05-17T19:30:55.689585	591	1.67000000e+02
1.30167885e+01	2022-05-17T19:30:55.689585	592	1.36000000e+02
1.30255614e+01	2022-05-17T19:30:55.689585	593	1.57000000e+02
1.30338182e+01	2022-05-17T19:30:55.705658	594	1.61000000e+02
1.30586809e+01	2022-05-17T19:30:55.736510	595	1.61000000e+02
1.30774991e+01	2022-05-17T19:30:55.752109	596	1.57000000e+02
1.30854665e+01	2022-05-17T19:30:55.758648	597	1.59000000e+02
1.30952579e+01	2022-05-17T19:30:55.758648	598	1.59000000e+02
1.31073391e+01	2022-05-17T19:30:55.774664	599	1.57000000e+02
1.31307802e+01	2022-05-17T19:30:55.805544	600	1.57000000e+02
1.31516297e+01	2022-05-17T19:30:55.821178	601	1.99000000e+02
1.31608405e+01	2022-05-17T19:30:55.837336	602	1.58000000e+02
1.31724826e+01	2022-05-17T19:30:55.837336	603	1.58000000e+02
1.31942261e+01	2022-05-17T19:30:55.858882	604	1.56000000e+02
1.32143491e+01	2022-05-17T19:30:55.890186	605	1.57000000e+02
1.32262021e+01	2022-05-17T19:30:55.890186	606	1.59000000e+02
1.32344670e+01	2022-05-17T19:30:55.906178	607	1.67000000e+02
1.32426427e+01	2022-05-17T19:30:55.906178	608	1.59000000e+02
1.32618516e+01	2022-05-17T19:30:55.937019	609	1.57000000e+02
1.32835040e+01	2022-05-17T19:30:55.959195	610	1.65000000e+02
1.32877255e+01	2022-05-17T19:30:55.959195	611	1.56000000e+02
1.32998038e+01	2022-05-17T19:30:55.975298	612	1.57000000e+02
1.33078915e+01	2022-05-17T19:30:55.975298	613	1.61000000e+02
1.33296329e+01	2022-05-17T19:30:56.006089	614	1.58000000e+02
1.33362247e+01	2022-05-17T19:30:56.006089	615	1.67000000e+02
1.33490617e+01	2022-05-17T19:30:56.021726	616	1.28000000e+02
1.33566528e+01	2022-05-17T19:30:56.021726	617	1.59000000e+02
1.33655653e+01	2022-05-17T19:30:56.037811	618	1.59000000e+02
1.33939009e+01	2022-05-17T19:30:56.059461	619	1.57000000e+02
1.34145547e+01	2022-05-17T19:30:56.090751	620	1.58000000e+02
1.34221364e+01	2022-05-17T19:30:56.090751	621	1.58000000e+02
1.34308853e+01	2022-05-17T19:30:56.106926	622	1.61000000e+02
1.34390070e+01	2022-05-17T19:30:56.106926	623	1.57000000e+02
1.34618834e+01	2022-05-17T19:30:56.137598	624	1.63000000e+02
1.34835796e+01	2022-05-17T19:30:56.159778	625	1.60000000e+02
1.34880330e+01	2022-05-17T19:30:56.159778	626	1.60000000e+02
1.34967208e+01	2022-05-17T19:30:56.159778	627	1.57000000e+02
1.35088312e+01	2022-05-17T19:30:56.175404	628	1.61000000e+02
1.35256489e+01	2022-05-17T19:30:56.191570	629	1.58000000e+02
1.35336121e+01	2022-05-17T19:30:56.206683	630	1.57000000e+02
1.35490033e+01	2022-05-17T19:30:56.222302	631	1.59000000e+02
1.35559898e+01	2022-05-17T19:30:56.222302	632	1.91000000e+02
1.35615883e+01	2022-05-17T19:30:56.238403	633	1.59000000e+02
1.35703416e+01	2022-05-17T19:30:56.238403	634	1.61000000e+02
1.35953410e+01	2022-05-17T19:30:56.260131	635	1.91000000e+02
1.36116222e+01	2022-05-17T19:30:56.275781	636	1.57000000e+02
1.36196686e+01	2022-05-17T19:30:56.291416	637	1.61000000e+02
1.36276676e+01	2022-05-17T19:30:56.291416	638	1.91000000e+02
1.36362894e+01	2022-05-17T19:30:56.308473	639	1.56000000e+02
1.36631126e+01	2022-05-17T19:30:56.339747	640	1.59000000e+02
1.36859620e+01	2022-05-17T19:30:56.360429	641	1.56000000e+02
1.36971425e+01	2022-05-17T19:30:56.360429	642	1.62000000e+02
1.37053878e+01	2022-05-17T19:30:56.376414	643	1.57000000e+02
1.37138499e+01	2022-05-17T19:30:56.391716	644	1.58000000e+02
1.37352286e+01	2022-05-17T19:30:56.407324	645	1.56000000e+02
1.37557808e+01	2022-05-17T19:30:56.422957	646	1.59000000e+02
1.37669166e+01	2022-05-17T19:30:56.439109	647	1.57000000e+02
1.37750740e+01	2022-05-17T19:30:56.439109	648	1.65000000e+02
1.38018059e+01	2022-05-17T19:30:56.476267	649	1.56000000e+02
1.38200903e+01	2022-05-17T19:30:56.493216	650	1.57000000e+02
1.38277941e+01	2022-05-17T19:30:56.493216	651	1.69000000e+02
1.38358755e+01	2022-05-17T19:30:56.508877	652	1.58000000e+02
1.38441085e+01	2022-05-17T19:30:56.508877	653	1.57000000e+02
1.38656519e+01	2022-05-17T19:30:56.540109	654	1.62000000e+02
1.38866069e+01	2022-05-17T19:30:56.560791	655	1.56000000e+02
1.38889714e+01	2022-05-17T19:30:56.560791	656	1.58000000e+02
1.38982595e+01	2022-05-17T19:30:56.576470	657	1.62000000e+02
1.39102183e+01	2022-05-17T19:30:56.576470	658	1.57000000e+02
1.39336999e+01	2022-05-17T19:30:56.607684	659	1.59000000e+02
1.39553600e+01	2022-05-17T19:30:56.623318	660	1.61000000e+02
1.39592452e+01	2022-05-17T19:30:56.623318	661	1.60000000e+02
1.39676477e+01	2022-05-17T19:30:56.639357	662	1.57000000e+02
1.39955517e+01	2022-05-17T19:30:56.660951	663	1.61000000e+02
1.40179808e+01	2022-05-17T19:30:56.692238	664	1.69000000e+02
1.40290110e+01	2022-05-17T19:30:56.692238	665	1.58000000e+02
1.40371265e+01	2022-05-17T19:30:56.708182	666	1.57000000e+02
1.40455371e+01	2022-05-17T19:30:56.723443	667	1.57000000e+02
1.40629739e+01	2022-05-17T19:30:56.739104	668	1.59000000e+02
1.40847885e+01	2022-05-17T19:30:56.761267	669	1.56000000e+02
1.40945710e+01	2022-05-17T19:30:56.761267	670	1.57000000e+02
1.41188648e+01	2022-05-17T19:30:56.792541	671	1.56000000e+02
1.41411814e+01	2022-05-17T19:30:56.808174	672	1.57000000e+02
1.41519875e+01	2022-05-17T19:30:56.824321	673	1.57000000e+02
1.41700011e+01	2022-05-17T19:30:56.839867	674	1.57000000e+02
1.41822901e+01	2022-05-17T19:30:56.855027	675	1.57000000e+02
1.41995726e+01	2022-05-17T19:30:56.877239	676	1.57000000e+02
1.42091807e+01	2022-05-17T19:30:56.877239	677	1.66000000e+02
1.42169027e+01	2022-05-17T19:30:56.893409	678	1.62000000e+02
1.42256377e+01	2022-05-17T19:30:56.893409	679	1.67000000e+02
1.42567650e+01	2022-05-17T19:30:56.924091	680	1.57000000e+02
1.42675569e+01	2022-05-17T19:30:56.939716	681	1.59000000e+02
1.42830449e+01	2022-05-17T19:30:56.955346	682	1.44000000e+02
1.42950866e+01	2022-05-17T19:30:56.961889	683	1.63000000e+02
1.43037603e+01	2022-05-17T19:30:56.978040	684	1.44000000e+02
1.43254923e+01	2022-05-17T19:30:56.993172	685	1.57000000e+02
1.43336511e+01	2022-05-17T19:30:57.008783	686	1.57000000e+02
1.43507142e+01	2022-05-17T19:30:57.024418	687	1.59000000e+02
1.43599656e+01	2022-05-17T19:30:57.024418	688	1.58000000e+02
1.43692080e+01	2022-05-17T19:30:57.040484	689	1.65000000e+02
1.43975350e+01	2022-05-17T19:30:57.062113	690	1.58000000e+02
1.44215939e+01	2022-05-17T19:30:57.093399	691	1.28000000e+02
1.44304364e+01	2022-05-17T19:30:57.093399	692	1.58000000e+02
1.44425762e+01	2022-05-17T19:30:57.108981	693	1.59000000e+02
1.44658630e+01	2022-05-17T19:30:57.140262	694	1.67000000e+02
1.44887611e+01	2022-05-17T19:30:57.162473	695	1.57000000e+02
1.45000833e+01	2022-05-17T19:30:57.178098	696	1.59000000e+02
1.45122509e+01	2022-05-17T19:30:57.178098	697	1.57000000e+02
1.45358748e+01	2022-05-17T19:30:57.209377	698	1.67000000e+02
1.45575931e+01	2022-05-17T19:30:57.225036	699	1.62000000e+02
1.45698326e+01	2022-05-17T19:30:57.241187	700	1.57000000e+02
1.45964222e+01	2022-05-17T19:30:57.262757	701	1.99000000e+02
1.45985810e+01	2022-05-17T19:30:57.262757	702	1.58000000e+02
1.46147308e+01	2022-05-17T19:30:57.278429	703	1.28000000e+02
1.46270011e+01	2022-05-17T19:30:57.294049	704	1.57000000e+02
1.46392453e+01	2022-05-17T19:30:57.310786	705	1.67000000e+02
1.46476218e+01	2022-05-17T19:30:57.310786	706	1.58000000e+02
1.46673879e+01	2022-05-17T19:30:57.342057	707	1.57000000e+02
1.46903358e+01	2022-05-17T19:30:57.362706	708	1.59000000e+02
1.47008276e+01	2022-05-17T19:30:57.378369	709	1.65000000e+02
1.47129197e+01	2022-05-17T19:30:57.378369	710	1.58000000e+02
1.47377964e+01	2022-05-17T19:30:57.409599	711	1.63000000e+02
1.47585399e+01	2022-05-17T19:30:57.425270	712	1.61000000e+02
1.47696906e+01	2022-05-17T19:30:57.441364	713	1.57000000e+02
1.47786664e+01	2022-05-17T19:30:57.456475	714	1.44000000e+02
1.48033543e+01	2022-05-17T19:30:57.478839	715	1.58000000e+02
1.48070775e+01	2022-05-17T19:30:57.478839	716	1.60000000e+02
1.48283088e+01	2022-05-17T19:30:57.495387	717	1.57000000e+02
1.48396952e+01	2022-05-17T19:30:57.511330	718	1.59000000e+02
1.48479958e+01	2022-05-17T19:30:57.511330	719	1.60000000e+02
1.48709253e+01	2022-05-17T19:30:57.542314	720	1.59000000e+02
1.48957285e+01	2022-05-17T19:30:57.563424	721	1.63000000e+02
1.49016165e+01	2022-05-17T19:30:57.579089	722	1.57000000e+02
1.49136524e+01	2022-05-17T19:30:57.579089	723	1.62000000e+02
1.49363558e+01	2022-05-17T19:30:57.610317	724	1.97000000e+02
1.49525902e+01	2022-05-17T19:30:57.625950	725	1.63000000e+02
1.49621416e+01	2022-05-17T19:30:57.625950	726	1.28000000e+02
1.49715682e+01	2022-05-17T19:30:57.641547	727	1.67000000e+02
1.49998584e+01	2022-05-17T19:30:57.663655	728	1.56000000e+02
1.50226512e+01	2022-05-17T19:30:57.694967	729	1.55000000e+02
1.50282263e+01	2022-05-17T19:30:57.694967	730	1.58000000e+02
1.50362928e+01	2022-05-17T19:30:57.711071	731	1.36000000e+02
1.50448933e+01	2022-05-17T19:30:57.711071	732	1.57000000e+02
1.50687047e+01	2022-05-17T19:30:57.741793	733	1.58000000e+02
1.50908897e+01	2022-05-17T19:30:57.763983	734	1.91000000e+02
1.51026500e+01	2022-05-17T19:30:57.779608	735	1.75000000e+02
1.51143388e+01	2022-05-17T19:30:57.779608	736	1.60000000e+02
1.51367210e+01	2022-05-17T19:30:57.810876	737	1.56000000e+02
1.51601677e+01	2022-05-17T19:30:57.826511	738	1.91000000e+02
1.51712800e+01	2022-05-17T19:30:57.842627	739	1.57000000e+02
1.51799838e+01	2022-05-17T19:30:57.857741	740	1.59000000e+02
1.52045572e+01	2022-05-17T19:30:57.880183	741	1.58000000e+02
1.52214276e+01	2022-05-17T19:30:57.895830	742	1.56000000e+02
1.52292627e+01	2022-05-17T19:30:57.895830	743	1.57000000e+02
1.52412843e+01	2022-05-17T19:30:57.911834	744	1.67000000e+02
1.52646737e+01	2022-05-17T19:30:57.942667	745	1.56000000e+02
1.52684524e+01	2022-05-17T19:30:57.942667	746	1.58000000e+02
1.52852369e+01	2022-05-17T19:30:57.958303	747	1.61000000e+02
1.53007407e+01	2022-05-17T19:30:57.965254	748	1.58000000e+02
1.53108942e+01	2022-05-17T19:30:57.981099	749	1.58000000e+02
1.53311059e+01	2022-05-17T19:30:57.996504	750	1.57000000e+02
1.53384554e+01	2022-05-17T19:30:58.012148	751	1.67000000e+02
1.53611596e+01	2022-05-17T19:30:58.027781	752	1.58000000e+02
1.53633662e+01	2022-05-17T19:30:58.027781	753	1.59000000e+02
1.53720401e+01	2022-05-17T19:30:58.043841	754	1.57000000e+02
1.53807680e+01	2022-05-17T19:30:58.043841	755	1.85000000e+02
1.53996000e+01	2022-05-17T19:30:58.065567	756	1.59000000e+02
1.54222289e+01	2022-05-17T19:30:58.096850	757	1.58000000e+02
1.54343459e+01	2022-05-17T19:30:58.112445	758	1.57000000e+02
1.54460617e+01	2022-05-17T19:30:58.112445	759	1.57000000e+02
1.54696716e+01	2022-05-17T19:30:58.143703	760	1.59000000e+02
1.54871490e+01	2022-05-17T19:30:58.159335	761	1.57000000e+02
1.54993282e+01	2022-05-17T19:30:58.165880	762	1.57000000e+02
1.55075758e+01	2022-05-17T19:30:58.181509	763	1.99000000e+02
1.55159269e+01	2022-05-17T19:30:58.181509	764	1.57000000e+02
1.55407250e+01	2022-05-17T19:30:58.212773	765	1.60000000e+02
1.55615664e+01	2022-05-17T19:30:58.228408	766	1.56000000e+02
1.55729331e+01	2022-05-17T19:30:58.244543	767	1.67000000e+02
1.55813372e+01	2022-05-17T19:30:58.244543	768	1.57000000e+02
1.56068165e+01	2022-05-17T19:30:58.281823	769	1.56000000e+02
1.56290969e+01	2022-05-17T19:30:58.297453	770	1.57000000e+02
1.56399747e+01	2022-05-17T19:30:58.313633	771	1.57000000e+02
1.56509607e+01	2022-05-17T19:30:58.313633	772	1.64000000e+02
1.56695221e+01	2022-05-17T19:30:58.344904	773	1.57000000e+02
1.56871374e+01	2022-05-17T19:30:58.360543	774	1.58000000e+02
1.56954345e+01	2022-05-17T19:30:58.366089	775	1.58000000e+02
1.57041786e+01	2022-05-17T19:30:58.381743	776	1.57000000e+02
1.57163700e+01	2022-05-17T19:30:58.381743	777	1.62000000e+02
1.57389951e+01	2022-05-17T19:30:58.412983	778	1.60000000e+02
1.57622273e+01	2022-05-17T19:30:58.428618	779	1.56000000e+02
1.57737078e+01	2022-05-17T19:30:58.444740	780	1.56000000e+02
1.57820869e+01	2022-05-17T19:30:58.459858	781	1.58000000e+02
1.58044167e+01	2022-05-17T19:30:58.482457	782	1.58000000e+02
1.58241538e+01	2022-05-17T19:30:58.498690	783	1.32000000e+02
1.58317431e+01	2022-05-17T19:30:58.498690	784	1.57000000e+02
1.58350487e+01	2022-05-17T19:30:58.498690	785	1.57000000e+02
1.58431315e+01	2022-05-17T19:30:58.514314	786	1.89000000e+02
1.58508922e+01	2022-05-17T19:30:58.514314	787	1.91000000e+02
1.58724118e+01	2022-05-17T19:30:58.545562	788	1.59000000e+02
1.58836598e+01	2022-05-17T19:30:58.561210	789	1.57000000e+02
1.58967741e+01	2022-05-17T19:30:58.566755	790	1.28000000e+02
1.59046479e+01	2022-05-17T19:30:58.582415	791	1.97000000e+02
1.59132188e+01	2022-05-17T19:30:58.582415	792	1.57000000e+02
1.59381515e+01	2022-05-17T19:30:58.613648	793	1.58000000e+02
1.59616762e+01	2022-05-17T19:30:58.629284	794	1.58000000e+02
1.59701956e+01	2022-05-17T19:30:58.645470	795	1.60000000e+02
1.59787775e+01	2022-05-17T19:30:58.645470	796	1.75000000e+02
1.60026123e+01	2022-05-17T19:30:58.667055	797	1.75000000e+02
1.60251032e+01	2022-05-17T19:30:58.698345	798	1.57000000e+02
1.60360973e+01	2022-05-17T19:30:58.713976	799	1.57000000e+02
1.60481914e+01	2022-05-17T19:30:58.713976	800	1.61000000e+02
1.60710266e+01	2022-05-17T19:30:58.745201	801	1.56000000e+02
1.60939072e+01	2022-05-17T19:30:58.767408	802	1.69000000e+02
1.61050878e+01	2022-05-17T19:30:58.783040	803	1.58000000e+02
1.61138737e+01	2022-05-17T19:30:58.783040	804	1.58000000e+02
1.61362883e+01	2022-05-17T19:30:58.814277	805	1.57000000e+02
1.61474745e+01	2022-05-17T19:30:58.814277	806	1.57000000e+02
1.61644794e+01	2022-05-17T19:30:58.829970	807	1.57000000e+02
1.61754988e+01	2022-05-17T19:30:58.845940	808	1.58000000e+02
1.62019098e+01	2022-05-17T19:30:58.867613	809	1.28000000e+02
1.62106056e+01	2022-05-17T19:30:58.883281	810	1.61000000e+02
1.62271996e+01	2022-05-17T19:30:58.898898	811	1.56000000e+02
1.62360608e+01	2022-05-17T19:30:58.898898	812	1.58000000e+02
1.62450580e+01	2022-05-17T19:30:58.914480	813	1.60000000e+02
1.62711254e+01	2022-05-17T19:30:58.945723	814	1.57000000e+02
1.62947825e+01	2022-05-17T19:30:58.967971	815	1.56000000e+02
1.62977129e+01	2022-05-17T19:30:58.967971	816	1.60000000e+02
1.63061135e+01	2022-05-17T19:30:58.983671	817	1.56000000e+02
1.63144342e+01	2022-05-17T19:30:58.983671	818	1.65000000e+02
1.63232752e+01	2022-05-17T19:30:58.999241	819	1.63000000e+02
1.63348760e+01	2022-05-17T19:30:58.999241	820	1.70000000e+02
1.63431268e+01	2022-05-17T19:30:59.015319	821	1.57000000e+02
1.63513172e+01	2022-05-17T19:30:59.015319	822	1.28000000e+02
1.63680843e+01	2022-05-17T19:30:59.046107	823	1.56000000e+02
1.63784352e+01	2022-05-17T19:30:59.046107	824	1.57000000e+02
1.63955718e+01	2022-05-17T19:30:59.068287	825	1.59000000e+02
1.64042187e+01	2022-05-17T19:30:59.068287	826	1.63000000e+02
1.64128258e+01	2022-05-17T19:30:59.084407	827	1.75000000e+02
1.64382281e+01	2022-05-17T19:30:59.115191	828	1.57000000e+02
1.64612899e+01	2022-05-17T19:30:59.130848	829	1.58000000e+02
1.64659411e+01	2022-05-17T19:30:59.130848	830	1.57000000e+02
1.64743772e+01	2022-05-17T19:30:59.146717	831	1.63000000e+02
1.65011183e+01	2022-05-17T19:30:59.168552	832	1.57000000e+02
1.65235828e+01	2022-05-17T19:30:59.199839	833	1.57000000e+02
1.65356169e+01	2022-05-17T19:30:59.199839	834	1.44000000e+02
1.65438244e+01	2022-05-17T19:30:59.215907	835	1.57000000e+02
1.65700306e+01	2022-05-17T19:30:59.246734	836	1.57000000e+02
1.65919044e+01	2022-05-17T19:30:59.268860	837	1.58000000e+02
1.66013959e+01	2022-05-17T19:30:59.268860	838	1.59000000e+02
1.66133993e+01	2022-05-17T19:30:59.285035	839	1.58000000e+02
1.66210614e+01	2022-05-17T19:30:59.285035	840	1.57000000e+02
1.66459887e+01	2022-05-17T19:30:59.316338	841	1.52000000e+02
1.66640056e+01	2022-05-17T19:30:59.332001	842	1.57000000e+02
1.66662182e+01	2022-05-17T19:30:59.332001	843	1.57000000e+02
1.66748306e+01	2022-05-17T19:30:59.347586	844	1.57000000e+02
1.66881603e+01	2022-05-17T19:30:59.363496	845	1.57000000e+02
1.67044710e+01	2022-05-17T19:30:59.369040	846	1.58000000e+02
1.67267697e+01	2022-05-17T19:30:59.400325	847	1.63000000e+02
1.67358148e+01	2022-05-17T19:30:59.400325	848	1.58000000e+02
1.67445670e+01	2022-05-17T19:30:59.416389	849	1.99000000e+02
1.67702305e+01	2022-05-17T19:30:59.447186	850	1.75000000e+02
1.67921893e+01	2022-05-17T19:30:59.469369	851	1.58000000e+02
1.67977256e+01	2022-05-17T19:30:59.469369	852	1.58000000e+02
1.68059287e+01	2022-05-17T19:30:59.469369	853	1.62000000e+02
1.68144946e+01	2022-05-17T19:30:59.485389	854	1.58000000e+02
1.68340864e+01	2022-05-17T19:30:59.501861	855	1.36000000e+02
1.68394756e+01	2022-05-17T19:30:59.517486	856	1.58000000e+02
1.68660880e+01	2022-05-17T19:30:59.533134	857	1.57000000e+02
1.68755828e+01	2022-05-17T19:30:59.548766	858	1.59000000e+02
1.68838724e+01	2022-05-17T19:30:59.548766	859	1.56000000e+02
1.69026745e+01	2022-05-17T19:30:59.569750	860	1.62000000e+02
1.69240522e+01	2022-05-17T19:30:59.600997	861	1.61000000e+02
1.69290555e+01	2022-05-17T19:30:59.600997	862	1.57000000e+02
1.69409076e+01	2022-05-17T19:30:59.617008	863	1.60000000e+02
1.69494676e+01	2022-05-17T19:30:59.617008	864	1.69000000e+02
1.69726459e+01	2022-05-17T19:30:59.647891	865	1.56000000e+02
1.69963000e+01	2022-05-17T19:30:59.670065	866	1.63000000e+02
1.70065597e+01	2022-05-17T19:30:59.670065	867	1.58000000e+02
1.70149304e+01	2022-05-17T19:30:59.686094	868	1.64000000e+02
1.70389712e+01	2022-05-17T19:30:59.716958	869	1.67000000e+02
1.70482483e+01	2022-05-17T19:30:59.716958	870	1.57000000e+02
1.70648544e+01	2022-05-17T19:30:59.732592	871	1.52000000e+02
1.70675000e+01	2022-05-17T19:30:59.732592	872	1.67000000e+02
1.70761678e+01	2022-05-17T19:30:59.748617	873	1.65000000e+02
1.70848414e+01	2022-05-17T19:30:59.748617	874	1.57000000e+02
1.71078681e+01	2022-05-17T19:30:59.785782	875	1.57000000e+02
1.71247607e+01	2022-05-17T19:30:59.801375	876	1.57000000e+02
1.71290517e+01	2022-05-17T19:30:59.801375	877	1.57000000e+02
1.71375914e+01	2022-05-17T19:30:59.801375	878	1.60000000e+02
1.71459605e+01	2022-05-17T19:30:59.817438	879	1.57000000e+02
1.71705238e+01	2022-05-17T19:30:59.848236	880	1.59000000e+02
1.71933362e+01	2022-05-17T19:30:59.870445	881	1.58000000e+02
1.71990444e+01	2022-05-17T19:30:59.870445	882	1.28000000e+02
1.72073478e+01	2022-05-17T19:30:59.870445	883	1.57000000e+02
1.72190638e+01	2022-05-17T19:30:59.886452	884	1.59000000e+02
1.72426519e+01	2022-05-17T19:30:59.917355	885	1.56000000e+02
1.72590393e+01	2022-05-17T19:30:59.932973	886	1.59000000e+02
1.72685414e+01	2022-05-17T19:30:59.932973	887	1.66000000e+02
1.72768281e+01	2022-05-17T19:30:59.949027	888	1.57000000e+02
1.72865039e+01	2022-05-17T19:30:59.964231	889	1.59000000e+02
1.73026657e+01	2022-05-17T19:30:59.970805	890	1.61000000e+02
1.73200697e+01	2022-05-17T19:30:59.986469	891	1.56000000e+02
1.73338538e+01	2022-05-17T19:31:00.002093	892	1.99000000e+02
1.73423296e+01	2022-05-17T19:31:00.018247	893	1.56000000e+02
1.73510683e+01	2022-05-17T19:31:00.018247	894	1.36000000e+02
1.73719175e+01	2022-05-17T19:31:00.048955	895	1.57000000e+02
1.73894267e+01	2022-05-17T19:31:00.064611	896	1.59000000e+02
1.73997416e+01	2022-05-17T19:31:00.071159	897	1.57000000e+02
1.74080704e+01	2022-05-17T19:31:00.071159	898	1.64000000e+02
1.74203554e+01	2022-05-17T19:31:00.087224	899	1.44000000e+02
1.74411921e+01	2022-05-17T19:31:00.118063	900	1.57000000e+02
1.74641460e+01	2022-05-17T19:31:00.133723	901	1.56000000e+02
1.74731377e+01	2022-05-17T19:31:00.149792	902	1.57000000e+02
1.74818336e+01	2022-05-17T19:31:00.149792	903	1.57000000e+02
1.75026719e+01	2022-05-17T19:31:00.171379	904	1.67000000e+02
1.75251448e+01	2022-05-17T19:31:00.202672	905	1.58000000e+02
1.75308240e+01	2022-05-17T19:31:00.202672	906	1.97000000e+02
1.75389861e+01	2022-05-17T19:31:00.202672	907	1.58000000e+02
1.75473658e+01	2022-05-17T19:31:00.218678	908	1.71000000e+02
1.75739501e+01	2022-05-17T19:31:00.249526	909	1.56000000e+02
1.75977919e+01	2022-05-17T19:31:00.271686	910	1.57000000e+02
1.75997311e+01	2022-05-17T19:31:00.271686	911	1.57000000e+02
1.76087656e+01	2022-05-17T19:31:00.271686	912	1.36000000e+02
1.76220431e+01	2022-05-17T19:31:00.287310	913	1.58000000e+02
1.76417399e+01	2022-05-17T19:31:00.319753	914	1.57000000e+02
1.76647939e+01	2022-05-17T19:31:00.335390	915	1.59000000e+02
1.76698324e+01	2022-05-17T19:31:00.335390	916	1.56000000e+02
1.76786667e+01	2022-05-17T19:31:00.351533	917	1.58000000e+02
1.77044465e+01	2022-05-17T19:31:00.372069	918	1.28000000e+02
1.77263711e+01	2022-05-17T19:31:00.403362	919	1.57000000e+02
1.77311176e+01	2022-05-17T19:31:00.403362	920	1.61000000e+02
1.77397793e+01	2022-05-17T19:31:00.403362	921	1.61000000e+02
1.77525632e+01	2022-05-17T19:31:00.419368	922	1.57000000e+02
1.77737025e+01	2022-05-17T19:31:00.450179	923	1.87000000e+02
1.77975983e+01	2022-05-17T19:31:00.472421	924	1.59000000e+02
1.78093184e+01	2022-05-17T19:31:00.472421	925	1.57000000e+02
1.78179769e+01	2022-05-17T19:31:00.489786	926	1.59000000e+02
1.78453748e+01	2022-05-17T19:31:00.521074	927	1.56000000e+02
1.78673792e+01	2022-05-17T19:31:00.536696	928	1.58000000e+02
1.78784151e+01	2022-05-17T19:31:00.552275	929	1.59000000e+02
1.78868404e+01	2022-05-17T19:31:00.552275	930	1.60000000e+02
1.79093784e+01	2022-05-17T19:31:00.572467	931	1.56000000e+02
1.79277671e+01	2022-05-17T19:31:00.603749	932	1.32000000e+02
1.79361993e+01	2022-05-17T19:31:00.603749	933	1.57000000e+02
1.79444462e+01	2022-05-17T19:31:00.619922	934	1.58000000e+02
1.79521396e+01	2022-05-17T19:31:00.619922	935	1.44000000e+02
1.79750840e+01	2022-05-17T19:31:00.650602	936	1.91000000e+02
1.79982063e+01	2022-05-17T19:31:00.672744	937	1.67000000e+02
1.80017898e+01	2022-05-17T19:31:00.672744	938	1.57000000e+02
1.80104239e+01	2022-05-17T19:31:00.688370	939	1.59000000e+02
1.80223540e+01	2022-05-17T19:31:00.688370	940	1.57000000e+02
1.80426882e+01	2022-05-17T19:31:00.719641	941	1.56000000e+02
1.80660422e+01	2022-05-17T19:31:00.735275	942	1.57000000e+02
1.80757849e+01	2022-05-17T19:31:00.751365	943	1.57000000e+02
1.80871559e+01	2022-05-17T19:31:00.751365	944	1.61000000e+02
1.81046187e+01	2022-05-17T19:31:00.772953	945	1.57000000e+02
1.81269941e+01	2022-05-17T19:31:00.804244	946	1.58000000e+02
1.81333812e+01	2022-05-17T19:31:00.804244	947	1.57000000e+02
1.81451247e+01	2022-05-17T19:31:00.820288	948	1.58000000e+02
1.81534221e+01	2022-05-17T19:31:00.820288	949	1.62000000e+02
1.81748112e+01	2022-05-17T19:31:00.851089	950	1.57000000e+02
1.81980373e+01	2022-05-17T19:31:00.873268	951	1.64000000e+02
1.82022020e+01	2022-05-17T19:31:00.873268	952	1.65000000e+02
1.82109484e+01	2022-05-17T19:31:00.888894	953	1.63000000e+02
1.82229573e+01	2022-05-17T19:31:00.888894	954	1.58000000e+02
1.82615225e+01	2022-05-17T19:31:00.935803	955	1.28000000e+02
1.82698571e+01	2022-05-17T19:31:00.935803	956	1.65000000e+02
1.82803619e+01	2022-05-17T19:31:00.951492	957	1.58000000e+02
1.83056341e+01	2022-05-17T19:31:00.973484	958	1.61000000e+02
1.83240774e+01	2022-05-17T19:31:00.989156	959	1.61000000e+02
1.83392415e+01	2022-05-17T19:31:01.005222	960	1.56000000e+02
1.83499743e+01	2022-05-17T19:31:01.020855	961	1.57000000e+02
1.83583787e+01	2022-05-17T19:31:01.036012	962	1.61000000e+02
1.83776051e+01	2022-05-17T19:31:01.051620	963	1.56000000e+02
1.83955687e+01	2022-05-17T19:31:01.073798	964	1.58000000e+02
1.84071861e+01	2022-05-17T19:31:01.073798	965	1.59000000e+02
1.84296309e+01	2022-05-17T19:31:01.105071	966	1.59000000e+02
1.84556629e+01	2022-05-17T19:31:01.120702	967	1.57000000e+02
1.84601708e+01	2022-05-17T19:31:01.136734	968	1.57000000e+02
1.84684927e+01	2022-05-17T19:31:01.136734	969	1.99000000e+02
1.84924236e+01	2022-05-17T19:31:01.167568	970	1.57000000e+02
1.85009111e+01	2022-05-17T19:31:01.174096	971	1.58000000e+02
1.85182934e+01	2022-05-17T19:31:01.189761	972	1.59000000e+02
1.85300271e+01	2022-05-17T19:31:01.205835	973	1.57000000e+02
1.85384486e+01	2022-05-17T19:31:01.205835	974	1.44000000e+02
1.85609556e+01	2022-05-17T19:31:01.236610	975	1.56000000e+02
1.85861558e+01	2022-05-17T19:31:01.252243	976	1.62000000e+02
1.85917686e+01	2022-05-17T19:31:01.268316	977	1.57000000e+02
1.86035827e+01	2022-05-17T19:31:01.274886	978	1.57000000e+02
1.86120328e+01	2022-05-17T19:31:01.274886	979	1.57000000e+02
1.86300642e+01	2022-05-17T19:31:01.306739	980	1.75000000e+02
1.86487225e+01	2022-05-17T19:31:01.322402	981	1.57000000e+02
1.86567445e+01	2022-05-17T19:31:01.322402	982	1.63000000e+02
1.86653531e+01	2022-05-17T19:31:01.338512	983	1.99000000e+02
1.86778960e+01	2022-05-17T19:31:01.354131	984	1.56000000e+02
1.86898825e+01	2022-05-17T19:31:01.354131	985	1.58000000e+02
1.86982589e+01	2022-05-17T19:31:01.375166	986	1.57000000e+02
1.87107751e+01	2022-05-17T19:31:01.375166	987	1.57000000e+02
1.87324974e+01	2022-05-17T19:31:01.406438	988	1.65000000e+02
1.87546265e+01	2022-05-17T19:31:01.422074	989	1.57000000e+02
1.87636285e+01	2022-05-17T19:31:01.438246	990	1.57000000e+02
1.87718709e+01	2022-05-17T19:31:01.438246	991	1.65000000e+02
1.87944061e+01	2022-05-17T19:31:01.468926	992	1.63000000e+02
1.88198457e+01	2022-05-17T19:31:01.491717	993	1.58000000e+02
1.88293217e+01	2022-05-17T19:31:01.507347	994	1.75000000e+02
1.88415193e+01	2022-05-17T19:31:01.507347	995	1.59000000e+02
1.88644168e+01	2022-05-17T19:31:01.538620	996	1.60000000e+02
1.88869403e+01	2022-05-17T19:31:01.554246	997	1.67000000e+02
1.88994043e+01	2022-05-17T19:31:01.575632	998	1.57000000e+02
1.89104900e+01	2022-05-17T19:31:01.575632	999	1.60000000e+02
1.89339925e+01	2022-05-17T19:31:01.606907	1000	1.44000000e+02